442 3810
253 51
133 377
359 131
335 413
425 378
87 174
345 78
320 404
373 255
431 112
239 185
281 186
424 192
43 47
435 366
113 239
293 9
166 21
263 368
87 45
264 161
264 290
231 3
193 368
357 101
401 341
103 233
246 43
275 434
370 25
187 221
38 334
360 290
45 44
402 135
212 87
62 164
293 24
234 356
350 182
216 240
166 372
405 311
114 410
394 310
396 326
341 342
188 179
305 215
188 337
338 106
386 61
143 39
407 142
154 131
259 389
303 349
201 119
222 353
123 360
186 385
285 3
114 393
404 315
427 200
228 416
145 59
346 178
320 13
26 337
206 18
414 216
246 388
146 256
306 196
42 351
176 320
263 237
165 193
294 53
192 414
337 146
369 26
265 201
314 377
150 10
154 82
32 76
434 115
117 160
34 312
364 244
282 404
47 432
385 210
131 63
46 165
382 139
109 361
245 130
56 246
120 69
288 418
379 288
327 259
32 71
176 25
378 268
306 261
268 181
223 203
178 393
147 324
116 362
271 55
417 44
149 273
36 48
404 284
214 343
80 175
409 382
288 104
117 34
395 62
186 228
17 327
244 148
154 105
126 7
66 245
119 23
289 261
348 258
141 365
255 315
215 3
207 359
153 304
276 79
376 90
284 170
278 130
377 13
243 66
221 196
92 345
46 211
93 251
339 373
352 30
110 297
159 159
216 37
337 155
356 192
143 141
59 81
439 179
388 112
88 300
68 203
14 46
40 309
413 187
20 310
325 432
322 285
410 11
372 308
63 108
309 307
160 103
102 365
100 80
172 228
332 344
96 346
216 167
341 150
346 63
72 221
35 229
414 256
180 387
9 435
121 137
71 17
345 21
350 309
126 97
135 138
346 178
265 83
40 130
71 243
59 295
88 415
325 6
435 42
251 412
192 109
188 433
176 312
45 150
174 387
350 102
442 150
42 120
90 119
173 151
136 368
309 203
199 350
88 338
398 162
176 263
49 86
344 350
82 266
361 362
174 215
231 190
119 106
295 56
324 396
125 201
270 114
5 118
204 323
88 430
80 171
400 331
154 196
394 266
246 33
368 205
229 277
100 286
393 38
290 181
335 185
303 7
168 277
144 18
178 411
85 79
224 204
165 353
360 93
22 268
302 408
437 436
269 165
188 375
64 48
422 58
400 113
302 133
266 173
361 166
50 139
89 40
325 4
123 212
288 336
10 154
295 157
135 324
396 323
356 397
359 238
274 237
423 33
144 249
349 236
375 330
412 2
349 254
300 356
196 246
413 415
289 112
174 250
80 267
232 184
357 367
206 181
129 383
375 245
299 389
320 315
312 39
289 48
290 355
207 58
412 307
125 80
289 429
12 56
207 405
267 422
326 197
21 269
64 325
182 345
357 339
229 43
422 164
394 312
420 414
135 401
370 154
187 393
345 215
117 250
116 374
110 136
391 397
41 378
372 277
429 249
396 418
36 4
162 143
332 401
126 352
286 406
109 267
277 99
95 59
162 121
300 414
50 360
213 328
302 321
72 243
407 225
74 324
260 311
316 23
310 2
28 359
62 153
172 383
158 400
142 300
421 364
290 63
366 25
402 129
86 252
404 180
364 66
183 119
200 38
359 76
267 353
203 247
65 54
373 199
124 441
111 326
59 144
320 101
31 409
236 277
8 100
376 197
386 59
21 381
373 41
208 139
13 349
190 42
375 423
328 335
415 245
43 355
246 284
223 90
20 249
431 183
50 86
27 347
424 359
380 285
249 184
309 60
309 125
234 318
210 284
91 33
1 281
397 190
346 118
306 187
349 24
126 290
242 409
185 211
89 38
377 167
165 125
182 227
74 419
35 104
146 217
197 193
67 225
84 176
394 48
263 433
402 378
268 91
204 399
262 346
138 231
332 224
416 197
362 70
252 255
303 247
337 110
334 60
150 317
384 199
295 274
227 149
187 269
169 89
193 36
393 46
324 434
57 196
244 181
157 379
116 377
17 12
65 412
312 42
160 257
262 164
273 179
347 163
326 344
109 103
437 421
195 207
383 326
59 229
231 283
306 90
331 439
39 323
56 404
15 28
2 346
205 338
305 147
24 315
192 122
418 118
102 324
324 421
111 55
388 95
21 297
167 150
5 95
162 210
322 406
264 170
432 55
113 353
427 146
434 205
114 311
225 162
401 250
426 36
216 317
184 164
153 40
15 20
336 198
226 416
276 175
428 369
158 191
43 46
83 73
13 340
68 190
303 284
355 410
74 399
52 422
148 115
33 230
13 401
191 310
196 45
21 29
211 323
202 412
56 228
408 295
156 389
181 291
332 126
406 105
407 235
210 409
2 35
339 77
289 142
122 271
186 201
240 421
226 316
10 73
415 440
401 216
377 203
393 73
398 170
311 302
42 365
68 129
207 39
309 18
324 148
425 14
235 103
363 322
229 30
6 27
374 252
54 187
211 357
377 54
370 188
410 134
188 111
79 166
439 31
411 69
133 88
329 326
70 136
130 107
15 7
114 288
174 315
48 431
185 56
267 84
393 336
286 341
428 90
285 233
426 157
434 134
299 143
261 238
50 228
162 40
341 260
157 353
341 257
40 313
270 293
434 229
350 367
184 53
243 214
156 367
368 175
313 15
351 356
109 250
22 223
201 75
241 150
120 33
40 49
198 384
47 261
107 59
320 422
302 326
51 182
354 63
91 119
345 196
66 147
180 303
65 189
412 323
387 111
134 59
12 410
63 193
37 252
121 11
54 397
194 87
421 104
314 390
235 263
182 427
292 258
26 196
71 153
253 350
125 357
192 110
126 351
327 362
11 266
409 72
47 382
59 48
359 62
385 316
123 108
330 302
224 104
205 395
35 270
439 397
151 399
145 390
267 344
203 429
285 106
47 236
141 12
419 401
62 61
237 93
289 258
276 176
315 432
95 324
302 192
84 244
413 124
367 93
161 149
312 309
197 254
434 345
193 286
368 276
97 279
51 423
397 310
161 365
311 3
397 246
356 386
195 212
413 253
123 59
91 108
374 343
26 119
269 420
410 193
424 309
60 339
210 108
318 239
113 403
170 250
88 261
370 224
166 314
408 285
140 332
211 346
420 120
90 411
87 21
43 182
75 202
315 175
23 213
21 188
53 67
163 408
327 258
194 201
328 148
365 276
95 84
287 437
13 347
1 374
66 337
196 423
192 77
242 31
193 17
115 187
231 97
103 247
86 95
304 368
177 107
96 321
206 351
237 51
309 335
145 303
268 287
225 20
223 125
419 26
287 75
167 18
358 436
328 186
387 51
173 400
65 291
15 10
70 243
21 265
332 60
3 196
272 118
293 194
370 88
308 163
273 430
36 429
312 236
88 224
192 356
175 387
415 268
437 309
333 166
13 38
384 327
22 437
318 141
336 274
154 22
281 409
13 329
292 279
102 170
369 85
50 320
253 431
362 145
166 223
232 439
319 256
56 414
395 25
433 7
95 177
139 169
319 123
320 35
119 216
198 441
98 25
227 182
340 118
218 79
349 130
9 15
100 107
270 90
214 300
346 57
48 175
438 389
389 286
150 332
116 87
355 317
281 320
282 6
298 190
204 117
14 374
218 7
398 342
336 161
28 280
36 315
266 62
322 432
43 264
23 159
204 195
99 245
296 45
235 136
439 59
313 193
370 94
25 281
317 306
221 82
262 379
234 272
94 92
60 158
112 172
285 270
380 301
378 150
410 34
18 267
53 312
140 19
192 152
420 27
193 287
370 38
263 240
117 189
105 100
76 326
66 281
111 390
113 241
201 261
274 257
98 133
156 210
299 138
126 214
138 304
194 29
19 336
9 222
172 356
142 218
331 368
107 208
89 305
238 124
412 230
202 213
260 382
433 282
20 110
208 430
155 433
17 361
243 82
345 213
23 250
416 238
350 294
286 368
23 337
79 115
325 435
124 176
210 220
82 58
305 19
439 222
184 251
40 109
38 237
388 425
362 93
352 429
430 217
24 43
423 283
186 145
293 421
382 93
140 183
412 6
397 228
191 14
117 157
67 301
156 427
67 117
357 345
91 397
427 83
44 401
151 238
227 160
208 292
157 239
160 146
422 154
367 97
30 146
217 274
280 55
144 165
130 432
150 35
431 15
407 400
249 184
348 103
76 395
279 439
39 113
55 5
417 10
155 423
414 313
191 179
158 357
367 260
56 92
434 35
58 7
159 259
229 415
266 211
385 166
112 81
358 240
363 435
396 215
395 330
110 1
156 248
26 158
327 129
382 238
302 257
57 279
57 109
216 47
121 47
63 386
12 328
248 435
72 422
271 319
26 366
423 57
282 276
429 201
180 358
26 366
61 132
79 222
129 49
324 409
160 174
50 327
104 430
405 31
54 339
25 186
127 22
442 279
77 186
278 133
108 372
271 252
294 188
369 373
275 112
96 144
269 142
415 199
87 415
354 387
93 390
421 314
120 143
221 399
37 379
412 92
319 263
236 403
87 308
442 31
360 85
315 163
37 352
96 179
289 430
294 42
351 18
302 112
30 337
92 277
197 265
134 86
103 358
36 308
68 359
236 322
23 401
272 398
4 251
40 313
346 162
135 279
439 163
100 49
20 306
418 234
53 165
219 16
406 282
178 86
370 294
303 12
203 10
354 339
171 169
308 173
409 32
366 221
324 282
333 116
208 13
378 75
387 6
33 298
237 206
103 185
291 145
351 293
270 216
199 254
231 331
42 81
293 108
217 99
65 244
36 117
84 96
374 436
105 192
220 211
95 269
242 345
420 214
38 98
369 358
163 211
260 358
285 227
150 389
278 235
183 420
211 417
382 260
349 159
336 430
346 415
347 151
350 409
78 117
37 110
442 418
428 310
131 212
376 118
226 348
283 218
84 90
426 248
125 201
57 336
349 348
166 252
157 77
274 237
81 342
351 156
191 228
72 202
88 149
284 434
375 430
170 25
384 149
73 250
354 351
230 106
201 141
259 317
420 171
411 398
197 254
42 173
17 282
196 241
415 251
214 215
51 152
425 350
169 156
239 248
108 67
1 418
329 294
245 52
69 50
75 95
6 261
286 342
41 384
259 54
279 343
228 112
72 254
316 424
416 376
93 40
163 305
313 392
354 427
264 188
353 355
294 12
161 314
231 75
387 431
223 25
21 399
418 332
417 192
249 324
401 89
249 243
199 346
161 146
252 204
236 422
178 396
328 94
49 334
328 433
51 388
301 54
340 265
278 88
64 108
296 147
15 49
96 90
288 102
325 330
270 55
330 202
263 196
417 125
53 169
406 387
397 349
124 136
240 155
218 341
145 429
373 189
244 239
280 62
8 135
146 150
141 254
271 195
435 96
86 135
143 289
227 126
202 72
421 163
346 158
161 281
77 193
216 300
238 417
439 154
108 319
47 300
438 148
105 207
96 204
84 309
60 213
248 205
43 333
201 85
375 33
331 422
325 199
234 120
121 136
87 335
165 196
433 374
332 118
146 287
247 355
69 310
340 424
412 418
86 362
355 282
175 156
101 123
237 119
406 308
310 315
217 320
121 431
221 272
283 180
392 315
401 391
261 285
330 21
132 423
201 324
93 248
274 367
397 43
172 126
345 158
167 297
78 423
332 364
164 299
102 356
206 347
256 372
258 135
179 280
100 356
425 235
110 194
98 365
75 185
114 11
90 311
283 235
77 25
420 40
366 209
233 104
379 188
316 226
169 141
266 73
119 85
108 308
407 256
280 410
427 241
78 185
9 276
405 130
52 245
375 145
230 190
424 266
41 318
111 174
216 77
328 263
82 372
10 402
200 20
346 182
411 244
295 204
228 9
155 281
412 237
262 264
177 269
123 377
235 141
139 86
25 179
256 313
24 330
306 109
226 350
108 126
386 370
245 11
51 108
350 88
415 35
361 386
122 430
123 243
412 270
241 224
391 332
189 250
54 170
254 179
368 221
379 425
275 127
133 64
79 375
165 119
148 385
47 29
411 408
36 17
141 299
92 370
129 215
65 51
39 159
124 316
328 45
285 89
118 249
193 284
318 41
161 356
228 344
421 351
289 240
414 31
48 433
392 301
177 39
248 327
21 142
422 285
347 377
234 184
203 74
204 269
199 159
161 176
393 388
218 215
53 4
240 195
32 30
236 439
391 104
37 43
213 271
58 316
70 46
139 178
289 287
172 73
176 136
106 336
4 427
192 345
307 284
423 89
357 389
153 185
270 376
442 371
114 306
7 143
243 24
60 367
191 321
51 313
138 200
428 184
73 217
42 79
292 64
414 423
205 321
235 377
161 107
191 204
1 378
353 366
68 224
328 129
162 21
332 51
212 184
45 286
172 397
184 124
403 132
183 206
432 401
118 61
58 248
161 397
203 412
181 249
228 284
362 102
376 196
164 359
212 406
46 110
402 400
280 118
372 150
19 280
35 35
122 20
339 325
222 291
165 438
331 301
128 114
427 340
350 350
207 287
144 54
95 413
2 151
144 118
353 176
56 329
289 281
234 214
400 30
89 145
387 156
54 437
339 428
18 57
115 405
269 410
310 95
48 16
428 314
228 29
164 306
35 285
425 242
272 124
182 196
78 47
26 147
71 140
83 71
173 69
94 394
241 159
134 141
89 273
6 23
368 25
59 342
121 240
57 417
371 441
127 147
392 428
5 15
10 97
143 128
180 393
397 208
407 154
119 54
356 289
95 406
12 268
154 395
358 51
350 195
63 376
238 356
320 41
437 205
323 291
183 232
153 279
179 432
318 2
350 435
350 403
18 238
9 240
118 314
357 307
313 299
234 46
265 79
209 359
199 104
383 341
397 232
36 64
389 432
291 21
74 321
165 312
18 46
336 35
13 222
287 262
221 263
183 137
30 246
171 265
25 413
234 197
414 315
388 260
272 86
98 48
269 374
267 274
124 19
116 7
102 240
94 436
46 178
246 313
132 329
235 124
397 370
181 28
112 205
388 10
417 372
41 244
148 32
71 165
202 154
130 100
182 78
224 250
438 442
347 228
431 139
98 55
408 33
292 65
49 27
195 175
200 155
295 180
257 130
159 83
140 186
321 190
60 234
157 309
12 22
314 116
133 182
330 314
332 410
343 94
381 219
234 156
162 230
381 295
253 272
154 33
220 31
202 170
50 81
313 18
72 418
153 276
318 427
429 389
50 35
296 364
338 431
109 404
58 98
56 64
42 343
50 272
403 213
136 295
294 206
431 299
66 41
129 393
94 218
221 234
276 270
382 439
164 64
272 145
270 195
218 396
385 146
383 166
292 19
217 283
41 249
255 294
263 231
165 171
327 263
42 430
314 431
118 368
55 313
427 365
425 159
206 361
147 118
406 95
249 172
211 380
170 286
271 236
1 236
252 280
268 72
378 117
7 374
92 199
284 276
419 325
24 313
187 403
238 101
71 421
380 161
282 197
388 12
221 216
80 147
383 107
260 364
225 232
333 130
228 356
246 337
216 62
166 357
17 2
240 165
245 209
28 64
339 182
237 63
394 385
386 388
372 276
105 164
346 325
334 150
74 249
35 251
106 249
321 275
365 140
435 94
43 272
306 215
122 342
388 225
277 350
407 26
295 329
152 1
270 419
163 162
28 76
55 145
435 417
418 185
281 152
186 265
201 131
385 435
299 221
370 209
238 161
383 261
173 157
404 72
226 140
90 132
428 151
40 288
158 307
167 177
155 126
385 406
339 196
332 178
315 9
292 61
31 227
113 393
299 378
147 415
171 175
426 426
78 241
312 277
207 70
111 75
22 190
24 394
272 116
188 93
382 200
379 90
150 399
25 24
114 326
59 36
429 321
181 39
119 346
43 240
12 394
225 97
229 190
130 288
342 143
57 76
70 224
168 30
338 25
208 372
227 336
322 215
55 146
18 50
22 385
405 15
268 283
168 416
300 79
245 295
201 226
366 67
431 321
389 430
237 83
264 125
328 417
287 313
62 351
426 105
136 316
98 123
155 50
87 362
148 117
176 97
125 238
297 435
314 93
363 425
328 35
12 402
157 303
109 192
76 105
70 334
316 272
422 132
37 55
84 323
120 83
70 394
345 56
332 34
301 397
390 271
128 184
239 232
14 108
132 127
308 350
216 2
371 272
321 240
69 153
289 78
123 232
47 100
233 245
393 411
246 318
263 427
376 168
46 300
70 81
423 306
287 326
311 349
441 85
190 10
369 258
307 173
46 259
35 8
333 235
73 97
351 150
185 347
262 131
322 369
169 183
204 89
170 10
124 127
294 259
214 187
22 51
109 32
127 176
321 296
324 276
235 126
301 333
359 439
119 410
72 405
259 197
133 224
388 116
177 433
283 79
47 368
167 416
140 284
302 164
1 278
64 210
170 276
436 244
367 223
439 152
256 92
42 221
339 83
303 172
15 366
76 137
33 179
433 272
339 315
383 77
7 45
102 43
236 371
303 92
366 161
415 341
209 77
382 213
317 259
389 126
269 29
123 232
207 26
317 230
81 50
387 293
371 61
218 144
89 340
84 263
77 310
22 10
286 172
242 191
43 371
308 332
195 215
282 250
437 107
307 196
337 113
405 21
35 71
62 441
293 13
123 112
256 334
50 406
144 368
416 10
129 133
380 333
360 295
105 140
357 194
313 416
279 376
342 107
301 307
281 281
141 15
283 132
218 36
14 383
365 343
256 241
405 338
312 386
219 405
199 340
33 435
381 198
140 206
301 240
207 366
408 404
283 233
178 69
261 173
327 326
139 433
202 326
315 399
134 7
442 362
329 56
361 313
259 45
386 334
217 389
171 248
206 151
385 325
231 302
171 44
38 328
440 436
301 61
170 308
390 116
386 360
440 407
87 324
105 164
276 2
74 131
70 103
1 147
51 405
153 28
103 131
4 394
200 410
84 160
10 282
306 165
42 157
210 332
161 415
393 52
114 386
412 190
84 404
57 48
48 87
309 323
104 88
61 141
203 169
56 38
52 338
201 273
278 20
133 119
301 385
419 212
245 332
246 88
262 48
359 140
365 442
264 302
39 71
278 63
267 99
63 107
109 326
223 136
138 108
158 350
221 172
306 391
291 234
368 323
49 328
94 357
426 425
382 370
111 81
419 64
356 34
91 249
68 307
204 354
341 205
398 162
70 108
63 14
309 210
165 273
391 173
236 278
88 379
236 20
322 203
250 299
294 170
103 217
355 7
413 417
274 133
422 89
12 259
167 367
87 355
310 29
332 333
19 284
305 85
225 239
53 243
304 18
407 108
177 17
386 363
189 379
229 305
238 113
270 114
395 311
139 30
115 116
306 176
155 147
270 213
351 187
241 302
376 223
246 141
314 88
110 16
209 114
409 77
112 437
157 192
428 102
435 168
77 160
267 16
218 294
53 433
182 97
441 127
359 169
291 64
268 326
49 15
113 102
164 331
84 30
19 224
433 436
301 188
413 230
399 217
137 21
190 343
340 420
356 88
238 427
143 160
186 31
61 16
392 236
83 28
42 219
255 257
191 307
26 210
365 304
394 414
412 114
131 389
150 15
161 206
197 283
74 375
121 374
106 74
416 160
216 225
107 146
309 350
232 95
270 54
411 37
97 284
180 56
330 120
154 291
133 251
139 257
228 39
168 282
267 427
260 108
9 122
209 41
308 353
16 251
36 96
345 196
398 148
153 268
234 347
200 292
439 348
212 201
410 15
265 152
24 350
66 210
88 115
125 109
288 303
249 245
80 105
299 326
61 233
162 23
156 150
236 86
106 189
192 412
265 250
6 430
399 325
219 131
180 428
181 146
218 229
39 257
190 423
376 304
361 376
211 38
249 289
186 427
34 321
408 228
256 36
266 414
125 261
153 362
59 421
338 74
418 227
94 14
291 378
41 440
272 186
86 126
139 305
405 205
119 216
214 167
89 101
30 440
299 354
63 193
291 188
225 57
36 36
429 171
93 149
289 211
65 202
89 326
264 51
213 434
275 201
375 393
55 91
252 290
186 133
215 378
312 177
328 77
29 29
207 200
97 356
418 349
43 396
9 130
429 146
3 200
199 68
142 206
280 402
262 147
236 331
343 93
131 214
177 197
102 431
293 265
411 205
112 393
271 414
191 369
192 169
337 57
416 77
126 215
244 232
81 20
388 247
227 393
34 52
141 87
49 325
296 348
1 238
319 343
79 402
347 389
54 149
42 133
152 241
44 142
221 371
37 437
320 253
114 3
361 359
334 189
398 430
271 164
347 181
418 131
56 325
397 273
389 210
100 63
116 56
418 204
203 51
127 295
244 326
224 268
408 217
343 225
67 401
333 302
248 31
262 409
72 109
221 29
28 441
9 358
295 274
194 80
383 132
6 187
77 426
375 351
16 263
417 166
96 69
428 220
247 118
417 223
291 312
56 68
441 173
280 258
138 166
164 251
204 251
171 404
333 416
115 403
8 137
324 81
295 56
203 375
406 8
288 241
89 88
323 264
360 164
425 385
168 17
433 110
237 302
3 164
44 19
18 92
335 379
411 35
76 273
374 225
137 431
8 345
146 198
172 345
290 2
63 250
349 404
216 348
319 344
8 100
9 325
165 347
267 198
309 264
230 438
415 325
237 380
123 323
292 125
37 409
132 77
70 410
301 261
377 64
382 321
57 88
76 259
208 270
371 37
397 40
163 330
385 360
72 284
431 362
87 402
437 378
67 303
10 401
101 74
416 50
441 428
44 148
365 240
51 226
229 414
381 312
425 72
97 385
40 266
347 248
109 41
183 38
198 127
346 352
98 390
82 327
169 429
167 314
90 362
322 262
408 161
190 251
242 155
281 320
192 100
415 369
176 109
92 366
385 123
295 128
28 298
15 321
5 273
427 160
177 310
429 292
130 56
152 278
211 316
140 393
182 102
9 387
28 118
21 394
48 55
334 331
315 336
326 390
69 30
351 104
76 127
10 76
374 285
212 263
381 53
133 295
182 190
314 305
4 233
427 21
275 113
211 55
155 362
174 171
105 330
431 340
158 208
294 390
298 313
264 320
439 177
165 111
38 226
121 353
339 249
118 436
341 341
253 323
413 319
410 350
223 275
422 191
313 175
259 226
394 279
145 372
5 325
41 146
55 329
442 297
425 65
234 153
73 86
418 215
241 312
105 18
181 373
400 272
91 138
142 50
355 225
114 188
221 68
200 123
57 315
162 259
395 302
404 320
112 207
422 376
221 24
189 5
160 30
316 22
302 342
238 32
76 266
30 343
206 395
206 358
406 81
361 242
410 401
49 144
153 358
107 114
329 165
147 374
177 226
119 172
397 391
284 281
339 306
359 107
332 122
205 140
60 125
278 71
29 348
141 83
20 322
372 141
393 47
78 59
144 390
230 182
169 439
233 87
83 140
38 159
130 356
1 366
301 253
84 48
208 399
247 127
278 298
189 29
4 340
372 391
21 373
131 31
268 151
47 370
108 245
95 299
154 349
435 375
123 186
141 15
344 425
59 52
44 33
395 84
285 148
322 399
227 263
59 420
33 204
283 7
289 199
311 199
361 204
39 289
170 349
278 235
189 158
253 315
6 337
157 309
241 29
308 290
356 23
141 119
367 111
430 123
43 277
340 15
170 291
275 372
168 313
255 323
103 65
294 178
121 442
214 231
208 114
218 413
61 325
328 394
179 243
192 249
40 208
250 27
129 164
78 231
120 285
266 132
29 160
37 110
350 2
173 131
14 306
204 437
270 106
187 126
159 351
130 70
30 250
152 192
260 298
394 183
438 433
165 25
283 416
23 60
150 378
113 245
330 122
121 319
435 433
33 41
14 104
25 118
121 56
18 326
409 244
317 317
201 280
21 391
70 361
176 216
342 201
105 336
328 39
10 373
100 204
76 418
9 289
234 388
92 403
156 86
108 10
423 54
328 385
167 49
326 16
303 167
209 34
53 338
184 379
81 342
128 83
253 122
260 87
254 146
14 353
22 372
81 209
309 108
171 23
46 146
370 167
39 152
63 62
283 259
8 17
163 371
312 210
307 368
53 348
126 109
360 207
230 312
365 57
304 243
428 359
356 356
221 117
435 424
135 53
259 339
394 22
27 181
177 427
432 382
259 243
402 51
59 327
376 186
83 272
268 142
331 80
365 353
350 164
136 409
424 13
92 340
81 248
66 436
306 330
361 340
352 312
111 308
294 308
208 147
208 114
196 412
129 280
357 405
57 168
238 111
333 408
267 211
380 218
58 75
167 335
308 108
291 370
360 114
93 43
387 253
267 337
344 409
241 130
39 437
320 131
125 155
282 304
43 100
416 151
363 433
147 395
197 189
249 301
287 404
155 175
392 292
323 143
57 363
254 197
34 238
384 382
61 67
27 273
408 196
385 64
112 315
125 205
311 102
275 235
82 410
381 5
38 424
99 154
10 160
126 311
429 191
435 302
325 94
391 65
330 278
415 9
439 374
318 192
101 120
69 108
367 243
165 42
386 363
119 136
370 286
364 114
3 111
315 154
17 73
37 437
365 127
71 53
400 65
156 339
397 106
279 203
243 384
345 435
145 160
61 146
161 222
311 257
193 172
291 353
350 94
95 430
95 333
126 151
150 103
55 341
18 409
54 205
437 442
164 195
286 16
120 259
239 303
5 381
27 38
40 88
113 124
12 198
127 172
323 340
410 308
6 164
360 165
375 402
230 382
302 137
208 266
22 378
93 15
302 40
401 223
309 78
331 308
256 131
235 4
251 241
23 228
235 172
292 309
246 163
361 124
270 440
105 265
150 95
280 218
417 261
377 136
119 74
217 250
139 332
400 409
128 300
410 54
260 433
334 7
281 210
202 39
158 188
86 330
49 181
431 216
310 315
115 263
236 442
285 214
421 101
395 442
322 356
377 134
301 249
272 429
6 431
196 25
364 426
170 223
37 423
160 369
293 143
181 85
141 243
402 125
145 422
116 288
285 37
295 120
352 126
48 240
182 94
390 417
96 217
193 82
409 32
399 86
58 257
324 165
170 193
288 94
262 11
352 423
45 231
91 70
287 336
192 385
332 55
193 366
221 31
257 434
55 5
352 427
252 233
102 325
116 381
199 304
407 213
267 376
65 91
421 348
398 91
230 406
198 272
63 292
201 295
72 240
279 347
408 37
276 46
403 437
347 412
300 147
67 219
413 28
431 251
39 154
146 301
332 118
299 358
210 393
15 82
16 128
69 61
257 424
244 259
160 275
28 33
329 266
177 53
376 130
5 94
192 168
309 253
246 349
361 305
123 265
52 358
305 3
33 188
377 26
176 260
165 133
79 55
207 104
387 381
133 141
274 274
260 411
27 330
353 42
412 83
195 91
60 82
404 362
137 304
267 432
315 162
268 266
67 88
199 48
305 256
41 255
375 181
372 167
110 238
310 125
432 89
168 131
421 421
366 55
409 255
420 229
387 403
283 435
209 382
159 45
27 139
123 331
431 24
260 229
34 102
333 100
264 338
135 228
245 415
136 421
26 203
185 426
207 110
231 303
165 76
400 439
243 90
427 318
94 235
154 45
183 213
277 29
131 215
113 176
334 351
71 73
414 124
243 307
368 98
253 323
140 335
276 432
241 97
336 428
92 58
242 235
262 96
53 26
345 198
372 202
289 52
155 52
304 186
156 39
47 277
186 427
386 439
240 279
299 171
26 307
319 410
244 260
417 277
344 246
244 232
163 406
437 90
396 408
152 178
150 208
33 367
224 151
309 222
208 428
84 100
226 260
150 157
396 153
70 102
67 211
111 261
184 302
393 299
210 423
22 134
89 171
293 146
385 52
282 287
205 47
62 92
415 133
360 164
379 220
349 141
308 391
150 335
272 237
70 20
390 209
173 421
53 414
321 194
265 295
417 241
259 237
302 148
252 278
287 378
73 335
429 56
266 264
31 82
434 170
427 425
117 176
163 70
161 11
181 417
160 266
41 301
305 126
103 376
300 216
407 95
25 163
65 395
60 332
390 3
55 289
12 230
350 64
397 264
118 136
16 252
318 225
143 168
92 232
395 285
167 219
285 312
349 215
68 330
22 433
355 341
417 255
185 127
284 355
372 249
149 405
89 440
439 38
204 99
336 393
332 208
74 420
234 105
40 413
333 243
250 207
296 402
154 177
213 346
170 317
2 385
46 393
123 355
19 203
375 387
268 70
8 182
107 63
435 269
333 39
83 306
427 114
186 208
422 76
236 279
164 91
428 196
372 350
358 428
245 374
96 389
66 85
257 421
356 403
366 378
34 303
232 340
31 361
331 18
384 100
303 346
47 299
303 197
267 381
42 180
158 216
177 393
427 312
168 66
219 277
438 436
289 412
326 177
416 41
205 343
381 404
121 246
227 6
409 255
394 340
31 85
348 432
429 142
266 403
309 90
88 60
179 102
235 187
234 317
260 8
328 241
217 191
251 206
285 135
56 388
126 131
213 249
263 364
344 323
440 420
27 425
294 195
205 76
116 245
259 72
216 222
371 325
312 5
427 353
184 334
187 244
120 401
149 286
122 180
441 379
89 196
317 176
434 60
285 209
178 86
427 398
130 242
372 171
434 374
277 234
253 270
128 269
419 289
207 388
373 111
66 339
47 69
298 50
218 399
432 6
337 389
85 172
143 270
324 374
230 297
90 387
284 256
279 270
35 304
197 9
295 407
137 187
51 372
346 214
97 174
116 151
307 57
336 211
48 115
108 346
132 315
230 384
307 384
280 175
147 288
342 54
171 404
141 177
253 54
200 210
429 404
353 343
77 305
268 29
107 320
223 11
227 81
114 234
161 45
323 253
186 262
295 437
433 64
75 300
120 286
115 134
240 184
207 227
276 428
16 379
67 278
130 138
318 84
142 156
372 437
117 228
47 63
245 151
209 195
439 252
128 220
242 244
400 220
101 344
155 338
260 317
230 274
361 50
399 201
113 10
333 60
49 391
23 301
364 249
394 170
15 125
57 364
174 73
405 88
54 55
361 108
241 75
75 411
203 45
111 96
380 366
49 180
387 75
14 93
422 438
388 438
282 309
264 223
93 422
75 395
81 220
299 292
52 271
128 12
4 435
322 259
192 250
266 285
294 199
160 37
169 405
247 160
378 248
361 157
149 4
80 269
5 8
167 414
318 356
398 25
61 231
263 227
20 13
378 233
386 54
250 441
311 83
148 355
100 101
324 371
69 10
75 375
240 205
389 33
330 339
206 342
94 220
314 32
339 422
29 309
81 68
211 279
195 149
340 189
146 266
442 331
114 205
319 329
206 364
171 211
269 421
238 346
50 310
247 107
321 253
366 323
25 122
350 175
439 153
422 76
75 367
283 200
301 148
316 109
175 302
28 224
218 26
267 334
86 188
46 367
221 37
234 151
255 114
89 280
402 313
388 49
24 222
83 407
309 424
117 285
365 92
51 43
30 290
96 179
342 275
150 390
7 43
201 247
31 110
269 411
397 170
101 227
199 148
314 145
249 3
85 338
142 399
257 429
329 325
49 74
309 265
23 39
87 168
52 98
143 120
63 135
129 113
359 2
401 134
48 190
271 300
315 421
117 44
381 201
163 271
356 359
238 273
47 50
252 54
419 57
252 404
176 162
239 78
233 80
39 254
381 226
405 53
139 86
42 141
356 421
421 269
377 114
19 268
291 436
300 176
246 85
325 430
28 147
115 43
10 291
255 281
392 361
262 434
318 60
210 64
379 124
54 435
150 218
61 43
8 392
399 301
278 88
91 91
154 403
182 23
371 172
417 354
49 168
413 301
29 246
245 108
228 99
104 117
299 121
92 321
56 17
356 416
181 40
216 308
26 170
355 210
240 366
341 352
353 316
91 350
145 95
155 287
82 419
143 73
130 429
107 8
183 426
210 417
150 216
175 185
230 213
291 216
326 75
414 164
428 366
370 58
275 408
210 424
255 258
421 190
205 100
27 28
135 129
207 149
293 409
213 199
150 321
222 108
442 39
54 292
153 328
420 250
244 143
412 390
82 400
210 6
75 405
114 314
411 295
59 258
10 105
28 253
102 322
352 140
393 81
184 402
2 402
93 395
421 433
385 304
343 228
176 292
151 367
285 202
362 288
243 424
154 248
145 20
148 80
340 341
38 392
221 366
121 195
244 369
266 164
407 145
345 38
154 53
354 425
412 308
173 165
187 165
105 227
343 142
393 375
89 180
294 10
58 117
240 179
334 256
90 76
165 405
76 123
148 173
311 145
281 216
294 282
183 284
110 332
147 225
309 165
243 9
365 406
331 434
187 390
414 70
321 104
365 298
274 442
285 366
386 178
174 23
199 286
138 47
14 83
185 55
25 141
81 201
322 194
310 37
361 432
254 147
201 154
171 378
305 117
152 126
104 71
246 183
442 122
52 205
37 28
131 168
237 111
403 255
123 424
34 422
42 334
149 277
370 232
300 49
431 144
422 30
222 156
310 48
423 351
258 176
33 434
421 278
45 22
104 68
250 34
244 256
201 271
14 138
216 31
362 233
99 407
238 203
73 299
1 391
399 263
350 442
4 165
216 296
363 292
55 199
364 335
416 233
77 92
264 415
321 196
356 238
118 22
214 96
124 3
77 13
4 263
221 154
192 55
291 295
108 196
305 124
13 164
375 49
243 288
113 381
132 373
233 410
9 32
238 114
421 201
18 317
247 179
146 123
112 64
250 101
371 187
293 221
1 95
242 335
148 257
81 275
73 194
319 364
40 419
313 35
27 204
350 184
328 350
13 169
188 79
419 49
116 414
384 326
3 332
267 106
56 403
380 374
118 215
161 15
209 367
408 139
236 92
196 329
323 38
213 405
95 437
402 410
144 232
14 169
325 51
301 320
242 111
220 407
181 345
419 280
333 211
313 171
202 154
199 440
384 393
158 77
290 305
130 398
239 21
226 41
145 431
21 427
246 338
288 38
19 94
313 11
377 18
406 338
424 66
270 356
442 39
291 225
128 217
178 77
428 224
257 426
242 409
185 435
388 204
117 416
401 242
177 145
70 158
430 144
31 383
277 423
45 29
88 27
139 296
276 321
250 136
279 334
181 318
68 30
384 222
107 151
378 12
11 278
88 339
67 202
11 7
389 372
342 193
158 89
383 139
291 402
68 21
392 388
175 422
245 202
362 30
206 285
114 231
356 49
395 333
195 346
23 430
317 126
55 128
358 431
97 304
84 3
301 57
414 342
127 428
28 235
136 296
370 32
64 163
319 268
250 362
146 304
148 349
262 371
15 4
410 111
140 339
422 334
349 27
