469 1579
252 228
144 269
351 154
426 455
240 294
352 168
385 21
185 101
221 304
137 348
186 358
368 243
449 143
288 160
14 230
199 290
50 135
415 1
463 251
74 140
133 90
243 374
166 194
303 278
136 379
264 141
433 275
405 46
18 460
141 382
14 109
70 33
434 35
357 97
430 173
126 47
302 252
315 306
464 435
387 341
232 47
253 29
447 59
187 300
270 467
135 234
407 43
371 262
353 52
14 91
452 340
297 33
73 163
196 329
318 323
250 176
443 413
199 365
19 63
280 113
288 380
323 103
358 63
353 77
251 391
364 351
159 5
434 469
41 302
261 206
415 234
30 318
223 62
446 239
60 88
381 428
199 72
439 107
177 422
24 182
18 333
255 357
140 393
292 77
402 464
94 113
330 43
353 351
364 111
371 2
19 223
196 325
14 98
334 124
246 357
61 211
106 63
219 71
103 436
451 229
465 444
324 103
128 332
243 407
380 31
424 261
345 418
361 17
318 431
374 105
182 379
282 369
4 347
367 197
63 148
7 326
120 234
442 153
319 414
282 17
280 231
59 399
103 153
315 230
236 25
333 419
350 282
344 240
353 332
191 267
405 283
144 33
318 400
455 253
92 435
132 351
198 32
351 310
337 288
326 239
467 372
280 176
13 228
10 70
321 410
244 292
45 446
418 79
463 77
202 364
242 126
112 259
80 376
163 369
136 370
325 221
240 337
27 76
240 293
59 147
340 100
169 191
389 218
439 8
256 276
406 262
415 78
183 448
210 361
241 198
61 284
270 142
441 58
134 304
72 285
46 353
56 60
294 311
454 119
211 156
91 463
358 226
112 450
61 190
354 311
300 121
126 135
419 435
287 9
371 421
392 145
321 425
349 31
284 244
17 64
313 291
221 83
107 290
405 107
290 303
408 356
364 205
296 261
40 408
430 464
465 58
393 314
438 177
83 232
98 90
172 117
114 207
91 165
373 151
112 220
283 424
257 185
247 177
85 205
28 286
283 425
150 465
218 354
33 39
339 328
168 257
24 463
388 103
187 171
152 379
157 79
20 151
49 227
91 97
64 60
378 146
406 361
461 27
414 42
291 233
35 62
237 258
301 147
170 333
370 187
133 85
444 441
116 163
235 97
322 450
123 97
440 124
385 396
408 97
57 317
56 382
325 102
363 218
374 280
138 53
104 383
281 346
172 126
371 52
430 196
67 160
449 396
156 267
347 123
8 180
299 420
51 234
217 231
156 280
369 150
238 120
117 452
52 88
356 277
347 46
66 103
312 412
201 41
451 268
297 254
95 280
357 162
163 271
425 317
79 295
177 244
374 23
378 78
196 285
197 239
122 392
17 190
8 265
95 429
145 160
168 261
143 261
13 78
427 309
11 139
137 383
376 331
9 197
426 417
89 389
51 59
364 227
121 113
425 62
80 46
411 21
244 330
152 292
202 242
116 468
134 253
116 371
364 417
180 365
359 365
102 426
33 328
316 90
392 387
271 335
320 402
107 3
118 462
201 179
83 456
65 114
143 384
325 226
30 147
178 462
337 250
285 293
464 247
289 448
48 456
314 446
26 185
387 151
235 58
352 384
453 291
234 3
351 363
30 455
76 370
19 76
255 331
10 448
209 363
37 53
311 65
333 413
236 259
233 84
50 123
315 12
363 208
339 117
265 102
169 108
167 11
291 129
418 141
398 155
217 299
220 281
283 140
399 360
216 356
87 2
285 372
302 311
314 108
13 34
91 303
262 389
170 206
300 193
57 458
419 180
133 279
253 349
179 399
139 91
213 411
37 91
387 205
386 441
50 195
360 129
433 341
15 377
331 156
453 82
299 244
252 459
58 6
459 249
452 437
336 381
361 120
29 438
246 371
56 20
252 150
456 154
321 253
80 330
450 7
125 74
56 145
209 234
457 444
113 294
276 203
31 109
114 13
191 450
122 256
28 15
125 357
358 262
177 61
282 102
253 246
438 339
374 220
370 402
79 221
83 244
7 293
406 177
248 396
404 367
246 427
417 73
213 350
424 443
446 456
230 78
231 260
21 82
126 143
314 438
188 295
338 255
236 324
52 328
232 36
5 101
91 310
447 285
207 327
108 269
329 43
328 19
456 81
201 29
272 43
110 346
226 436
433 145
22 249
124 416
467 29
390 96
444 160
449 372
16 58
317 230
227 24
279 40
186 21
278 144
27 62
165 80
73 361
303 267
168 323
460 259
434 220
163 249
395 94
16 235
259 21
410 198
213 441
117 99
412 446
409 66
165 397
132 294
116 196
392 61
442 23
295 13
346 426
277 316
291 126
20 223
446 338
456 328
49 252
202 226
23 99
37 151
83 371
100 20
307 116
57 132
10 352
171 59
129 399
276 293
51 380
247 155
42 173
146 308
450 30
114 270
338 256
259 412
417 131
326 426
434 127
453 10
100 373
248 340
60 383
208 244
441 427
119 421
362 308
88 66
297 306
390 120
227 274
52 422
362 304
352 458
68 201
325 365
114 69
405 48
185 353
300 436
206 111
324 449
376 398
456 41
461 145
439 245
396 230
312 201
208 278
388 129
361 185
436 178
126 216
272 126
293 78
422 289
392 305
461 259
89 64
89 209
436 153
162 441
63 272
136 264
389 97
427 413
287 8
379 266
380 32
469 166
281 203
435 243
261 464
448 378
91 106
39 23
92 430
462 389
451 10
62 36
173 248
233 156
4 254
422 140
322 366
417 338
297 111
434 143
124 383
382 299
81 367
460 60
402 24
38 293
233 301
107 383
203 208
206 461
358 148
213 340
133 322
84 135
118 23
144 285
171 332
18 290
460 34
37 120
439 310
158 59
436 286
318 365
330 305
141 465
433 195
166 71
264 435
319 107
332 338
173 192
109 399
395 334
230 421
352 64
85 151
436 5
37 87
46 201
378 45
441 407
400 44
176 117
60 331
266 31
297 92
22 19
101 85
6 408
179 242
99 341
449 172
335 228
364 406
184 334
169 176
65 116
217 441
163 265
140 433
159 124
341 140
88 420
123 304
291 125
176 301
385 321
337 177
342 118
217 156
464 89
328 244
152 59
468 182
273 282
7 244
308 406
107 384
72 282
196 134
157 62
376 181
406 136
466 221
290 324
85 462
326 72
169 283
459 320
353 206
212 298
395 83
434 105
271 451
181 11
67 403
311 334
171 56
436 335
137 80
392 268
109 428
51 13
327 15
270 463
11 168
20 148
171 418
20 104
112 436
54 365
248 70
295 7
33 169
363 394
219 7
132 214
414 234
115 203
61 39
230 231
164 347
455 250
205 298
242 302
251 72
204 187
289 98
440 109
166 112
37 399
412 229
425 293
451 335
94 286
251 296
386 55
168 253
328 157
430 26
250 230
168 403
69 36
71 469
395 117
18 291
445 283
417 408
134 226
277 193
409 134
50 352
220 206
463 304
352 218
336 307
272 378
452 2
421 366
293 257
319 438
334 232
325 399
36 260
93 71
355 157
111 37
377 193
83 164
149 33
399 154
23 131
54 106
460 13
221 193
309 209
130 262
180 341
233 193
268 148
123 414
26 237
3 367
274 420
330 332
427 469
386 248
181 34
184 142
171 396
93 303
252 376
283 319
40 432
136 339
76 56
255 208
170 417
430 455
59 329
238 46
49 257
401 245
11 336
300 241
256 201
453 170
439 377
322 287
2 330
200 310
240 284
337 87
282 7
241 128
81 106
331 236
376 334
3 304
301 236
52 5
160 56
389 466
381 220
135 257
269 411
433 203
334 275
435 26
217 23
257 65
293 270
13 80
91 373
383 273
265 50
293 336
287 67
225 8
206 162
319 408
168 141
228 143
389 28
175 186
162 41
362 357
32 313
372 354
397 211
451 166
289 439
102 335
189 55
97 229
125 414
101 445
401 362
206 73
324 175
461 443
234 55
19 381
235 354
135 180
110 398
419 273
455 181
203 412
153 265
41 211
98 86
432 25
16 110
417 299
458 331
122 46
405 463
81 351
449 440
436 22
446 314
10 453
365 375
24 369
396 135
288 409
458 222
13 356
117 250
33 343
131 253
281 437
246 368
225 238
377 296
29 98
175 136
372 252
16 12
57 84
335 426
111 15
96 199
123 49
230 265
107 79
283 159
134 254
9 325
364 307
468 186
173 345
298 278
383 50
133 375
421 174
235 279
157 401
308 218
204 159
213 289
270 378
445 153
29 210
20 127
104 153
183 54
74 324
173 464
254 171
355 409
18 127
389 183
390 412
430 464
20 74
27 305
366 184
427 113
463 238
405 198
154 397
444 328
98 207
291 109
459 455
20 360
410 181
151 388
222 12
214 424
214 419
353 226
418 342
185 30
116 387
213 62
374 230
216 240
46 255
446 195
378 387
376 248
162 353
392 167
328 16
46 204
322 38
151 170
251 67
170 320
356 187
57 27
103 267
444 235
452 450
177 219
203 335
71 170
21 116
385 412
150 51
448 56
166 3
352 24
120 381
15 288
438 346
253 274
73 358
84 156
30 78
211 381
331 437
335 428
23 50
418 149
448 392
282 16
132 249
270 144
357 46
273 198
435 257
358 357
219 379
350 459
284 61
318 278
137 358
332 376
249 377
275 421
76 155
20 18
59 69
457 349
379 390
119 397
81 38
469 137
163 108
425 103
177 145
92 324
463 462
395 10
322 46
201 319
102 168
143 170
78 183
162 65
188 421
433 65
37 9
46 393
72 402
71 399
412 325
184 365
93 283
153 364
125 266
352 174
119 119
58 172
38 68
151 257
445 195
357 2
295 448
310 42
451 405
178 390
332 87
340 422
229 259
301 97
185 224
331 45
328 463
279 73
417 17
138 104
346 293
351 184
427 238
195 186
190 64
359 326
62 337
77 125
185 184
197 156
223 31
423 434
287 325
16 311
196 147
155 366
448 152
449 25
330 428
349 244
436 142
11 124
389 436
26 183
172 15
100 287
303 33
412 164
73 49
235 166
290 32
80 57
272 86
392 52
462 238
151 90
339 125
323 459
311 42
14 351
207 331
406 385
386 358
351 401
278 79
80 205
57 399
366 435
371 136
428 394
4 147
342 200
374 290
276 92
276 25
46 311
313 235
393 348
124 293
293 415
267 311
223 387
94 138
358 465
103 453
189 434
373 218
416 363
352 457
4 460
208 284
327 334
74 154
137 333
69 251
459 157
143 378
431 119
436 53
144 213
311 58
433 415
80 113
274 275
278 467
13 276
184 106
308 307
45 363
208 379
217 361
21 415
294 300
19 280
261 465
281 104
320 113
136 367
330 1
277 373
316 152
419 277
34 56
203 70
235 360
198 182
167 131
199 288
251 439
341 110
61 207
215 245
35 292
98 194
405 112
399 273
283 326
46 188
430 360
465 465
164 302
266 201
109 322
242 159
303 407
180 92
37 345
91 147
385 21
83 98
368 384
163 274
228 340
160 120
289 389
190 76
154 178
318 248
406 77
274 53
114 357
155 73
222 218
225 24
25 347
469 318
452 27
217 324
41 4
20 352
40 264
294 394
379 382
409 224
252 450
49 11
94 382
308 242
1 277
272 110
243 13
140 84
62 468
123 12
413 320
227 463
115 383
169 46
198 83
162 301
131 439
372 133
138 141
453 326
170 443
433 406
278 112
145 398
214 106
195 48
7 84
67 347
297 66
38 261
430 463
421 9
262 365
103 246
204 61
21 403
206 393
8 298
310 83
222 420
445 345
33 289
343 323
228 325
448 69
52 106
389 321
202 41
231 327
298 469
126 147
240 166
441 67
364 359
383 207
384 344
242 136
183 175
147 444
335 336
13 233
106 422
462 96
162 126
249 394
149 131
430 233
175 18
290 35
62 370
237 387
448 419
302 302
346 365
336 287
304 190
50 366
98 314
98 231
92 30
128 167
121 317
104 370
402 453
94 379
164 401
186 444
58 439
180 209
240 186
160 240
281 314
208 184
330 82
8 400
134 352
363 379
291 81
453 350
323 104
188 76
237 183
469 174
131 426
43 14
107 151
87 48
368 251
361 325
58 196
252 340
376 354
363 9
245 315
18 114
272 142
266 120
454 355
194 248
20 399
199 135
225 62
251 288
137 202
295 173
269 458
206 307
119 414
448 237
246 241
434 80
44 389
207 114
310 444
37 326
246 205
238 173
179 420
337 384
299 387
414 359
187 256
389 460
16 25
451 286
54 5
440 428
209 404
315 84
261 389
151 280
310 228
394 196
322 23
256 71
362 455
192 139
311 131
227 428
20 130
36 23
435 70
110 159
67 464
239 251
240 339
230 308
459 123
386 171
449 46
42 261
82 235
446 126
412 298
104 135
81 104
93 65
168 197
453 89
163 76
148 133
375 305
27 133
285 349
309 352
100 15
351 397
421 209
293 230
87 446
160 375
189 119
370 450
339 172
252 313
21 96
157 10
108 228
270 466
76 233
104 321
469 17
341 173
442 217
50 111
215 132
289 115
353 410
16 263
164 57
218 13
344 340
25 308
327 297
48 121
146 261
189 456
73 187
52 27
228 398
303 408
71 10
136 311
75 117
15 105
2 145
382 302
258 436
422 172
38 38
184 220
5 360
196 29
50 76
297 77
286 304
465 215
411 291
273 407
445 373
7 103
54 157
25 208
371 337
281 350
65 451
240 278
197 385
248 374
301 420
12 171
341 268
309 121
265 392
41 6
455 4
65 323
465 280
195 380
167 189
186 238
244 49
12 397
438 364
350 65
43 272
141 240
96 97
420 132
21 8
401 162
206 373
170 211
191 150
303 208
395 382
258 154
425 200
195 111
268 1
89 193
399 142
266 35
59 211
355 413
35 225
213 144
318 175
201 156
435 77
305 469
234 306
461 213
43 273
218 401
384 278
91 140
281 339
68 345
329 175
391 380
323 277
442 52
56 50
439 422
465 247
187 279
457 269
186 313
247 226
335 441
277 99
469 429
463 141
263 34
187 427
117 227
398 239
332 101
322 425
328 20
421 215
312 419
20 73
123 300
280 106
66 390
184 319
145 409
227 404
320 25
83 279
440 344
51 116
56 406
44 110
377 338
296 67
182 208
203 367
297 404
424 171
63 277
432 166
453 258
84 469
204 122
122 96
248 138
190 408
300 67
456 289
465 273
442 349
