241 4879
84 58
134 173
105 185
61 130
83 46
126 232
85 204
156 112
87 80
100 125
18 21
225 96
116 125
6 203
22 152
33 24
122 141
180 184
206 167
220 87
52 166
5 32
87 125
211 180
170 206
152 238
181 208
102 4
167 13
205 140
156 59
37 174
45 89
90 163
107 216
89 141
9 21
183 207
111 106
232 94
204 179
85 95
165 166
176 114
214 223
109 91
214 82
94 112
201 139
7 169
89 45
47 162
184 154
139 82
207 12
5 235
30 84
83 197
7 173
154 47
149 106
96 61
45 82
28 73
164 113
171 170
54 13
95 213
91 185
2 136
51 25
23 165
136 141
186 199
206 167
201 193
233 231
154 75
155 9
196 173
222 30
167 196
175 205
90 40
137 54
125 108
189 1
195 97
70 111
173 160
197 241
98 164
194 197
156 134
113 210
234 146
182 215
97 110
227 37
101 118
20 74
190 107
195 96
112 208
167 144
134 145
239 77
68 48
18 27
212 174
61 11
127 145
138 121
21 84
131 12
187 8
131 75
22 210
21 241
55 185
207 8
112 186
190 113
183 1
63 156
29 165
153 110
130 101
216 75
75 168
175 95
9 162
163 59
141 4
222 36
145 28
84 136
128 95
137 1
139 151
17 236
126 32
176 45
186 134
3 6
36 141
164 173
87 152
178 216
16 36
158 55
179 183
18 134
189 24
98 65
50 106
196 150
234 121
231 221
75 203
29 8
28 221
119 18
216 173
96 101
38 66
208 12
237 112
167 228
124 198
133 201
56 89
129 170
50 3
119 143
130 10
46 163
209 169
201 149
200 238
16 221
12 21
71 146
89 233
11 121
131 190
116 177
147 51
91 230
241 23
28 129
88 48
139 194
112 166
240 125
33 231
234 5
185 114
230 180
133 240
66 31
80 163
36 154
135 40
33 23
194 196
134 15
234 216
105 53
63 24
200 159
228 76
45 138
176 200
130 102
89 107
133 213
40 210
32 8
153 69
191 102
165 18
208 53
143 209
97 36
148 4
106 135
143 139
192 173
85 38
41 14
212 241
106 227
35 84
16 70
182 219
155 206
48 8
113 62
224 133
127 227
6 12
34 109
88 180
221 190
22 24
179 60
40 170
150 26
176 87
5 218
153 107
121 112
215 108
7 45
28 149
8 75
71 123
39 234
103 226
208 212
105 105
234 59
168 26
221 64
211 55
119 168
160 1
173 120
55 147
201 103
213 225
20 208
18 198
220 137
29 153
1 223
50 224
15 105
74 138
215 133
103 209
69 190
159 122
19 118
159 203
12 102
80 205
85 56
131 190
18 224
178 210
83 208
45 120
46 208
122 171
39 225
206 69
114 177
163 65
161 27
42 168
29 175
221 234
153 192
99 172
230 84
138 212
218 100
75 20
163 139
110 128
108 182
155 28
78 104
14 144
114 49
5 236
214 107
117 214
206 95
178 26
191 163
240 126
86 18
219 10
111 83
185 100
117 88
44 17
45 152
70 34
152 181
134 96
27 220
184 241
53 100
38 9
159 11
68 76
182 78
28 16
116 226
134 206
206 193
133 216
35 154
61 223
38 184
142 208
65 168
128 196
116 21
150 82
44 19
97 227
219 229
132 39
240 121
187 210
190 108
230 32
7 36
107 58
135 32
116 119
36 107
231 161
62 13
120 127
82 200
163 44
33 124
40 77
166 124
202 38
216 114
211 212
50 192
28 189
130 57
10 43
5 190
70 210
105 39
91 26
172 19
72 229
96 16
114 221
209 13
168 157
47 225
97 136
174 109
131 34
91 226
202 46
146 22
197 158
136 97
74 82
8 225
122 237
216 213
192 226
200 230
176 137
205 32
51 18
223 82
61 226
169 97
168 170
6 138
183 144
157 64
14 15
7 216
196 227
96 4
44 125
129 173
37 123
119 234
120 169
223 176
214 196
72 82
69 102
28 69
29 60
123 15
226 42
25 190
87 144
224 22
91 219
224 10
77 82
230 99
115 238
89 217
5 119
197 138
147 82
125 69
167 196
22 167
65 178
148 54
203 6
105 85
167 92
228 126
126 28
174 151
21 62
46 93
198 204
128 88
230 16
52 227
236 108
23 239
104 47
131 130
222 210
8 28
128 172
46 10
236 96
65 225
209 26
205 84
4 175
205 226
107 190
222 94
191 101
124 174
9 234
238 209
189 198
204 16
82 66
24 34
95 97
107 116
127 36
199 17
24 14
9 81
136 152
169 93
44 86
70 103
41 166
149 102
230 166
43 105
96 98
65 129
229 147
192 16
236 227
115 218
5 133
64 99
27 187
183 97
182 27
233 232
234 86
167 42
96 32
142 121
62 69
15 229
232 220
211 170
181 224
155 104
127 240
61 219
237 157
171 109
10 158
68 234
45 81
109 115
80 49
148 127
39 187
128 234
111 17
54 11
40 182
76 227
201 179
241 170
95 206
153 201
89 224
7 90
62 7
239 72
33 97
80 115
104 108
114 241
123 75
86 43
213 150
104 149
92 8
133 85
136 190
59 166
53 21
194 164
187 70
163 178
181 56
133 238
75 227
3 18
124 12
34 68
102 85
3 216
14 18
171 63
85 65
46 146
218 124
229 193
180 138
36 38
159 151
160 234
48 100
102 2
5 85
88 13
88 168
138 221
189 40
184 180
157 90
177 71
95 117
1 14
31 11
110 215
95 55
116 163
85 170
231 35
167 85
79 104
58 234
38 196
64 85
127 78
107 89
232 95
87 238
68 176
109 32
38 9
204 223
30 211
122 121
146 62
180 203
137 53
227 174
85 7
98 92
129 129
98 162
236 173
46 215
134 79
39 126
204 222
38 179
203 200
100 187
241 180
81 143
63 10
102 69
66 208
170 92
193 89
119 113
209 162
75 161
154 151
77 111
108 83
68 82
148 129
68 215
193 194
207 213
121 196
64 97
183 82
22 52
170 7
158 205
213 96
172 4
153 18
196 184
142 72
166 2
43 57
94 51
134 26
144 70
182 219
148 11
164 239
186 122
37 120
134 43
222 65
176 103
149 230
14 208
157 60
56 60
47 37
129 216
208 115
25 215
53 49
82 87
195 47
19 18
212 184
144 230
221 196
234 130
34 150
55 6
14 155
85 30
58 21
82 83
40 1
40 61
232 22
213 128
159 15
222 74
119 26
123 87
197 65
84 131
59 235
176 82
214 45
166 21
27 164
151 32
198 213
149 31
10 100
142 57
101 124
123 97
89 20
237 216
205 22
151 109
45 135
138 29
91 14
238 120
119 210
220 77
176 141
25 25
89 34
234 117
125 163
60 190
195 162
228 198
179 125
52 14
217 240
101 187
123 202
89 112
76 174
47 10
96 170
125 226
240 233
51 191
203 204
76 170
213 186
159 51
191 68
178 62
115 26
67 44
31 99
202 1
220 148
128 31
59 22
97 55
142 54
130 6
210 120
14 167
72 84
24 34
154 107
152 47
176 90
131 59
58 146
106 191
63 149
139 144
49 164
57 116
120 190
147 67
197 97
151 145
67 169
222 4
144 68
60 112
26 159
107 133
66 143
133 126
55 146
80 103
228 220
230 122
153 34
82 177
158 45
35 152
46 153
180 110
241 1
107 108
227 143
140 105
66 7
23 176
103 184
237 34
185 66
178 28
2 211
21 154
199 137
240 159
36 213
133 27
72 178
127 62
68 13
164 84
240 97
113 76
1 5
108 92
84 79
140 31
96 232
203 230
229 227
171 158
25 201
132 112
53 123
203 22
128 98
59 192
37 38
160 238
236 108
157 200
161 168
73 215
68 52
130 96
191 46
101 198
176 172
32 184
151 151
167 34
115 59
137 177
151 236
129 39
175 8
129 134
5 214
48 64
95 222
228 103
79 141
22 123
158 158
65 88
21 141
37 132
213 21
234 86
95 7
63 43
191 88
185 97
197 219
80 7
19 6
121 95
146 27
45 56
145 18
22 215
70 71
108 75
52 207
56 67
234 57
233 60
220 50
47 89
164 77
94 62
103 136
23 209
217 33
126 36
16 118
3 86
65 86
213 219
121 6
98 193
123 63
15 13
65 12
177 166
118 157
219 12
154 172
162 29
27 45
175 68
223 125
195 69
27 81
101 212
205 73
49 45
39 178
153 227
235 96
138 70
155 160
232 9
29 88
185 212
156 18
228 73
135 90
128 139
140 224
167 233
148 170
32 229
90 106
20 123
103 184
78 127
72 139
96 22
34 169
140 4
143 205
112 41
88 218
224 91
69 10
233 209
108 25
130 40
156 214
104 108
70 208
135 2
81 92
80 177
61 22
104 81
205 5
88 86
205 11
61 220
39 23
220 184
21 110
50 172
145 173
25 17
200 37
51 172
50 24
207 92
225 155
194 83
208 109
213 112
65 165
59 238
62 83
157 218
57 199
169 48
71 46
138 13
145 116
236 199
24 133
65 111
169 133
35 240
21 125
203 229
108 69
32 211
153 113
54 186
68 24
183 167
71 195
129 155
175 175
166 210
181 63
182 89
47 102
107 15
41 149
87 193
104 176
85 19
25 30
199 207
220 113
59 144
55 26
141 91
223 40
124 14
66 200
15 224
18 70
133 74
20 92
179 110
108 187
119 77
155 178
127 62
26 212
156 160
41 131
70 17
165 202
194 198
145 50
217 190
212 152
55 123
125 225
87 231
41 39
28 13
126 81
237 140
76 119
213 167
113 183
3 193
26 12
212 188
87 110
74 61
229 200
175 18
220 96
212 212
151 161
145 76
57 195
115 51
35 38
2 190
89 205
136 78
59 191
42 82
9 126
139 69
181 43
54 140
239 58
222 173
231 140
194 112
68 26
49 204
103 218
235 34
192 46
133 33
102 92
73 131
156 210
44 238
23 196
59 157
240 204
186 44
188 77
173 153
103 221
147 93
73 122
104 54
223 123
18 137
32 164
51 184
148 124
128 75
196 135
209 65
105 205
218 57
115 238
97 10
121 22
37 146
200 196
51 170
213 67
204 20
172 233
64 100
222 147
163 240
16 95
26 224
113 149
2 98
70 67
207 222
6 99
185 55
60 210
58 103
122 68
98 239
198 130
157 208
235 41
65 190
115 170
158 213
86 113
190 216
204 3
196 198
123 137
1 233
187 122
153 22
151 218
67 202
176 92
195 125
121 64
158 233
23 219
179 148
33 101
69 219
207 235
73 105
22 10
24 23
140 23
184 228
104 130
20 5
65 60
148 78
52 203
156 102
125 99
199 65
112 84
82 185
133 192
236 155
209 26
127 214
50 204
161 111
15 90
21 96
140 31
19 158
218 21
182 169
9 146
127 104
166 237
138 81
83 49
133 3
230 210
13 87
130 134
174 200
22 123
174 134
102 171
194 7
81 240
100 99
116 87
169 132
30 35
94 129
156 179
185 138
107 61
36 24
18 169
169 30
221 77
238 80
44 68
92 10
1 110
20 200
176 137
120 183
126 241
40 23
167 212
13 2
159 67
101 229
3 167
22 49
121 156
109 125
128 31
6 106
76 66
9 215
198 160
40 239
232 232
6 90
136 178
76 235
147 102
31 63
167 192
153 56
124 110
102 71
114 200
52 3
95 155
90 131
142 224
138 160
174 119
38 80
199 221
3 53
175 102
224 162
43 185
83 130
115 54
175 69
144 235
12 132
181 21
55 151
229 75
80 41
182 118
167 41
194 57
225 64
28 97
146 236
46 211
219 146
191 155
102 21
47 102
117 26
140 144
227 145
81 174
159 20
85 36
54 227
232 14
93 149
57 2
131 218
155 149
84 133
170 225
224 226
71 131
48 132
210 80
89 125
127 30
44 8
94 119
224 239
200 184
224 200
22 166
155 25
175 3
219 114
62 97
224 73
44 134
203 208
138 115
117 126
122 65
197 219
73 227
107 87
77 177
160 203
140 142
85 194
37 96
53 51
105 112
192 55
196 29
36 233
228 222
108 91
20 191
233 13
90 219
123 164
209 149
216 229
33 146
2 97
39 24
125 89
41 11
10 99
42 137
195 161
107 213
94 133
46 8
227 136
80 146
39 145
34 101
185 24
35 44
111 139
147 177
168 69
68 105
40 200
73 170
118 18
214 66
196 234
57 42
210 89
24 238
161 173
224 239
151 132
108 53
41 46
11 121
111 123
184 162
61 39
53 19
188 38
170 48
41 6
229 130
110 57
68 235
69 235
83 192
240 27
57 169
171 126
188 234
90 3
179 14
237 44
7 170
71 7
131 180
215 237
222 26
14 9
160 214
175 70
64 177
130 208
150 103
86 239
79 139
138 75
14 31
49 199
121 21
239 221
179 5
191 235
95 222
192 144
95 157
104 68
221 157
28 178
139 132
157 150
82 232
12 195
185 118
119 176
183 134
107 174
188 183
186 32
218 162
12 119
204 231
135 41
57 204
28 131
158 31
145 182
194 135
93 95
160 238
151 40
135 224
123 55
82 205
170 198
78 152
41 114
201 219
222 236
147 37
184 186
193 211
131 166
195 97
15 234
210 69
98 3
125 50
176 150
103 167
180 58
25 223
47 35
155 80
174 21
13 102
3 188
220 41
234 207
105 232
131 152
39 72
186 135
88 169
150 91
27 133
222 112
65 241
83 189
76 110
155 131
212 128
30 172
177 122
146 206
57 192
176 177
141 67
101 95
39 192
96 216
180 151
159 183
81 55
189 196
221 214
117 235
127 36
147 172
112 195
133 219
190 87
74 215
101 112
229 237
102 116
175 102
189 41
223 233
197 96
99 215
16 32
174 237
22 189
186 127
121 232
21 95
141 122
150 177
197 206
83 32
92 114
213 45
213 8
18 219
135 130
88 240
173 75
110 131
75 132
220 198
181 177
237 80
43 198
125 143
9 133
48 94
15 233
185 53
226 34
84 196
188 57
137 55
30 226
97 21
226 228
75 137
9 162
20 70
147 134
146 133
186 208
121 52
209 58
174 127
17 170
59 198
26 111
195 102
147 233
240 51
113 230
143 101
159 110
124 4
184 77
103 158
224 20
202 20
155 43
240 189
159 206
237 220
13 15
93 143
118 224
179 134
222 31
54 136
200 172
170 119
15 205
203 164
240 122
142 152
202 18
112 188
70 96
168 11
201 134
4 81
180 101
165 69
103 146
23 92
33 89
233 172
53 8
191 155
232 39
78 49
44 68
90 236
65 75
71 131
133 194
236 68
159 117
124 56
97 78
223 43
68 83
224 189
240 100
165 209
80 124
190 170
124 104
56 201
88 220
111 123
192 209
153 217
104 138
174 195
116 163
88 211
22 147
23 36
229 79
211 133
156 31
90 97
75 129
194 209
183 220
82 116
234 159
240 90
221 15
96 172
70 204
224 78
136 121
46 199
157 125
204 158
126 117
55 117
45 63
146 187
192 111
97 100
23 205
34 195
213 175
143 36
69 106
71 224
194 203
30 114
13 216
135 116
94 32
241 116
201 146
103 167
15 147
32 92
163 90
97 63
168 229
85 159
52 50
168 188
10 181
39 62
50 197
133 93
98 113
177 27
103 57
218 141
117 104
107 158
63 29
26 172
52 60
56 238
143 202
57 66
29 50
236 60
128 48
43 222
113 38
178 60
223 62
177 102
166 44
211 133
125 38
189 16
129 203
20 139
18 32
135 80
44 92
102 70
125 123
154 235
55 33
35 96
133 159
185 53
161 88
192 165
161 172
55 228
229 146
231 173
66 97
187 237
26 116
150 177
154 25
98 217
44 216
95 169
42 29
74 136
185 197
218 20
146 205
25 31
68 86
92 152
28 217
178 119
64 59
137 123
45 185
59 184
14 88
110 31
124 151
212 205
123 6
24 103
166 133
128 79
83 141
86 83
134 73
133 46
233 211
116 87
7 163
79 231
22 156
190 198
104 109
227 153
44 132
92 202
141 59
216 165
163 79
134 13
193 107
15 209
97 196
27 108
151 29
43 20
30 62
80 153
143 170
136 196
232 167
79 38
241 234
213 183
52 35
5 127
74 77
111 223
36 212
236 103
145 239
91 81
209 166
23 63
139 229
42 101
93 193
170 25
155 76
110 208
173 100
132 24
175 5
2 112
104 107
14 229
116 147
239 73
218 205
76 61
35 231
75 136
68 75
222 145
120 127
14 175
7 1
193 51
95 182
3 14
23 238
154 68
110 225
231 199
120 93
228 4
90 33
203 44
3 65
185 192
96 154
220 152
215 35
37 89
160 77
199 170
142 117
41 79
81 181
187 17
81 206
124 73
224 143
189 3
189 30
71 86
216 69
118 17
166 241
209 68
27 178
223 204
114 104
162 76
158 195
72 163
93 3
86 74
216 163
199 105
225 145
48 11
240 133
37 138
169 228
232 16
158 73
198 207
83 143
125 12
149 133
60 187
201 95
154 200
111 196
226 187
118 24
159 5
135 101
112 72
31 171
198 173
34 35
110 104
240 239
186 124
83 98
204 98
222 138
47 235
74 12
184 80
113 115
202 208
130 135
128 37
83 195
105 159
50 57
214 34
117 160
57 88
7 117
135 238
48 139
28 25
101 123
25 42
166 203
67 170
135 172
153 201
233 158
49 234
47 34
48 53
61 138
81 75
122 113
109 228
22 183
145 95
135 150
35 194
37 37
240 34
142 72
108 175
84 6
241 192
122 90
169 185
201 25
185 187
28 151
214 170
195 130
65 71
64 139
200 207
77 194
240 119
104 42
194 132
227 85
57 200
172 142
206 177
125 7
79 231
202 142
7 35
191 51
27 106
69 166
177 174
228 202
26 108
143 154
64 125
70 27
64 229
217 172
157 234
94 22
186 213
67 219
122 138
177 188
144 130
154 60
197 164
221 137
105 174
57 131
78 135
79 137
69 131
145 190
99 21
141 227
191 81
224 108
154 110
137 139
200 41
57 126
81 233
73 206
165 144
142 60
109 83
120 115
199 137
240 65
64 233
214 146
14 71
129 72
85 85
220 51
55 173
208 130
179 91
158 130
195 99
138 161
120 200
51 169
62 202
156 231
153 86
28 76
36 144
94 237
165 108
222 215
165 73
206 66
51 183
226 55
157 96
86 50
97 190
74 125
165 74
34 229
80 68
235 76
235 79
126 145
42 156
208 210
161 29
113 180
101 21
208 53
213 81
190 144
140 77
29 155
122 130
4 63
100 168
42 240
166 7
130 228
185 151
76 73
69 70
7 111
92 95
161 140
129 236
132 46
44 8
173 193
21 86
120 207
222 113
119 211
81 124
120 15
89 158
101 177
88 164
82 180
122 164
102 172
220 136
240 19
91 42
168 136
42 234
141 33
39 98
31 202
40 231
32 203
45 108
64 94
130 145
118 36
223 200
45 198
227 113
227 62
79 231
15 156
63 26
17 29
102 132
35 234
197 208
223 120
13 117
40 147
195 102
140 52
106 208
18 63
182 42
44 10
4 18
86 53
9 63
139 185
107 49
207 102
72 221
230 75
91 15
67 162
36 97
40 166
106 114
213 238
18 190
75 230
130 111
91 150
231 233
76 123
215 235
149 167
210 132
88 78
218 221
181 201
209 6
13 60
226 127
150 68
239 138
46 67
150 167
164 189
180 6
168 97
30 52
95 110
11 73
119 70
171 94
239 102
28 24
108 109
152 103
92 205
59 156
208 103
207 178
237 92
141 190
68 170
57 32
140 213
179 81
73 66
203 36
235 192
143 198
146 86
187 60
30 19
213 81
137 205
132 223
6 59
114 120
147 228
207 184
75 5
27 204
68 140
183 31
22 13
175 197
5 34
142 201
81 168
233 41
178 34
23 231
140 220
64 122
107 101
113 60
218 167
89 188
172 214
218 164
153 43
23 125
140 178
159 35
81 179
78 8
37 83
191 175
2 209
231 211
235 7
218 113
230 174
237 140
15 97
70 148
229 56
122 9
177 190
164 65
144 71
137 232
139 167
159 27
82 106
87 13
165 37
90 163
50 29
53 227
66 180
109 120
48 111
214 86
105 44
196 178
208 117
83 145
45 179
155 119
68 38
241 170
82 94
196 19
148 6
187 148
123 131
70 148
25 206
89 109
51 18
143 132
202 118
8 99
86 136
135 195
6 161
189 88
219 122
167 105
144 12
221 138
231 74
57 89
69 202
96 57
136 92
192 193
70 83
144 22
173 142
27 149
48 44
14 219
1 189
215 30
163 155
58 49
21 48
33 79
126 44
45 231
230 197
204 94
183 53
2 231
137 235
231 12
84 215
232 182
8 29
110 22
19 48
222 58
151 175
189 158
145 208
18 161
182 170
87 64
22 142
105 56
122 221
49 93
101 110
158 25
199 62
101 36
120 163
203 10
222 223
56 89
191 195
99 228
99 238
167 124
65 144
184 35
161 61
103 122
169 168
86 11
234 50
109 76
180 230
155 160
119 113
4 129
222 135
40 41
150 169
1 109
149 114
143 241
37 123
30 68
204 151
121 70
55 34
164 124
178 214
68 72
178 14
25 143
66 45
221 201
115 92
227 4
106 183
223 6
56 11
86 187
153 46
10 168
172 186
122 115
235 45
82 121
157 214
220 26
94 28
63 237
178 67
132 202
156 149
223 87
6 156
188 151
87 50
239 22
182 44
142 239
150 214
130 210
241 180
58 189
110 34
225 192
202 94
133 79
164 176
202 104
41 125
194 2
61 92
57 133
174 158
131 189
218 150
196 223
205 134
208 192
11 7
187 200
106 18
131 67
10 240
62 129
136 176
135 76
126 40
184 139
220 221
177 36
161 19
150 49
176 98
213 79
119 4
88 196
34 227
35 185
109 5
24 86
96 172
17 161
93 181
215 93
103 130
233 200
163 203
4 106
54 12
27 119
234 144
3 236
164 219
176 226
225 183
44 66
100 102
154 53
184 129
139 172
149 167
107 38
112 131
187 46
118 229
50 230
129 142
12 153
185 129
52 117
71 143
177 66
36 165
114 229
26 123
131 187
157 94
152 3
77 134
166 114
101 50
195 137
102 48
185 50
185 46
184 209
240 12
205 241
208 28
46 50
7 163
52 182
118 78
21 162
176 232
105 86
144 134
214 208
138 41
77 80
14 48
117 31
230 90
24 147
67 205
182 4
178 234
206 110
70 136
111 84
49 105
222 84
17 124
179 183
94 83
183 172
185 151
88 131
167 57
69 86
90 78
141 56
157 232
158 225
87 147
151 87
45 133
5 126
89 182
237 130
208 175
231 238
27 228
16 125
190 184
114 123
139 181
140 196
174 133
34 210
38 81
125 31
71 39
128 168
39 118
117 211
81 106
86 221
65 157
157 148
172 225
39 160
24 133
147 121
227 207
148 168
37 132
59 74
177 20
9 123
215 81
56 151
41 24
26 153
5 182
229 59
197 233
207 201
152 78
89 216
177 86
192 25
27 200
157 78
102 101
36 69
66 20
2 177
13 123
70 191
229 84
65 12
16 131
111 196
167 127
44 47
26 234
147 139
209 76
80 90
80 176
233 45
189 226
119 74
17 134
229 176
136 175
72 146
239 142
233 54
217 32
139 50
23 186
12 158
217 184
107 214
128 24
123 38
226 229
168 92
120 234
48 157
26 32
196 196
213 208
101 213
109 144
231 133
235 187
222 188
11 154
40 23
158 2
31 177
141 227
159 66
214 25
55 173
211 216
108 200
115 112
162 163
222 136
101 20
139 7
45 184
150 118
121 205
173 228
137 122
169 198
158 19
91 107
219 158
42 193
116 67
142 197
131 108
146 94
87 234
6 37
204 15
166 174
200 117
7 209
217 234
72 23
214 68
231 151
194 233
103 123
206 98
228 177
8 78
78 142
18 213
47 160
3 179
164 63
15 123
209 40
71 50
126 47
150 26
93 128
231 126
126 89
22 218
44 53
209 158
2 61
74 199
70 184
38 226
165 11
179 99
186 213
97 165
103 146
210 166
125 3
227 37
35 101
171 61
39 91
183 3
215 91
80 234
66 119
108 152
152 3
204 233
163 237
238 204
128 34
38 180
44 75
97 233
221 227
228 20
6 239
14 105
172 234
195 108
36 36
229 210
195 155
237 151
223 170
112 208
101 88
71 180
81 52
116 199
240 51
46 19
200 17
95 65
107 202
122 156
144 95
187 143
94 214
226 113
161 166
123 214
80 201
196 20
7 233
200 209
206 211
160 5
155 59
64 121
180 143
41 45
220 43
54 13
69 192
241 219
52 31
223 83
45 208
129 100
82 190
113 118
237 106
209 126
109 94
34 102
104 94
110 186
166 32
211 55
79 222
192 186
73 112
54 137
219 172
219 171
215 172
23 144
26 60
176 108
82 2
23 153
91 75
59 106
210 94
216 146
129 135
155 120
62 77
230 25
166 68
51 116
211 35
51 103
187 151
161 175
65 219
201 217
136 83
138 9
58 205
79 221
56 151
129 228
236 175
64 166
237 97
236 36
160 39
135 205
192 20
83 8
40 67
215 24
164 214
136 44
147 199
129 154
69 235
22 170
169 119
27 230
24 49
238 162
174 72
124 216
122 193
53 130
28 95
59 94
89 30
53 176
229 227
111 30
155 137
171 159
57 208
205 102
102 159
53 216
56 75
88 83
23 228
15 184
110 143
236 130
120 96
104 234
132 165
107 188
135 41
163 144
117 60
235 228
48 203
91 23
138 200
44 81
238 193
43 55
198 189
140 82
166 114
205 197
145 41
107 23
146 154
52 56
85 119
215 225
157 216
207 1
237 176
139 89
113 183
56 182
159 119
174 140
145 44
204 188
51 215
9 144
40 54
228 231
143 88
212 146
119 128
113 36
113 241
49 222
237 54
165 104
177 73
88 146
202 103
37 146
174 63
133 125
1 44
169 198
36 169
68 110
151 124
38 98
111 171
50 137
183 158
240 53
198 38
81 37
199 180
36 15
99 162
36 145
157 240
159 115
188 203
134 45
212 21
70 69
56 40
12 131
177 193
217 29
183 147
109 53
74 226
36 224
153 162
206 16
200 35
169 18
43 211
21 191
43 89
25 143
182 18
38 238
158 17
62 192
18 183
215 6
165 156
20 33
137 101
79 72
206 101
98 80
64 212
90 59
199 169
19 2
34 78
164 76
237 71
205 187
240 71
238 180
196 163
15 11
88 212
25 213
120 167
96 4
169 186
238 81
203 139
37 190
21 160
170 88
66 102
200 226
124 231
5 72
195 194
151 61
194 179
95 181
189 35
66 68
43 237
137 76
18 218
114 10
114 204
103 131
156 3
152 120
239 198
56 63
98 89
85 233
134 103
197 151
78 21
191 128
206 36
169 235
178 178
178 196
79 92
233 226
221 85
188 172
36 15
200 154
64 34
141 199
224 54
106 53
47 210
133 206
29 60
94 33
70 197
61 207
229 100
178 103
161 142
62 84
37 114
50 26
11 230
66 183
53 110
102 40
221 208
153 26
128 42
42 84
188 214
185 168
96 59
30 117
127 85
45 21
202 6
103 151
69 133
190 140
197 184
102 205
160 168
150 173
77 45
216 130
178 172
231 234
36 44
236 146
219 231
222 168
152 143
113 211
138 5
46 184
134 233
201 78
142 156
32 200
109 25
125 194
233 240
5 229
103 13
27 139
98 10
17 206
159 10
53 186
161 2
193 171
171 38
209 136
214 56
138 113
188 30
195 175
191 6
104 48
228 26
224 176
224 195
173 217
92 222
16 100
93 46
212 117
196 98
149 164
89 26
198 138
36 161
41 187
140 89
145 87
189 92
185 63
16 86
165 83
208 225
77 151
226 55
145 154
185 214
5 133
78 136
88 40
231 148
64 7
38 85
140 224
187 196
80 155
85 19
176 32
96 80
158 96
214 112
53 184
21 213
83 206
108 186
58 150
231 53
61 192
32 37
218 49
18 154
2 130
46 59
133 185
56 124
48 129
134 148
188 164
171 79
3 30
131 98
239 49
220 11
136 67
30 215
164 7
109 140
82 76
6 233
96 96
220 1
208 80
25 235
21 45
123 231
93 177
219 6
94 31
193 203
21 192
40 83
164 136
21 173
173 6
146 192
113 170
25 124
214 100
39 26
76 71
159 180
147 60
201 202
153 232
163 90
46 104
9 162
20 161
73 39
225 22
79 44
175 68
183 160
44 223
83 32
126 68
158 161
8 10
151 5
218 97
62 150
105 198
149 13
54 188
122 133
118 208
89 149
93 108
41 73
215 137
134 190
36 128
142 79
168 162
200 5
52 90
186 67
194 55
65 63
60 83
77 213
43 110
169 205
208 183
189 146
203 3
210 48
58 107
155 173
75 222
87 210
134 152
179 233
154 37
213 21
226 149
178 137
136 60
147 34
116 97
123 29
238 142
134 134
51 95
18 16
168 132
51 85
184 125
239 25
119 112
2 158
78 239
48 153
129 7
1 162
1 65
146 29
42 50
7 86
169 214
196 91
41 138
73 76
115 169
15 154
213 19
191 174
191 200
120 239
110 46
47 21
53 10
39 19
3 230
139 84
30 143
146 206
162 18
97 12
227 103
234 82
117 222
96 202
110 184
220 120
42 60
161 50
95 164
237 160
23 12
225 11
214 226
201 43
200 202
181 192
162 96
204 40
62 120
26 210
187 239
173 86
146 152
204 198
41 132
125 135
198 2
140 70
100 198
163 131
78 195
17 214
229 18
137 120
90 114
41 90
238 181
105 185
198 73
226 191
40 121
232 43
10 208
158 228
76 57
56 181
79 184
186 99
56 39
1 11
161 74
129 68
190 88
140 93
40 158
13 200
8 60
136 134
241 35
206 104
183 92
70 223
80 21
27 218
233 42
180 128
140 176
33 121
111 135
75 178
135 107
149 71
100 33
183 128
133 66
95 175
8 207
232 59
208 85
236 190
137 190
211 220
3 47
216 48
193 75
168 180
125 142
221 234
104 108
197 231
16 31
59 152
218 95
82 203
133 88
36 53
173 62
150 34
77 47
80 96
47 6
125 74
207 25
84 77
14 50
141 57
180 156
14 135
6 133
197 107
90 37
80 191
177 191
48 213
104 194
218 190
60 3
41 71
145 203
145 203
42 100
151 56
10 102
43 140
170 207
178 110
4 181
65 42
94 214
220 152
233 226
234 168
47 22
41 161
108 241
52 163
200 218
67 218
59 156
91 83
224 124
171 42
64 86
172 126
80 238
110 94
12 43
31 224
104 146
158 212
2 123
20 148
95 50
184 212
123 122
71 176
65 133
156 221
79 49
217 126
145 117
223 171
31 168
187 114
240 82
54 225
233 138
7 98
220 158
226 180
20 125
69 21
162 34
208 172
19 215
26 111
130 188
120 69
16 33
163 48
219 67
31 104
173 117
7 76
127 61
216 67
42 168
209 206
138 153
238 197
78 200
123 83
64 204
241 52
149 225
167 147
199 6
76 224
156 88
114 111
128 154
77 110
137 151
225 115
223 2
136 60
170 155
5 127
147 26
108 16
6 42
139 17
96 231
19 230
72 131
43 107
30 215
216 145
178 26
102 38
131 234
69 44
147 211
228 8
72 98
148 76
113 34
228 67
127 200
35 146
140 165
68 215
18 212
50 122
101 71
209 183
20 144
166 221
190 5
13 122
163 204
234 57
154 186
145 89
92 154
195 134
2 29
34 210
197 80
108 13
140 65
35 53
55 241
61 147
222 226
112 237
166 196
74 205
156 233
239 226
208 111
160 214
87 55
150 90
217 3
77 144
219 195
104 146
161 210
100 37
146 127
7 50
63 200
67 232
206 46
16 174
227 208
216 227
233 62
200 222
2 161
138 195
122 173
144 112
133 86
64 47
25 177
160 9
233 8
169 95
87 36
234 152
227 142
2 179
44 113
102 102
129 3
91 139
184 19
14 65
125 94
22 101
112 189
221 32
77 228
136 167
13 233
3 5
38 203
141 59
129 19
153 177
52 35
42 151
11 225
103 170
217 111
78 196
132 112
120 17
15 59
160 216
29 212
79 216
27 131
241 143
180 68
171 126
82 59
170 189
174 191
155 182
181 59
222 38
159 221
44 48
5 208
122 63
14 177
82 196
218 118
241 231
135 101
136 182
184 24
140 154
30 124
142 108
150 120
241 85
72 113
32 193
172 210
216 80
106 228
54 4
178 87
150 75
101 75
188 59
32 72
40 129
229 205
174 127
36 18
181 106
127 126
103 172
31 177
168 89
71 109
104 101
100 194
87 43
75 160
213 156
126 144
1 61
136 119
17 127
240 50
31 180
42 160
75 10
164 206
98 174
234 60
53 129
176 150
235 60
169 180
197 28
121 30
221 80
219 143
169 227
129 50
230 221
108 75
140 42
162 210
94 222
138 172
72 83
35 97
25 22
157 31
184 201
144 198
96 58
73 219
134 131
223 74
208 89
100 148
67 152
23 27
16 60
89 158
215 214
199 224
55 32
236 103
213 115
164 143
59 235
149 54
128 29
235 156
28 11
121 27
43 43
54 43
209 20
104 186
66 101
94 172
11 213
226 204
187 23
215 199
148 108
15 117
115 196
49 92
118 206
206 64
187 201
157 40
25 237
163 46
65 55
184 148
93 148
32 123
138 166
198 75
122 231
96 39
34 220
18 73
15 164
218 151
76 183
22 111
77 16
14 15
129 130
175 202
174 24
54 2
222 203
49 66
131 179
12 50
114 221
181 227
214 138
9 235
34 48
139 191
222 205
39 169
95 236
222 231
205 123
9 71
140 215
77 38
85 16
152 239
58 212
211 214
171 162
118 176
54 148
54 239
210 83
169 232
69 235
2 65
226 232
113 68
199 164
200 187
86 2
36 135
99 116
138 66
128 211
234 3
68 101
167 27
63 139
102 232
38 12
91 156
79 96
177 187
52 10
237 121
195 195
221 173
232 91
90 237
219 216
161 199
168 22
225 48
44 207
133 6
70 26
39 196
230 160
63 238
92 155
218 97
189 80
79 134
57 152
235 158
46 170
211 102
234 14
49 20
180 53
93 166
206 211
227 37
87 234
42 70
112 66
121 177
115 232
30 86
16 146
21 202
135 59
207 169
8 94
42 174
161 161
67 221
74 12
181 238
164 139
131 26
114 25
35 95
141 217
177 138
213 128
177 30
20 203
169 217
114 121
178 26
157 24
71 32
118 69
23 123
44 236
162 224
58 86
108 61
212 204
229 45
230 20
2 60
154 219
186 180
182 48
155 37
206 143
224 121
162 28
61 175
156 230
18 86
23 70
22 69
99 186
135 199
110 10
222 107
30 56
91 50
115 57
10 192
172 196
179 105
236 20
19 1
217 222
239 232
157 56
20 228
172 61
199 53
196 214
128 96
211 139
48 79
136 212
156 101
50 206
129 45
76 157
115 53
175 155
123 156
15 41
80 214
104 49
156 55
123 140
203 115
208 126
58 190
14 82
98 143
56 53
212 21
79 163
179 240
105 115
204 82
36 196
219 85
204 11
156 120
75 118
230 125
151 91
125 12
180 22
64 52
62 216
79 146
47 172
71 227
75 113
3 84
67 80
46 93
31 158
105 237
144 52
201 127
137 111
99 77
173 176
177 236
187 46
55 117
16 55
32 109
93 195
138 87
172 103
128 168
168 173
206 39
64 201
205 67
239 231
30 59
94 118
63 105
13 103
3 237
28 220
93 185
72 63
173 185
113 49
152 226
53 33
2 64
10 98
217 53
112 222
150 148
204 233
100 241
186 225
39 131
218 124
33 103
209 3
206 185
134 61
8 137
201 215
235 201
86 170
127 120
185 180
147 108
64 36
137 99
157 59
116 179
121 113
172 146
234 58
211 13
137 33
16 235
34 215
52 127
36 241
69 186
73 180
119 107
115 78
29 154
37 13
1 161
77 43
52 235
234 122
143 154
239 62
139 86
146 175
93 65
197 180
140 51
121 236
1 193
21 84
132 88
23 219
9 7
231 180
198 241
218 181
89 5
127 83
195 185
104 205
61 226
206 42
154 169
4 176
130 208
116 14
135 202
91 158
91 237
202 195
150 209
66 98
139 9
179 237
207 227
178 98
168 77
188 5
155 40
27 74
162 233
41 103
40 65
45 80
184 236
91 71
145 32
228 202
171 83
55 226
210 179
62 8
176 176
223 118
20 135
44 85
144 135
200 74
29 209
151 176
225 165
161 154
158 53
19 73
49 90
214 86
67 3
192 190
93 124
7 197
70 228
236 68
204 238
11 145
95 198
152 68
36 130
24 215
169 153
63 46
212 2
12 183
24 103
112 236
196 110
79 158
230 140
14 150
186 153
22 112
220 60
51 122
65 130
174 31
26 195
1 153
188 148
62 119
221 139
94 62
112 183
96 154
3 33
193 218
81 60
202 17
145 18
59 30
216 34
210 222
239 89
79 72
172 139
196 26
140 16
30 115
47 94
113 120
210 83
72 195
9 222
135 168
154 17
94 208
153 54
192 240
141 202
217 118
237 209
235 20
42 6
227 145
23 52
117 176
231 132
32 111
6 92
135 63
187 225
239 202
34 58
235 51
64 18
32 20
167 48
54 175
59 89
211 139
73 228
85 194
47 27
111 43
238 2
220 101
10 122
181 131
146 139
25 61
194 30
33 53
139 36
60 44
18 199
184 200
241 47
101 163
13 132
186 240
106 144
137 54
203 138
122 105
160 34
30 209
136 35
38 94
93 41
84 219
192 64
191 37
158 128
108 120
193 143
177 129
108 123
150 199
234 71
86 223
225 73
202 151
97 76
162 9
120 131
204 43
140 90
72 162
127 222
46 11
42 140
74 140
51 230
7 237
141 76
92 59
56 85
189 121
35 26
240 229
33 8
32 171
118 41
6 154
18 130
91 83
210 101
163 81
90 92
18 184
227 136
144 83
45 200
218 101
28 21
146 164
6 15
213 232
203 82
38 162
139 4
155 16
131 228
177 23
30 45
61 92
192 119
142 107
170 163
233 31
59 82
128 118
173 22
197 35
115 143
100 104
19 202
211 30
143 155
89 79
120 203
85 167
28 23
159 79
211 207
165 188
136 172
240 117
203 172
107 10
130 124
56 157
35 240
230 27
68 2
56 80
2 51
56 32
82 16
189 43
201 176
42 171
75 118
112 147
125 37
16 43
116 48
12 210
232 234
108 129
204 230
111 74
57 85
49 159
147 227
185 73
234 66
220 117
44 209
196 195
224 214
137 207
199 221
135 23
167 63
69 42
114 142
59 140
162 111
235 2
104 107
4 225
8 226
18 20
162 200
42 152
127 127
225 181
69 239
114 79
159 29
191 67
27 73
76 179
91 25
137 240
33 189
122 135
94 96
185 134
171 157
153 178
120 138
5 183
53 156
38 5
79 235
190 90
231 14
145 177
200 41
91 36
36 32
61 208
216 167
181 153
1 175
238 25
32 58
202 85
103 185
64 241
210 1
137 55
131 101
163 141
206 69
82 69
136 92
187 15
88 33
201 196
14 2
55 17
99 87
96 195
156 223
165 200
57 167
215 143
49 214
228 65
238 59
218 205
20 127
175 168
60 2
202 108
91 41
111 17
124 114
139 68
5 72
5 119
116 123
140 172
112 112
134 61
64 23
177 145
7 44
153 94
116 67
205 104
112 36
202 8
62 113
139 159
64 177
220 45
144 59
82 199
240 174
155 86
144 67
160 75
17 161
7 48
11 25
95 159
73 85
1 206
87 150
78 10
35 176
184 145
168 69
186 67
105 14
12 67
84 212
85 241
166 226
94 142
63 217
37 171
29 121
215 223
32 32
173 225
137 150
108 71
65 150
118 173
154 228
17 96
122 86
106 101
235 138
29 137
132 100
169 239
223 237
40 16
196 3
66 108
219 36
195 109
181 65
232 31
235 150
228 31
147 79
133 131
217 64
156 91
181 26
38 19
235 183
8 14
83 142
179 25
207 125
42 147
55 202
129 211
168 231
92 73
93 11
71 213
118 236
175 222
114 2
71 70
31 212
168 107
86 71
236 14
215 69
216 118
149 224
84 166
29 41
88 69
52 194
172 219
25 72
34 137
34 106
27 40
126 191
200 155
146 91
74 41
219 36
35 110
39 127
56 188
52 211
113 204
164 103
49 99
215 7
37 122
115 126
19 150
53 89
115 13
2 230
6 160
103 90
159 208
116 21
106 24
231 136
137 66
104 234
225 202
168 148
121 219
221 130
30 174
115 74
39 144
134 48
218 213
158 208
194 49
94 78
232 197
166 189
1 172
116 115
208 9
166 193
66 207
238 204
45 180
122 183
232 135
139 149
173 38
240 177
201 165
41 10
206 230
217 77
78 109
91 120
192 46
129 113
91 57
128 142
52 230
166 220
63 24
48 70
98 217
224 18
12 116
100 91
223 110
145 109
5 236
155 217
200 227
138 139
197 98
224 23
153 156
90 131
231 5
10 47
181 160
146 89
207 20
241 93
101 7
204 169
212 154
73 5
66 5
205 209
240 181
198 169
31 56
184 89
19 74
83 108
158 202
210 37
29 190
61 195
42 18
205 64
177 29
110 111
30 141
131 201
2 17
101 108
119 39
93 179
88 188
104 45
36 7
78 195
193 107
99 77
135 234
161 47
68 156
2 54
84 209
142 159
41 150
231 210
13 96
241 26
108 159
93 9
217 153
136 39
5 153
232 52
24 140
220 21
166 14
31 174
123 161
60 215
88 218
140 138
18 211
86 73
60 51
34 44
113 192
17 47
31 56
234 123
228 64
164 190
50 230
179 49
15 134
107 132
179 25
229 98
239 23
193 205
61 235
195 1
121 156
40 216
113 216
32 8
107 91
188 81
228 94
27 159
119 48
141 122
124 155
90 146
33 195
202 103
132 208
50 87
230 209
232 227
25 129
98 41
177 172
7 142
171 81
91 167
188 38
13 187
197 52
64 25
214 24
90 38
198 130
124 15
167 163
72 168
55 124
225 12
113 117
215 12
161 34
60 181
113 178
197 169
63 128
112 103
14 231
215 236
178 177
75 206
56 28
41 6
86 128
131 200
70 63
115 97
108 44
85 184
148 193
121 67
138 138
99 68
167 224
23 8
51 165
18 202
35 36
29 13
132 115
18 109
154 149
151 99
97 154
25 45
93 97
241 135
217 146
202 51
101 147
47 44
34 156
239 77
93 7
210 49
35 33
232 15
134 21
193 201
176 76
233 232
115 52
107 115
217 186
42 111
145 216
43 171
69 179
227 10
212 68
180 201
75 217
107 49
170 173
165 102
120 47
92 50
14 171
56 218
179 229
32 171
90 229
157 53
187 59
114 59
198 86
184 163
35 16
150 201
52 68
179 69
226 32
111 47
101 191
233 176
3 64
70 141
112 238
134 98
80 224
46 21
178 217
158 228
221 173
166 108
22 60
10 84
103 143
137 14
42 207
60 50
147 240
21 108
117 183
104 174
153 191
180 77
46 206
96 236
182 111
124 50
68 197
145 60
122 167
146 72
95 70
43 63
130 56
196 19
42 6
223 53
29 146
75 123
165 21
166 135
83 108
171 219
183 209
136 114
202 214
36 116
165 85
37 143
205 125
35 218
214 179
53 183
30 208
207 183
42 38
105 117
75 206
165 238
110 150
84 70
29 164
16 228
116 31
32 240
162 32
216 167
16 148
226 105
211 69
55 90
7 171
203 92
49 221
109 20
149 240
39 44
28 195
78 211
215 138
92 155
207 37
177 42
52 207
80 161
129 237
162 26
198 230
30 104
196 161
118 49
185 34
232 146
196 239
1 139
161 71
118 209
45 16
205 210
46 209
118 199
16 18
149 68
139 120
149 46
127 8
152 133
224 83
110 159
40 110
43 161
142 27
73 106
223 63
96 40
97 89
22 46
108 237
148 110
212 60
131 140
24 80
128 39
190 71
231 233
155 70
115 174
73 211
42 105
226 35
35 19
27 39
128 159
85 64
194 4
111 24
57 66
29 85
199 40
172 228
52 220
84 176
137 32
215 170
172 126
70 172
232 57
58 202
94 181
94 203
228 140
211 230
76 113
236 220
93 79
140 189
12 224
144 29
113 146
94 60
110 201
111 87
