205 4917
55 81
77 187
25 107
197 201
134 137
12 57
99 114
155 39
140 21
13 161
103 6
21 137
194 70
122 15
55 63
30 109
133 92
154 10
42 48
91 129
187 132
15 83
28 146
52 183
58 5
62 103
151 129
118 52
83 100
31 50
121 88
142 37
87 119
13 157
180 158
102 50
41 21
50 39
113 72
23 28
43 82
53 143
137 180
131 142
125 160
113 66
194 187
3 1
3 129
25 3
83 163
182 109
154 181
81 11
6 143
10 187
180 88
29 160
4 174
59 65
99 65
173 15
15 12
205 50
205 151
86 49
173 141
59 6
134 33
12 93
58 29
1 85
151 158
180 204
172 203
48 96
14 163
18 51
105 94
148 183
141 137
142 150
121 131
160 143
87 14
6 77
178 90
155 199
39 5
111 105
110 105
72 145
41 52
19 163
185 187
189 120
96 149
40 6
170 205
108 14
182 155
36 161
179 136
64 163
125 202
35 93
12 158
64 156
106 25
46 128
193 204
98 157
166 19
174 147
163 20
152 190
81 204
204 112
194 31
189 11
47 63
169 44
59 63
101 92
34 166
148 132
57 135
57 143
167 14
197 4
81 92
88 102
84 58
92 161
54 186
173 98
125 89
153 59
108 107
54 56
83 91
175 194
174 73
114 173
167 120
36 107
112 112
199 72
74 30
83 100
177 106
165 101
79 112
194 98
202 42
98 58
62 107
25 54
98 6
161 127
114 182
91 161
33 125
186 48
165 124
96 102
73 94
100 92
170 49
78 28
159 66
82 35
184 89
66 144
105 114
155 197
125 123
198 156
157 48
138 134
152 53
33 156
23 167
160 42
199 108
122 64
66 28
194 165
113 110
29 161
177 168
152 45
44 44
113 163
119 50
50 11
203 102
104 151
18 144
81 201
29 147
186 173
93 14
19 171
96 70
27 14
3 174
97 118
128 169
70 184
118 2
27 72
21 115
139 101
200 20
115 77
176 127
168 142
52 32
127 132
165 37
196 32
195 168
200 113
154 49
158 175
65 104
191 40
25 135
138 59
35 53
163 145
27 178
198 161
143 70
90 92
42 193
156 8
90 147
82 60
105 97
153 106
81 14
11 143
107 171
143 86
147 18
201 139
121 22
64 199
116 66
108 79
117 22
176 42
161 101
80 186
164 150
18 204
56 76
78 198
189 115
143 44
68 70
183 35
140 188
130 144
11 183
143 21
180 110
88 193
182 175
93 48
185 147
71 196
197 12
135 60
67 99
128 165
200 139
23 104
167 56
90 184
53 57
125 76
56 60
54 115
185 48
145 90
112 76
35 106
128 142
154 147
150 156
76 92
2 76
137 25
45 54
39 162
11 191
135 22
24 95
8 113
201 159
55 116
51 24
98 151
33 13
97 148
135 189
28 52
139 47
187 129
10 6
63 31
16 65
57 144
202 183
185 102
107 11
201 149
180 130
68 157
147 141
9 16
153 63
170 126
145 1
145 72
29 190
84 160
28 25
159 194
128 133
185 149
201 156
106 91
31 21
21 38
45 83
88 55
148 113
187 85
73 56
70 78
94 25
103 90
10 106
39 37
65 60
184 82
190 162
153 20
42 182
166 91
150 128
170 199
168 165
63 177
163 36
155 93
155 115
49 38
89 188
29 3
159 35
100 6
55 94
187 35
150 19
170 157
129 203
135 133
128 142
16 33
101 121
32 96
87 132
141 24
81 60
47 125
108 200
151 69
168 121
113 141
201 88
50 105
195 60
93 140
109 171
92 2
114 100
129 199
77 199
90 108
152 14
168 53
75 152
196 4
108 172
119 74
72 161
160 19
145 32
123 166
95 113
181 122
50 115
43 44
137 6
8 202
26 197
141 18
155 124
184 83
90 171
59 49
36 123
180 174
40 100
16 163
35 189
69 51
189 24
6 61
8 187
133 162
129 35
151 19
111 108
161 76
183 67
44 158
131 129
10 194
5 9
77 196
107 6
109 122
118 200
67 129
151 146
17 109
6 165
150 173
67 115
124 88
22 56
37 144
74 199
79 93
146 186
108 89
46 82
160 113
43 142
58 10
15 108
176 110
12 175
199 85
93 29
74 106
144 99
77 43
125 172
61 132
78 139
122 153
4 59
125 85
158 126
153 28
29 16
60 12
179 45
98 117
17 72
177 2
52 81
158 103
163 118
135 132
89 129
133 14
25 157
97 44
141 9
135 14
166 70
129 90
62 25
42 177
98 192
70 155
26 13
66 7
3 122
190 32
169 32
138 195
102 111
190 178
30 113
58 76
62 134
161 57
52 72
23 124
135 155
150 29
49 155
14 51
132 143
112 134
152 186
7 173
150 155
92 154
6 4
78 132
38 168
85 97
34 31
107 170
76 153
131 55
174 65
134 197
24 89
108 101
127 65
34 188
200 114
160 82
148 204
15 77
5 121
11 128
183 19
25 54
95 46
69 11
49 152
199 180
143 204
99 130
27 174
130 87
117 111
196 28
119 55
162 7
77 47
121 14
159 135
68 179
17 181
99 91
126 95
10 84
184 54
107 125
115 99
23 52
171 161
141 165
45 183
151 177
150 188
130 109
180 147
186 31
24 138
1 153
1 150
62 109
183 199
205 73
110 61
146 168
186 63
40 148
35 35
50 14
197 84
198 125
201 196
142 98
84 150
11 110
3 34
93 108
76 33
41 156
87 51
74 190
89 61
95 15
182 98
33 42
40 95
46 25
181 105
180 4
2 82
27 51
131 44
72 15
123 68
176 75
115 98
129 45
168 90
137 149
199 171
60 143
136 31
18 168
43 44
82 167
125 73
147 58
11 186
122 161
60 139
104 28
168 7
193 141
77 172
2 147
104 65
151 72
1 44
112 138
114 21
199 70
116 5
51 141
42 199
52 181
3 23
138 49
134 114
91 39
146 75
160 100
95 188
73 65
91 204
184 19
122 80
137 32
69 98
44 158
14 163
140 22
72 32
36 157
167 89
58 93
12 156
1 129
105 63
167 182
165 6
117 196
35 141
191 46
201 119
9 147
122 5
16 114
106 146
155 33
69 39
25 163
183 148
125 106
183 92
199 67
83 192
38 170
193 124
142 202
55 112
65 85
118 13
117 84
188 116
183 40
202 132
135 42
123 205
112 169
147 144
153 145
112 20
122 40
134 148
95 124
139 30
56 122
164 97
53 128
199 96
183 103
111 101
7 107
51 19
108 99
157 32
193 182
117 149
52 56
9 65
91 8
116 187
3 158
38 92
55 109
200 192
21 161
185 49
127 102
156 28
199 78
75 30
194 136
162 16
133 189
120 201
182 24
50 140
59 72
135 147
151 87
196 152
33 126
159 43
77 189
161 164
127 155
198 1
50 42
130 189
174 27
135 52
163 107
123 84
135 54
94 83
159 43
53 177
62 107
178 27
49 146
136 83
35 115
37 114
167 18
89 32
13 23
9 106
200 184
192 165
155 189
40 204
52 89
183 166
204 150
5 127
76 66
99 160
51 38
58 1
185 22
39 127
117 62
121 50
132 176
149 69
39 110
116 100
176 7
73 133
177 68
95 124
128 184
101 51
80 72
164 41
94 37
150 89
189 122
44 141
165 156
158 103
73 144
13 57
155 69
205 123
37 84
67 34
139 63
163 176
158 101
53 2
197 168
89 25
125 80
50 7
45 27
69 164
89 48
195 98
130 117
167 12
202 54
101 66
1 142
168 179
174 128
52 61
115 9
151 205
35 205
164 71
83 52
65 126
94 60
83 42
111 24
64 115
1 42
186 178
186 98
180 35
188 88
201 182
120 136
31 1
18 80
194 140
170 92
167 201
177 15
74 177
48 195
119 82
4 170
17 4
116 135
6 154
156 34
123 44
15 102
102 55
119 136
3 54
148 126
39 48
45 127
13 176
117 47
14 84
10 144
131 18
107 141
198 6
200 61
49 42
123 73
27 148
157 17
142 44
114 140
110 58
139 163
154 19
101 103
193 196
47 154
187 14
126 61
197 58
42 76
115 135
44 2
146 116
16 112
155 49
103 164
176 152
198 200
68 159
23 85
137 51
140 28
167 125
99 97
201 124
193 161
187 131
87 204
132 80
47 16
5 2
128 96
126 21
73 117
164 163
82 54
28 35
82 68
165 190
84 183
47 131
187 166
193 185
83 142
185 16
85 71
84 8
106 49
19 50
155 147
36 188
87 72
132 22
45 12
64 74
81 137
158 111
154 114
18 166
157 203
170 155
131 204
142 168
6 37
10 189
139 54
137 136
27 54
101 124
204 172
195 194
190 168
126 22
190 169
178 47
65 71
191 111
3 73
186 127
199 109
4 193
24 151
17 88
61 20
75 158
120 20
120 193
145 180
12 112
109 13
65 81
181 111
34 44
173 107
32 189
161 167
31 181
56 124
168 6
9 38
92 20
107 22
77 5
63 37
168 137
94 183
171 64
49 28
25 60
167 199
29 34
86 54
51 47
76 62
50 116
121 65
181 147
103 95
107 114
46 99
97 7
11 129
187 73
188 162
80 38
125 138
35 50
75 72
17 97
44 145
46 103
169 100
25 142
179 37
108 96
187 188
191 26
6 157
183 153
59 184
39 66
78 89
2 25
197 69
144 95
200 186
120 195
48 138
14 128
67 15
138 205
95 86
204 127
64 100
147 96
64 125
70 131
24 32
195 65
90 48
74 192
197 156
169 43
55 35
64 10
199 180
48 100
63 175
170 148
12 59
97 153
45 8
53 195
53 72
28 52
84 46
184 161
139 173
180 19
79 82
124 6
111 37
63 192
66 182
112 95
197 6
68 7
78 135
116 160
27 118
162 183
190 86
168 141
190 155
69 5
166 67
159 7
197 77
182 93
101 173
34 122
198 50
12 28
50 33
184 48
40 39
115 73
61 147
21 29
140 30
105 163
69 42
64 49
67 156
177 127
26 57
52 137
14 114
98 136
136 88
165 167
159 43
188 193
80 151
154 23
163 118
97 185
104 127
91 57
39 146
196 77
155 23
81 118
130 52
105 59
44 153
121 103
67 163
103 113
39 117
42 34
114 41
12 100
198 179
178 33
78 97
52 153
72 109
19 188
79 31
86 198
64 184
23 75
7 107
121 90
32 108
35 165
109 44
148 148
100 163
166 47
21 187
126 89
153 110
174 161
68 78
56 54
70 13
63 64
157 16
93 142
76 172
30 89
106 24
146 134
186 185
79 73
160 1
167 193
116 97
13 153
72 183
161 191
159 151
65 169
72 96
54 21
195 163
97 50
93 77
176 39
146 152
98 24
172 114
52 191
22 160
17 66
112 88
117 164
22 71
6 76
17 56
136 180
161 94
55 124
30 198
95 53
70 104
63 37
69 160
199 104
16 180
163 115
195 8
7 28
194 38
192 160
85 62
9 100
51 4
85 65
63 112
171 17
26 189
116 195
101 75
36 103
113 187
170 2
181 157
200 141
120 107
149 172
102 66
41 33
72 118
153 89
151 197
176 121
155 187
123 35
114 150
205 100
167 181
170 94
80 124
78 6
120 70
36 66
139 129
22 28
187 87
175 28
179 156
46 96
77 11
99 113
20 33
127 78
140 61
172 170
106 115
95 72
87 167
65 177
199 17
144 22
77 179
114 204
192 59
24 60
110 82
179 183
31 11
65 148
205 153
158 56
8 30
50 200
201 2
44 164
156 122
27 86
104 164
142 112
82 199
75 123
204 139
57 124
111 64
25 124
39 119
4 15
203 62
4 86
145 31
126 135
152 51
47 196
7 172
126 197
5 61
34 200
174 113
140 31
145 40
151 153
49 1
44 67
14 76
52 27
38 68
36 149
190 67
149 110
105 166
190 103
111 75
145 39
11 142
19 167
11 5
175 99
177 103
124 195
35 103
180 141
57 146
2 205
124 115
125 167
41 189
107 133
169 175
82 121
81 135
17 24
14 91
12 21
130 127
18 157
76 138
50 121
6 196
47 205
204 141
25 5
119 17
29 74
204 72
16 111
159 43
44 31
69 44
162 84
183 115
169 92
66 84
151 13
106 201
150 191
10 186
190 108
142 90
66 160
120 74
135 98
101 174
56 66
33 52
126 10
3 200
127 176
83 138
99 111
30 58
58 98
146 77
20 205
75 157
196 102
194 205
194 73
89 133
160 6
60 20
10 188
132 72
151 156
196 35
163 101
78 77
197 10
82 6
114 190
66 130
100 172
45 151
180 22
100 177
82 48
108 51
7 128
139 106
32 170
21 113
61 57
63 65
188 9
129 165
87 129
84 58
48 94
36 117
109 54
58 94
154 152
81 51
19 119
163 50
107 28
82 64
55 146
95 109
42 8
199 44
30 172
134 104
126 32
203 121
65 153
167 185
120 176
12 105
200 179
157 132
49 73
31 160
3 112
134 12
199 160
32 138
142 135
50 7
144 193
15 72
26 18
39 199
143 38
204 41
17 22
133 77
81 26
73 25
89 123
154 17
113 110
125 179
2 205
182 141
203 192
78 145
42 4
126 55
19 139
156 192
19 116
185 18
69 37
173 62
93 133
37 131
160 54
47 41
4 43
5 96
14 180
129 199
96 11
115 60
132 115
16 69
150 18
203 18
180 114
121 5
146 131
102 8
28 145
176 139
2 54
172 22
193 66
148 40
90 125
2 199
39 96
191 198
13 104
49 167
61 101
14 73
116 75
14 1
165 111
19 125
1 67
7 160
96 68
13 86
146 86
80 80
102 76
73 143
66 50
194 115
65 153
34 171
37 180
188 146
197 23
70 103
39 10
35 150
133 95
66 26
177 149
59 44
3 78
95 99
162 105
65 178
174 205
164 96
170 106
145 187
2 101
102 120
74 174
166 99
107 161
111 173
54 24
3 53
63 126
58 101
70 57
118 116
115 63
155 4
134 146
150 16
54 173
36 88
160 112
76 128
50 75
51 29
95 43
174 17
90 190
170 159
37 85
31 164
52 128
112 75
137 126
182 32
124 18
186 98
147 111
21 37
169 27
185 73
15 134
123 34
115 170
66 27
180 63
147 132
109 82
182 116
135 46
160 162
157 12
122 1
203 177
13 141
8 200
102 70
89 95
79 10
132 34
154 35
134 178
178 64
165 135
87 49
71 94
169 65
155 17
61 8
155 164
13 187
145 185
96 144
73 183
82 141
162 20
157 193
31 86
52 80
158 20
48 205
152 55
197 108
196 115
171 188
129 11
92 189
32 2
197 192
31 154
148 194
91 163
149 116
180 106
34 69
181 137
86 201
87 75
77 41
115 134
16 24
162 185
171 61
122 44
154 140
45 159
188 126
113 139
161 18
153 74
46 40
202 17
175 59
65 6
198 156
29 18
86 74
175 82
4 152
143 130
191 27
130 190
41 148
121 171
60 20
167 88
108 86
164 100
144 97
186 122
156 164
156 86
62 74
142 163
189 84
151 148
179 38
149 30
66 4
160 111
19 90
110 177
193 101
59 205
46 112
144 40
92 35
73 132
55 18
103 3
10 90
182 161
151 108
105 26
71 160
135 27
200 157
185 17
143 116
116 156
59 2
92 200
4 72
134 178
24 13
111 8
126 85
34 123
100 149
5 152
53 75
80 201
62 92
40 18
20 14
43 17
11 146
182 59
97 114
50 114
34 87
103 72
34 124
71 81
144 22
50 111
63 153
71 31
119 125
163 88
169 145
196 20
148 11
134 161
168 51
83 102
154 61
78 104
137 131
45 171
104 62
88 17
184 23
85 168
112 156
131 204
155 70
6 11
165 153
12 87
148 126
4 194
123 190
119 52
31 103
99 197
142 204
118 78
171 192
117 149
190 119
97 186
23 172
52 21
167 5
74 75
27 154
180 204
169 40
192 193
26 60
133 19
76 192
61 190
155 150
193 51
83 104
97 77
183 187
187 98
44 21
128 30
93 62
75 33
51 30
133 182
79 59
77 91
39 14
58 87
186 84
18 148
180 168
189 75
138 113
46 35
193 76
157 136
76 138
195 201
44 7
122 32
68 142
38 148
97 139
69 15
183 191
27 39
166 38
115 40
198 51
11 191
150 179
57 130
32 197
74 31
170 2
197 61
15 2
126 119
156 158
175 114
179 18
44 17
113 195
95 6
15 90
159 157
43 60
185 164
73 162
54 193
127 108
109 8
64 20
57 114
162 90
96 164
190 199
177 21
136 16
140 30
25 24
38 64
104 177
195 46
86 66
35 21
99 87
169 78
122 35
111 89
44 121
53 70
81 67
122 2
45 110
71 104
64 175
116 176
46 173
14 160
59 130
18 205
74 107
91 181
170 18
161 31
116 108
148 22
21 29
110 135
132 131
122 3
141 126
148 190
151 163
56 4
106 130
30 77
57 160
159 164
68 63
60 184
47 16
159 190
194 167
19 99
93 193
162 4
151 188
25 196
6 157
145 163
36 51
119 72
164 103
110 172
203 32
138 92
28 7
185 150
76 175
123 151
49 203
134 2
74 98
27 96
104 149
81 190
149 126
189 108
113 96
59 142
74 196
21 159
20 54
193 132
139 60
90 169
25 169
205 30
175 17
107 164
90 163
161 143
90 195
101 201
45 186
2 146
199 26
166 11
76 97
162 174
137 39
165 43
20 15
59 201
63 163
184 163
195 136
71 187
97 117
54 68
43 185
125 175
34 155
194 128
192 12
93 114
149 24
18 168
125 53
116 161
62 12
62 165
187 202
142 12
128 42
62 192
32 114
136 68
95 151
78 193
103 147
168 160
25 183
195 2
68 3
24 158
68 76
166 65
123 171
23 188
135 23
68 179
163 176
193 147
112 5
106 108
160 101
147 72
53 87
169 130
193 87
80 45
122 205
25 63
194 16
7 143
124 98
78 197
3 74
193 65
32 160
138 148
94 135
147 183
192 41
114 45
140 79
154 60
177 90
117 32
169 5
11 75
62 22
49 28
64 16
49 103
38 35
14 113
149 34
137 186
3 6
76 133
21 166
92 83
145 96
54 80
17 93
82 156
72 165
16 128
21 142
93 137
88 63
63 172
205 189
8 38
116 2
22 187
89 197
194 44
33 106
129 142
146 203
118 55
160 166
104 111
98 28
186 38
79 121
108 110
128 31
54 165
94 70
119 63
120 135
188 197
42 47
101 192
186 128
34 134
36 57
63 205
22 45
86 28
91 32
192 80
113 8
109 132
168 79
8 123
204 183
81 185
48 76
24 4
41 17
203 7
94 61
170 48
201 174
163 126
57 150
67 105
109 178
140 165
53 75
109 38
197 62
181 200
156 92
79 145
145 119
78 173
174 87
59 137
55 117
161 141
103 136
58 156
120 187
26 32
53 195
185 17
137 108
132 147
152 66
162 81
2 2
99 116
189 149
165 53
163 3
57 173
177 132
202 135
160 174
37 97
143 28
205 153
117 89
8 120
184 205
78 66
190 36
46 172
94 71
44 170
109 187
85 182
153 172
118 184
130 58
164 158
69 168
162 200
23 141
40 12
132 139
145 145
8 136
63 51
97 148
197 78
109 69
106 116
75 73
82 137
34 46
97 80
52 57
135 113
4 1
132 11
168 181
52 58
132 13
34 203
164 66
165 82
73 20
20 112
173 66
146 41
106 201
119 48
87 68
138 131
173 20
29 146
23 26
126 2
101 112
117 50
172 168
54 58
155 135
193 106
29 138
64 98
180 146
194 57
77 93
38 7
65 63
137 130
63 192
22 18
169 17
204 55
64 52
146 31
133 93
104 114
182 91
43 170
93 160
71 57
133 3
86 126
112 83
21 34
181 7
1 26
122 3
86 157
192 152
187 62
145 49
161 56
85 202
113 88
115 173
39 127
100 117
56 109
39 193
199 162
106 68
195 50
195 94
42 168
110 39
195 103
27 31
202 184
74 106
162 173
72 169
88 164
23 35
33 31
92 24
28 44
115 145
153 167
176 164
71 155
15 116
188 159
94 75
38 174
31 39
174 112
95 44
117 107
197 194
58 146
61 68
126 173
164 20
108 22
32 154
39 93
200 19
190 172
123 110
19 19
170 158
94 127
111 6
35 65
142 67
65 171
122 124
115 141
119 142
137 124
83 131
50 120
136 38
138 99
118 201
76 132
160 79
69 145
111 22
187 91
92 199
140 95
66 19
145 19
2 204
192 38
91 111
180 184
83 117
78 163
112 141
74 66
106 187
42 47
82 18
9 3
114 163
114 158
87 82
130 192
63 201
178 147
117 158
167 172
81 171
22 85
91 205
205 121
57 94
102 186
91 104
181 61
63 17
7 143
103 83
65 168
129 61
71 183
108 103
79 54
174 197
109 158
74 192
115 26
163 142
72 53
109 7
130 176
141 205
170 61
14 23
137 86
60 177
153 142
171 45
19 80
43 180
107 43
40 21
12 121
179 136
63 192
84 13
174 88
139 200
153 151
74 161
94 158
106 91
118 120
56 110
62 188
118 85
135 172
3 113
54 133
53 139
171 184
100 159
55 130
152 131
61 28
115 133
134 78
107 128
32 113
137 60
139 109
115 93
109 121
55 70
133 148
48 68
42 189
8 14
111 161
6 58
159 3
155 96
79 62
12 202
163 160
90 6
174 18
64 103
199 54
178 188
155 51
62 161
105 42
36 142
123 149
78 184
102 16
54 133
34 176
91 171
71 108
97 67
19 147
51 139
154 76
36 126
91 86
160 193
98 156
74 180
11 191
44 100
118 129
196 166
176 122
80 65
179 28
148 117
134 124
129 38
6 36
15 105
5 126
176 171
25 179
28 32
115 80
46 139
169 67
149 28
166 70
158 93
47 3
130 54
116 162
67 45
187 125
29 191
93 94
79 95
145 197
55 121
83 23
56 51
142 168
60 34
20 90
17 3
166 159
100 121
164 59
41 99
34 103
137 77
69 202
113 7
136 52
199 158
134 165
77 182
148 125
70 140
95 101
56 188
41 8
130 75
129 168
8 141
194 53
65 201
34 75
134 177
140 195
189 6
200 202
118 103
155 165
172 109
102 150
152 193
125 105
128 61
203 94
173 3
98 171
18 137
84 93
90 49
93 198
183 24
101 123
187 162
183 53
48 34
111 200
135 125
96 1
149 51
10 136
4 1
48 177
185 133
136 145
37 199
117 142
182 170
153 97
86 144
6 175
154 168
63 133
142 186
205 156
183 129
145 165
148 84
188 50
80 29
31 153
192 125
65 92
2 154
2 140
61 205
86 195
108 129
32 127
171 67
122 157
155 95
46 63
107 47
173 101
176 44
147 151
64 197
140 176
43 171
99 56
112 119
108 172
117 12
8 127
181 158
107 160
45 52
69 197
141 98
138 179
97 178
79 186
181 7
147 80
147 111
163 202
102 15
193 24
28 69
202 61
30 138
74 185
6 65
119 160
53 151
196 141
126 108
47 114
188 173
199 53
13 71
75 86
183 171
165 147
149 12
34 124
174 125
69 201
37 12
181 61
165 124
156 5
33 20
9 31
166 118
53 112
183 94
79 80
76 137
59 134
90 194
187 15
168 64
29 122
162 74
201 137
72 73
95 42
84 83
39 80
128 154
190 51
183 102
179 151
95 50
18 121
69 99
47 80
112 165
31 33
104 129
139 63
96 172
196 114
101 199
89 121
62 178
137 1
194 86
181 129
84 186
189 109
91 89
158 152
37 32
32 198
193 38
163 88
68 163
131 192
103 17
172 177
139 173
187 63
169 104
25 100
152 51
127 97
45 41
176 39
163 141
95 63
46 35
96 203
1 115
17 187
67 35
105 115
116 196
132 114
17 170
49 39
163 185
114 134
198 52
19 189
50 174
42 199
93 17
77 22
93 74
111 77
136 35
80 128
94 165
196 46
202 62
171 108
157 117
135 8
187 132
1 148
142 24
126 57
203 103
129 12
37 32
26 181
43 24
191 36
199 179
168 182
70 125
23 98
69 204
173 194
168 185
34 85
55 152
121 109
174 35
77 138
181 120
117 19
76 70
97 44
59 38
13 87
178 55
29 83
88 51
114 91
99 23
64 182
61 205
179 26
176 130
69 148
44 148
76 49
203 128
70 176
3 97
199 130
170 175
192 121
72 2
148 150
47 11
159 113
119 109
7 153
145 132
55 49
119 25
137 176
16 183
29 188
27 133
180 188
4 164
17 36
181 90
60 125
89 87
91 23
192 173
58 81
26 26
140 47
43 60
128 184
39 104
63 97
11 16
60 81
76 144
158 49
203 88
166 125
25 196
175 6
101 65
46 94
133 36
44 134
30 159
194 55
65 57
76 196
104 51
61 55
174 203
80 167
52 107
184 29
175 177
129 40
64 111
7 33
38 168
118 137
136 167
19 125
64 40
136 143
30 37
184 151
83 198
70 104
198 140
169 147
144 1
140 106
70 125
95 149
189 96
29 142
193 112
179 8
162 34
117 54
40 44
61 76
9 132
190 70
124 3
89 151
10 200
174 132
146 114
128 37
196 81
129 149
41 12
186 123
58 73
116 45
18 31
171 108
123 185
85 110
203 134
43 180
69 196
180 130
70 70
84 60
177 21
119 38
6 24
65 142
123 12
83 74
109 30
13 112
20 145
204 153
114 102
116 21
120 81
192 124
78 11
61 46
90 112
58 48
162 185
108 161
92 35
71 166
146 46
58 38
139 10
52 104
7 159
202 44
180 112
194 170
40 70
123 33
56 100
156 57
187 181
133 52
116 34
157 111
189 50
80 63
124 139
188 114
102 148
75 55
21 141
56 77
93 192
71 143
7 180
192 12
161 118
59 112
107 22
86 167
35 165
168 134
62 58
87 165
174 145
69 165
108 92
147 150
119 140
88 23
94 120
177 48
96 55
138 82
19 121
68 48
2 34
6 151
88 59
76 178
123 122
157 163
150 177
196 200
123 80
36 204
54 40
48 113
21 173
102 109
118 111
35 30
81 57
172 165
175 183
124 102
191 159
91 181
128 178
2 137
141 201
186 24
110 34
76 162
171 42
152 138
180 7
146 91
179 101
167 65
17 123
32 148
17 108
205 96
127 155
162 204
120 48
157 44
19 168
16 146
36 36
136 183
123 80
69 107
103 153
81 27
42 75
111 8
152 110
183 97
169 139
100 56
71 151
135 196
149 80
1 180
179 21
172 16
48 97
183 124
67 8
138 126
65 26
187 177
32 73
13 186
113 194
173 118
109 112
201 87
68 25
141 12
202 153
190 167
177 113
105 43
160 70
35 44
153 90
202 56
76 132
165 121
24 134
107 95
195 60
46 168
107 167
163 198
49 116
39 156
139 17
150 172
25 47
69 75
5 156
201 42
199 99
66 118
196 199
103 48
74 156
199 99
196 26
37 173
176 120
30 101
27 9
156 77
181 59
66 2
117 56
75 78
56 26
201 184
187 51
157 36
31 72
167 155
66 183
142 190
33 122
81 204
36 52
106 91
118 66
123 152
155 27
159 183
110 113
172 101
94 158
181 189
157 35
96 60
143 1
110 47
55 42
108 93
191 201
97 72
15 122
205 1
84 87
58 124
106 52
41 130
21 45
15 26
43 3
6 38
114 158
126 49
67 186
110 180
108 148
44 80
127 155
189 172
7 68
130 158
118 20
37 152
102 33
87 84
24 169
169 172
115 7
200 97
128 166
138 1
1 45
83 195
78 127
35 95
136 27
172 182
119 186
85 196
138 205
7 173
57 37
167 148
157 68
97 48
4 51
182 38
133 38
150 29
202 59
148 125
81 133
110 30
135 59
116 172
36 151
159 26
64 161
25 5
7 87
189 38
37 111
78 33
52 64
139 192
132 53
153 122
36 16
46 176
200 41
178 74
21 182
171 82
162 65
169 131
31 7
202 146
113 144
182 173
13 149
117 189
161 61
152 152
163 68
179 128
169 30
33 205
85 146
182 47
141 36
40 148
97 54
146 134
103 1
13 40
151 66
116 139
181 60
122 139
1 202
76 190
116 74
140 23
46 130
188 66
178 77
80 31
132 7
137 149
175 75
166 204
111 69
187 184
148 87
107 193
69 22
34 37
199 73
8 154
83 66
172 19
196 85
180 161
105 53
148 45
151 4
115 165
102 101
143 31
65 188
41 176
5 26
203 127
96 159
24 94
134 21
139 173
66 2
100 28
94 70
101 103
191 80
85 71
171 92
135 38
21 11
14 143
179 51
177 125
161 115
81 141
156 26
198 165
171 171
162 58
64 50
80 10
136 148
49 179
31 18
199 113
121 37
127 48
4 90
111 71
184 67
147 37
138 157
164 58
78 189
116 131
78 186
204 125
170 151
95 135
131 40
157 181
136 74
198 18
58 7
7 174
15 72
174 62
21 25
113 145
202 148
108 114
4 38
89 177
143 92
39 201
100 172
182 36
89 42
13 54
167 102
146 4
199 88
58 186
19 52
184 31
51 68
138 31
193 149
150 70
55 166
116 108
181 171
66 76
131 64
166 121
38 154
141 102
111 143
62 81
200 3
197 37
194 125
69 50
70 179
168 10
121 149
104 69
96 8
21 157
55 197
126 177
73 67
90 15
84 159
181 133
19 140
110 164
152 154
76 72
183 87
122 50
160 205
52 2
155 86
146 91
149 1
138 93
19 167
131 24
115 31
48 121
139 57
85 40
197 22
180 92
167 11
90 63
186 154
188 53
100 104
130 7
90 52
71 139
37 10
116 119
111 35
77 126
80 148
200 190
145 96
126 133
185 174
187 187
130 39
94 18
91 205
204 95
43 66
22 140
63 118
201 199
9 99
17 135
127 78
122 93
29 40
163 188
114 65
52 42
199 101
204 48
137 117
51 42
15 1
93 110
66 177
49 43
105 60
123 199
72 138
27 88
58 63
103 97
6 30
124 138
181 41
127 65
87 100
7 23
128 75
79 135
169 109
181 18
16 165
98 177
158 112
185 43
147 35
116 42
168 127
60 134
169 147
3 80
194 13
9 105
50 173
120 26
82 137
198 141
170 11
179 51
108 6
19 193
180 141
162 94
190 126
180 182
101 30
196 204
137 45
56 93
154 65
56 101
108 111
121 71
202 51
12 68
81 96
28 52
34 67
29 121
197 42
14 82
87 164
34 36
13 186
97 67
29 10
108 31
57 140
92 123
75 127
199 169
30 140
74 65
122 178
5 17
160 115
161 114
112 132
113 170
125 198
83 2
22 169
74 120
70 53
71 62
188 115
61 157
176 168
67 42
26 88
163 96
22 52
107 54
136 60
125 201
11 141
117 194
194 163
201 75
58 134
173 153
69 185
75 96
68 35
146 111
63 62
43 114
119 86
61 23
59 3
184 167
16 92
125 108
60 76
199 45
159 35
196 47
125 104
50 174
205 182
203 118
25 25
164 12
49 170
39 162
100 186
188 56
52 186
175 64
203 35
97 78
187 190
15 201
97 91
28 10
174 24
205 133
75 30
178 45
107 195
144 132
24 46
72 56
68 89
78 10
186 191
112 10
62 132
41 29
99 153
88 200
60 32
88 64
36 102
64 94
194 15
140 180
104 201
61 124
21 100
29 149
177 168
69 25
67 151
93 190
40 191
1 141
12 47
155 69
67 108
179 78
143 162
24 70
44 1
53 18
177 126
133 72
63 108
26 193
162 135
66 132
11 185
161 174
76 125
7 3
113 9
3 58
121 83
20 62
62 116
158 152
171 71
190 62
151 100
191 97
51 70
147 21
165 102
62 60
99 25
149 146
118 179
139 15
7 5
83 200
117 141
142 114
98 69
110 36
154 10
180 103
95 35
188 10
179 1
144 132
112 159
87 183
41 173
28 36
33 15
83 21
57 121
117 2
83 5
132 38
121 39
89 8
12 48
105 168
165 151
13 47
15 142
170 136
77 197
172 92
91 134
1 113
64 123
17 6
11 98
108 90
196 113
113 46
159 179
93 99
144 179
114 49
109 118
123 33
122 41
16 110
25 28
52 205
32 92
28 156
204 30
122 131
26 57
200 76
148 184
75 47
81 38
7 45
29 90
180 72
36 141
20 145
53 77
143 28
109 51
164 148
147 151
49 26
70 167
36 179
14 198
111 144
198 20
55 77
53 29
10 17
54 106
22 99
200 153
78 200
42 2
132 194
7 153
73 13
202 106
38 73
53 46
179 117
199 114
105 1
190 129
101 61
203 200
174 76
203 124
57 144
187 14
155 196
105 198
171 94
180 14
17 113
199 15
144 167
185 66
185 130
179 171
31 179
95 38
69 73
101 111
24 103
20 160
172 198
89 116
130 5
109 22
84 94
133 151
151 64
117 68
158 101
189 141
144 66
30 22
11 8
56 177
26 96
146 10
167 28
146 27
116 112
27 204
16 74
8 6
190 186
199 155
9 140
119 70
161 120
98 201
165 110
199 121
123 162
101 185
115 101
194 93
189 199
136 13
33 194
137 198
17 112
106 15
103 149
20 99
142 194
124 175
7 76
129 18
99 159
81 160
20 94
150 200
147 28
166 137
81 178
50 202
97 31
111 163
85 41
108 8
168 51
121 160
50 94
134 72
62 110
109 71
72 17
88 6
94 80
105 119
114 163
97 149
69 109
152 89
47 5
26 126
138 89
67 99
128 152
55 35
84 112
176 83
74 40
145 199
195 176
169 87
115 82
86 156
119 182
183 40
50 94
48 19
121 166
152 18
149 171
149 109
90 203
19 102
85 138
22 19
140 166
113 31
115 139
157 21
199 148
127 204
143 92
38 203
9 115
195 142
9 28
40 137
196 19
175 46
123 202
104 124
50 179
91 64
195 116
154 28
20 188
114 78
154 101
43 64
171 199
10 44
77 128
156 152
96 68
186 97
188 160
176 64
52 22
132 195
179 141
192 147
199 92
88 90
143 123
108 61
153 104
190 15
163 190
199 49
11 140
152 150
124 72
189 35
85 103
99 55
60 25
177 197
99 197
21 122
161 60
198 185
58 63
183 91
153 106
162 109
201 83
149 172
91 3
78 152
163 136
144 47
42 7
89 153
205 44
7 94
188 187
181 84
62 183
170 35
121 168
148 111
71 46
21 27
117 124
161 104
200 44
25 120
58 106
205 79
130 8
145 149
24 98
199 197
72 204
170 163
116 51
84 82
82 124
13 71
78 202
28 194
4 14
187 29
154 162
183 62
129 81
113 72
130 176
32 140
59 151
29 35
178 157
147 73
6 27
120 25
170 196
198 70
152 98
94 3
62 107
15 64
45 169
27 179
190 90
88 155
186 85
127 61
82 171
96 199
168 43
88 96
20 137
122 181
24 30
115 47
133 152
9 112
122 75
198 5
61 106
25 3
38 90
129 183
115 37
104 12
112 63
5 165
196 149
112 24
121 6
152 99
66 18
199 68
2 190
197 187
111 76
191 56
205 37
16 178
152 56
114 178
129 115
116 86
173 19
55 80
156 44
121 10
130 132
155 164
31 57
205 119
60 162
8 166
199 111
111 116
3 145
168 183
113 169
34 157
17 179
203 185
113 103
74 81
28 182
49 191
185 89
24 5
10 114
166 70
62 149
109 105
101 4
2 12
187 156
194 54
13 169
29 74
10 182
34 53
165 125
44 86
41 25
28 91
160 9
106 25
125 49
202 120
201 119
138 81
186 46
65 204
36 170
186 133
168 132
194 186
37 101
184 201
20 33
80 101
30 133
177 116
99 164
126 108
28 12
12 200
109 138
128 71
62 131
123 91
193 1
1 108
167 147
202 51
128 34
160 101
24 124
37 188
85 5
187 93
19 16
177 54
16 33
144 16
5 1
133 141
61 66
111 7
62 128
97 57
17 141
166 157
147 141
170 88
196 51
80 138
90 198
24 121
148 98
60 153
130 31
58 53
73 43
101 80
6 168
20 13
171 80
96 121
137 183
101 131
12 126
88 33
6 159
144 31
54 80
60 102
201 74
32 134
72 146
33 65
29 124
69 38
70 17
31 186
178 44
146 100
42 56
60 164
39 64
80 57
37 76
55 11
53 17
4 29
153 79
55 92
183 166
29 66
203 28
86 117
9 114
35 28
72 151
14 17
51 75
50 130
130 16
161 183
196 175
69 63
181 180
27 23
93 204
117 195
152 131
86 115
42 112
50 182
156 22
4 163
159 67
199 175
122 98
122 68
91 76
173 159
176 47
118 156
158 163
31 52
136 74
64 141
128 13
103 110
146 31
75 36
79 69
198 107
89 141
100 94
136 70
32 123
27 136
58 150
86 112
145 31
36 91
133 14
167 170
145 46
51 188
71 174
3 52
137 128
108 115
26 72
127 151
194 129
89 109
48 34
99 115
3 147
26 71
151 155
1 41
6 170
81 47
72 91
156 73
149 127
26 108
52 90
104 65
42 56
199 115
57 32
15 100
114 44
156 56
78 125
14 1
39 65
124 65
29 32
191 11
79 22
76 202
36 135
59 171
82 69
184 99
136 138
157 33
84 25
39 43
122 19
111 130
88 29
60 135
146 137
179 144
201 33
190 111
150 87
4 184
74 43
10 67
205 89
203 178
182 7
92 120
54 121
153 39
105 100
48 36
97 126
74 148
156 83
13 104
81 155
37 79
73 194
192 132
2 106
170 68
50 85
189 156
163 26
173 8
133 132
14 189
164 133
55 32
21 66
127 202
155 39
32 59
171 109
56 95
93 48
67 129
81 95
52 164
179 163
55 125
132 95
96 65
116 45
59 37
144 117
3 15
48 160
162 77
26 16
129 91
194 2
111 23
25 187
124 143
135 176
108 22
191 119
40 147
108 33
73 64
167 118
16 87
153 43
74 126
131 96
180 24
189 136
13 155
111 198
31 76
156 2
188 177
129 184
141 138
27 198
146 56
149 12
47 114
141 153
100 33
40 91
50 51
22 33
68 143
7 195
70 18
169 36
145 93
191 97
18 204
80 26
173 109
39 164
149 167
85 136
17 26
56 28
154 116
1 197
88 193
189 15
139 99
25 137
113 126
35 126
193 92
8 186
70 45
174 194
57 56
16 96
119 2
90 173
111 34
127 136
6 112
55 34
180 12
31 152
30 198
97 129
89 75
9 162
95 36
49 180
151 90
185 7
95 47
187 204
120 138
31 175
80 28
194 90
112 168
9 172
181 61
114 53
5 182
19 45
35 174
95 48
161 63
67 201
60 40
86 190
82 163
80 195
27 2
189 18
190 123
148 173
178 198
182 176
92 173
60 53
139 102
187 84
132 134
167 147
181 54
98 45
138 171
60 199
187 22
82 20
184 86
158 166
32 94
114 88
170 48
76 77
180 200
93 182
168 68
70 86
36 96
81 142
18 91
115 204
110 15
93 166
112 62
161 49
101 87
122 22
44 160
46 143
7 6
152 194
163 141
79 88
171 95
27 63
41 174
74 198
113 105
174 81
51 44
198 97
118 173
19 23
9 160
1 202
172 44
202 66
53 120
55 35
167 190
143 107
72 16
8 189
67 186
73 168
196 31
33 105
173 3
12 181
113 29
130 163
59 96
146 183
125 165
182 131
139 147
128 45
104 49
100 41
51 51
126 28
59 165
145 23
159 27
53 174
14 86
82 150
47 94
205 78
189 23
74 1
69 136
74 86
82 26
108 1
65 123
32 166
119 148
52 42
76 82
85 2
111 173
62 143
175 107
13 31
172 67
30 162
200 131
40 124
78 203
200 171
109 6
3 121
193 182
76 128
82 62
120 61
58 65
145 169
162 65
121 101
142 135
81 199
105 70
88 142
7 72
18 194
177 142
172 107
203 2
134 5
55 41
182 149
113 102
120 20
86 174
110 151
106 25
110 126
197 51
102 101
110 108
49 4
92 172
96 192
35 124
156 155
167 24
36 89
80 137
4 123
13 78
112 34
121 22
187 57
178 24
116 151
169 150
156 168
175 100
142 48
99 85
104 181
53 82
91 18
95 71
182 29
145 107
20 133
137 32
157 171
191 166
153 95
67 143
115 202
46 153
93 160
24 81
198 187
86 37
117 105
60 59
72 169
77 44
150 78
60 182
51 65
199 53
4 146
110 35
157 26
73 109
134 25
29 166
49 152
55 114
183 16
83 26
124 44
95 23
109 18
144 121
11 169
172 193
47 120
200 170
143 121
148 15
147 41
189 70
160 164
194 69
60 179
112 70
174 167
187 14
70 145
83 26
59 201
23 36
85 58
96 195
155 172
140 140
98 205
197 59
12 74
129 168
31 83
136 187
103 128
166 191
35 159
149 171
175 84
177 59
4 75
185 7
2 191
48 7
135 34
187 4
29 43
39 202
177 166
56 145
189 130
14 16
86 115
1 170
165 184
144 50
1 205
200 31
19 161
144 31
88 24
123 87
67 122
116 39
113 99
178 168
120 35
159 35
50 121
179 187
130 169
172 98
88 190
94 204
128 65
83 199
84 11
28 100
155 53
100 40
2 82
73 75
84 62
155 156
41 49
92 119
138 162
166 99
17 122
111 177
174 63
116 155
25 13
113 78
197 180
10 96
49 61
133 19
86 69
189 59
11 82
97 124
11 132
40 101
171 174
128 94
143 18
108 150
74 71
107 50
141 114
97 149
87 106
90 1
129 108
188 168
96 34
123 84
48 37
113 14
137 41
31 130
99 90
110 74
160 76
119 154
141 56
186 118
32 64
199 162
134 198
3 52
169 64
101 78
13 116
88 174
16 55
89 150
154 156
52 163
44 36
155 38
186 181
124 62
131 141
100 180
149 75
97 9
149 76
81 156
17 98
182 86
176 56
155 154
30 201
17 35
36 187
111 182
170 104
170 109
100 8
181 11
14 179
25 114
188 110
149 120
31 118
185 62
70 205
178 172
168 172
196 91
145 125
8 126
176 175
65 143
84 59
96 79
183 204
83 195
98 167
198 47
78 140
196 134
12 112
50 70
145 146
120 47
6 39
167 16
121 183
36 157
80 144
31 116
52 79
14 28
27 157
127 26
181 124
200 120
74 96
26 56
164 9
199 162
100 167
143 16
200 85
24 90
116 164
120 182
92 36
56 147
121 2
170 122
129 130
132 144
31 77
18 82
120 173
39 144
37 65
135 184
189 33
183 63
145 180
188 82
157 21
43 19
183 21
172 48
16 15
61 110
140 90
28 193
57 191
118 47
124 4
202 173
9 68
50 79
167 129
31 99
29 59
66 83
148 180
136 65
198 169
76 155
128 33
96 194
116 32
83 154
83 82
40 131
37 65
181 41
111 5
114 198
58 4
67 133
1 88
159 33
79 192
154 91
187 181
174 168
77 197
100 127
39 141
32 47
126 32
191 37
156 162
39 123
169 16
52 151
168 115
9 173
48 170
23 174
106 198
128 195
155 192
5 7
139 13
111 134
199 102
9 134
199 8
119 10
146 185
142 46
6 140
132 186
108 13
114 41
192 151
146 145
6 139
199 84
169 89
17 205
202 37
107 200
75 161
87 125
186 129
119 45
120 128
129 199
71 151
67 172
159 111
90 41
197 178
123 148
89 86
140 165
164 94
128 158
131 14
172 50
181 24
148 142
15 203
8 168
29 191
178 142
200 53
63 1
29 149
48 75
118 173
52 69
157 129
98 198
56 42
58 171
122 25
88 83
1 80
175 146
203 177
86 9
20 132
133 69
75 95
56 129
189 83
121 82
52 136
94 97
16 170
64 168
9 117
127 1
21 199
57 50
68 35
51 74
115 191
92 204
43 179
39 53
158 22
42 180
106 80
134 145
72 160
68 64
176 37
1 60
163 138
64 75
48 74
182 182
177 196
52 151
37 47
147 193
80 89
89 127
137 190
58 173
76 58
49 92
174 199
50 200
193 12
12 204
133 26
121 21
162 130
61 190
164 44
111 201
121 171
161 61
7 65
151 72
111 63
41 9
75 115
115 30
54 165
87 191
99 101
123 127
79 112
101 39
138 31
75 88
49 57
29 79
190 79
169 83
184 182
203 24
100 51
205 27
103 37
84 119
36 66
199 99
182 96
149 53
174 50
190 155
46 140
77 197
4 91
110 205
193 82
26 102
82 30
113 93
70 191
168 19
153 205
60 191
58 106
73 21
135 22
26 150
103 55
44 128
188 71
183 85
30 145
179 10
175 141
98 139
39 166
196 103
128 20
144 51
153 117
174 152
21 162
80 104
148 39
124 103
58 133
165 20
171 138
7 9
119 87
190 137
110 139
46 192
134 48
43 172
198 67
156 171
130 133
121 12
87 138
125 111
138 26
40 187
70 19
44 194
99 12
148 177
