429 8019
127 259
150 287
219 351
80 209
422 102
44 76
295 427
266 197
194 287
92 153
124 314
21 135
70 124
353 353
66 145
156 138
153 304
204 401
334 154
385 143
127 334
186 257
182 213
178 37
139 242
46 55
253 373
41 55
220 418
70 100
304 222
77 158
100 318
82 173
256 369
393 429
53 229
55 331
239 297
194 151
407 242
152 96
393 367
147 168
109 324
297 249
380 130
91 359
175 337
37 25
197 172
371 33
144 247
280 350
169 137
389 340
364 207
210 375
129 93
157 189
175 14
334 155
121 131
138 19
227 338
310 221
413 355
125 205
329 304
346 135
19 251
307 320
62 358
43 333
33 388
74 74
378 312
22 206
41 236
60 92
421 418
386 416
242 20
255 58
158 121
193 309
427 379
411 125
231 58
86 202
82 329
415 256
373 329
53 218
31 157
190 48
246 100
40 86
389 240
354 232
364 132
319 166
289 307
81 60
270 241
423 208
159 398
344 114
216 240
111 134
301 428
241 297
427 196
404 330
352 294
90 168
315 110
382 28
335 370
127 379
314 61
116 414
423 416
227 137
192 380
426 347
221 210
65 39
426 106
151 361
364 327
20 317
390 187
157 176
330 387
128 164
407 141
285 395
54 314
363 84
164 244
300 85
295 108
326 9
409 286
220 319
2 17
35 90
102 427
63 128
123 400
339 173
107 41
178 17
419 309
177 267
12 65
94 335
135 424
215 238
112 102
425 70
330 167
151 220
138 15
315 16
85 187
395 424
35 317
152 251
254 62
66 255
2 404
187 210
16 39
350 283
355 190
226 45
335 95
169 257
404 216
275 386
203 4
245 86
161 293
386 180
144 274
135 376
297 215
103 235
357 317
3 50
178 264
422 17
236 217
32 105
72 338
79 65
372 99
168 302
291 374
278 385
26 211
429 47
135 264
136 177
319 215
210 158
343 292
351 184
287 318
388 132
390 18
149 348
190 208
112 296
353 219
328 47
74 87
70 69
124 329
406 139
286 322
146 145
231 291
315 327
208 227
135 408
173 340
181 290
287 315
229 165
429 58
193 47
87 40
1 14
19 231
359 97
29 276
133 122
406 173
59 145
357 200
207 339
261 22
283 309
127 134
200 385
133 204
71 422
397 375
66 290
287 47
125 86
367 149
150 238
93 33
155 347
30 390
55 405
377 114
331 138
195 140
378 185
314 335
390 374
411 140
395 144
107 408
315 311
349 318
429 390
28 74
317 330
245 202
79 396
324 177
77 183
327 288
119 354
364 156
88 372
41 370
317 82
64 415
128 252
208 246
99 158
221 375
392 37
241 232
291 270
29 403
9 192
158 366
140 195
382 116
58 421
125 256
323 337
428 198
325 320
267 179
257 213
6 144
397 109
417 53
80 390
229 370
63 3
62 344
44 122
137 379
291 221
336 187
354 233
22 79
266 26
77 46
38 349
51 407
418 209
144 354
125 95
95 75
401 281
71 182
14 408
420 399
367 75
253 189
204 115
72 320
160 234
24 233
220 78
353 198
11 109
174 73
218 399
193 117
383 98
4 98
359 402
73 301
208 303
86 72
62 170
339 391
204 11
294 310
122 217
31 288
296 96
108 301
122 124
77 27
198 371
260 355
326 307
136 170
100 336
329 111
138 61
85 91
4 91
384 148
143 33
220 20
244 99
364 346
137 399
246 52
84 199
237 398
382 133
155 306
248 229
300 164
185 303
253 306
265 164
220 97
398 386
145 112
211 187
353 298
376 377
368 300
405 322
325 201
292 80
356 269
329 60
393 176
215 290
326 286
237 199
61 22
369 116
384 68
76 260
165 64
86 381
204 54
414 227
160 309
267 35
197 304
115 167
134 337
197 36
337 364
21 8
247 86
307 162
94 313
382 301
414 299
8 166
368 153
254 369
260 331
206 199
173 290
387 102
423 225
33 16
231 14
285 419
170 93
28 47
211 67
114 197
384 373
240 150
63 60
319 405
314 37
244 237
425 231
91 210
397 99
133 195
75 79
259 158
368 113
375 255
126 217
38 386
350 135
141 78
405 330
357 273
132 273
382 144
284 184
181 39
3 386
49 398
139 13
265 383
327 371
390 405
117 176
292 353
105 406
274 311
7 6
367 338
126 304
115 345
227 40
174 161
367 311
190 418
165 87
305 49
136 81
244 150
321 323
3 178
110 300
325 363
322 267
380 271
28 262
170 372
380 318
365 318
74 94
189 166
407 50
122 20
269 429
272 45
264 85
294 235
308 129
276 107
410 150
298 425
31 58
51 302
12 186
185 401
153 132
28 243
381 112
65 212
214 281
411 343
303 349
162 422
110 115
351 378
90 406
386 125
348 101
36 364
32 388
81 295
186 270
336 148
119 181
242 241
239 37
231 87
394 81
12 289
187 76
108 89
344 164
241 244
285 261
357 157
297 323
62 317
326 348
251 159
385 341
109 321
196 399
289 260
406 163
424 350
185 356
347 78
145 334
245 4
36 269
35 128
107 400
129 381
222 152
325 67
372 152
228 197
240 91
371 148
297 400
2 386
36 345
89 278
120 243
229 295
322 2
371 181
27 176
115 242
333 255
166 143
371 400
386 144
259 138
140 13
269 140
371 80
15 115
162 82
49 154
341 387
70 27
355 266
273 205
153 191
59 212
316 24
319 103
401 236
25 390
202 222
396 301
320 344
9 57
227 60
367 316
153 395
192 125
372 181
400 24
333 43
350 365
368 19
82 28
127 248
200 58
85 215
162 312
338 291
134 68
397 229
299 344
243 408
265 234
259 4
260 194
387 144
368 402
22 263
196 282
41 137
267 245
28 79
349 308
170 95
128 181
40 73
250 183
239 328
188 357
330 66
174 39
343 166
57 363
75 401
319 290
169 100
11 254
243 7
396 155
282 288
316 398
394 82
396 222
330 170
195 345
427 328
302 267
359 115
45 173
13 84
130 372
123 20
85 384
239 188
371 125
45 7
19 313
166 214
412 124
125 233
91 116
270 91
198 96
88 233
327 393
201 400
399 393
77 324
184 303
315 13
402 167
97 14
7 158
28 3
406 56
378 193
75 407
204 215
182 84
12 21
61 219
114 364
9 158
234 113
312 410
338 219
72 368
253 358
13 179
110 128
280 247
54 70
109 348
201 405
167 245
417 311
153 18
177 98
107 405
74 171
99 401
356 339
58 54
200 174
169 23
163 328
306 428
357 393
307 239
2 82
96 150
287 44
6 231
207 209
236 352
5 271
174 46
139 6
89 27
297 205
152 24
373 336
160 344
399 318
248 58
382 38
133 70
194 155
366 288
363 376
168 156
396 429
136 219
412 422
134 266
293 194
392 369
367 313
128 258
293 330
27 260
138 385
226 184
118 413
375 399
367 170
371 375
298 342
111 128
183 183
249 318
274 403
325 293
13 358
195 189
82 346
326 426
113 132
205 328
245 19
420 56
398 309
96 98
75 286
96 280
172 423
394 164
148 7
238 142
113 382
115 16
380 417
40 379
125 50
155 149
49 226
116 401
168 114
142 165
31 295
203 217
31 116
172 144
406 176
247 300
304 6
82 82
2 40
207 54
171 69
121 50
154 309
222 400
412 164
263 15
384 173
389 356
341 12
103 205
177 224
247 126
249 336
79 421
264 370
247 132
30 254
366 151
350 218
361 212
221 122
260 112
257 99
185 354
227 139
124 238
143 5
144 80
272 262
259 178
126 79
190 389
52 77
201 33
182 234
92 410
298 200
357 52
26 57
43 2
75 149
204 401
86 262
363 165
49 244
185 140
416 331
283 391
55 49
376 123
105 73
189 216
267 86
59 204
339 175
188 373
92 186
415 292
208 340
263 14
231 337
292 138
224 389
130 266
243 152
330 64
135 196
41 101
255 262
338 155
128 112
389 35
6 399
48 113
169 3
181 59
197 127
340 349
280 178
389 323
381 375
144 368
83 150
269 220
384 423
378 183
403 193
258 311
117 197
136 341
407 382
412 322
189 172
54 41
50 267
15 65
296 429
84 94
419 45
402 104
232 317
256 176
389 369
99 244
46 26
239 380
353 288
57 49
229 133
409 155
141 203
289 24
296 351
384 224
402 160
242 137
133 352
116 9
237 30
171 304
259 302
287 261
287 322
26 85
359 27
76 142
309 231
316 128
194 81
253 402
133 327
301 408
67 322
196 279
136 110
244 105
427 115
79 165
345 201
87 87
333 101
66 26
148 85
217 63
193 19
410 79
346 308
167 279
264 323
2 14
254 270
23 50
297 303
210 367
54 420
220 274
126 305
399 369
18 342
331 224
286 380
305 25
138 158
182 20
176 20
359 303
282 77
27 326
7 371
20 158
43 242
101 337
221 254
12 368
60 14
206 12
144 127
124 3
260 185
416 273
243 240
344 179
367 122
107 19
340 259
183 285
12 376
146 82
135 202
13 334
4 138
223 78
91 244
71 1
65 335
114 85
208 240
262 142
400 362
214 416
347 371
299 408
184 373
66 311
300 280
305 256
130 209
175 334
247 369
328 201
341 119
57 79
335 255
35 212
26 290
229 209
214 59
353 174
317 370
9 324
369 122
65 216
62 262
115 95
139 162
154 288
182 59
96 132
409 298
391 254
23 311
288 250
291 216
376 6
275 11
282 99
111 17
353 300
63 389
20 320
171 115
194 240
204 269
101 272
259 380
97 143
352 427
225 291
394 77
412 337
335 33
409 139
26 417
11 86
426 356
50 358
93 51
88 86
293 82
230 126
283 274
179 382
378 42
198 204
293 352
25 159
311 268
296 251
273 214
301 164
128 94
356 181
365 102
234 189
380 88
396 166
182 189
126 8
242 412
102 186
178 71
306 187
174 174
217 246
265 336
383 198
319 221
240 272
80 124
142 74
428 169
295 121
120 369
27 208
54 409
52 240
143 27
136 123
363 422
242 163
56 247
156 125
76 169
31 156
205 76
216 217
237 141
246 185
292 360
217 77
74 237
361 71
33 354
103 404
135 221
227 173
325 170
135 29
151 260
241 369
80 360
13 10
224 233
220 22
367 6
89 250
308 387
308 297
268 348
379 273
9 282
311 357
286 295
188 218
76 425
309 328
10 118
264 175
258 182
286 243
395 145
30 422
307 34
132 120
251 342
229 238
197 2
189 376
426 115
109 91
56 233
364 136
199 114
41 131
183 42
126 320
423 216
243 370
124 334
272 287
359 206
243 12
79 334
29 383
232 367
27 308
174 111
217 252
76 54
177 423
219 223
399 150
97 168
255 318
429 122
415 231
349 85
365 224
69 10
270 142
148 314
400 333
296 329
6 118
178 95
412 143
74 123
381 176
272 238
320 114
81 311
405 359
78 46
237 271
259 338
198 357
113 164
280 46
291 127
384 142
287 198
90 218
416 152
300 255
253 379
20 315
110 192
222 1
38 135
126 311
8 413
330 122
370 257
124 425
201 46
392 363
406 190
190 251
271 59
375 37
25 167
398 75
241 323
76 168
229 226
159 356
251 410
268 76
224 155
166 78
214 139
7 246
31 156
227 138
403 302
281 422
347 339
172 274
330 248
400 183
139 367
325 144
240 407
391 23
53 281
173 166
80 399
201 15
191 379
415 240
358 304
299 136
360 401
316 275
287 278
225 222
88 24
266 364
397 53
264 17
389 53
300 56
9 386
134 278
208 281
180 108
69 158
231 340
413 305
4 236
103 205
107 368
142 208
227 237
198 275
107 369
292 222
412 99
266 146
121 46
215 253
14 423
293 155
62 73
36 77
174 410
181 220
331 339
43 343
234 76
193 115
388 334
123 169
67 344
162 366
126 265
123 73
198 235
204 292
70 170
89 152
131 99
379 313
229 85
40 40
113 304
240 38
289 178
18 46
367 46
235 288
36 131
35 29
376 100
49 7
21 45
229 387
13 44
392 193
264 166
288 60
333 300
372 96
328 391
51 183
313 413
332 1
399 183
41 226
20 133
363 177
391 170
43 347
369 10
9 98
174 358
275 290
400 46
291 326
364 106
145 224
336 356
197 339
181 144
53 309
429 328
252 8
212 112
366 35
314 52
191 420
270 173
355 298
74 389
21 266
255 309
118 346
397 77
255 88
326 96
263 115
375 98
294 132
112 120
16 56
172 199
406 59
345 285
402 142
408 80
251 12
341 427
207 225
37 192
63 100
353 286
145 102
175 312
41 353
26 298
116 183
273 11
324 158
128 385
7 302
47 157
408 333
49 290
415 365
145 22
413 143
409 37
404 312
213 217
59 372
32 201
96 243
147 427
362 409
262 243
313 217
381 335
262 197
420 60
99 284
209 305
249 163
299 416
301 420
174 40
37 225
375 43
41 266
395 23
2 18
115 29
186 115
81 45
280 340
377 50
188 281
339 215
18 83
316 49
365 368
382 318
44 239
149 418
232 123
394 139
330 341
47 162
328 134
36 381
186 276
50 61
278 96
234 373
67 422
297 337
51 375
250 179
388 136
4 70
260 377
218 297
73 305
264 424
239 39
424 324
150 76
19 281
70 140
388 193
412 84
194 25
131 152
92 215
122 413
132 134
34 7
44 118
356 388
142 42
145 241
110 61
125 85
138 234
79 335
355 242
322 187
260 82
302 130
35 158
19 256
305 151
314 215
56 359
280 394
111 8
138 382
351 347
258 135
246 272
166 161
388 69
6 55
404 199
105 248
162 360
116 45
288 266
350 400
419 177
276 386
325 70
75 228
307 393
246 244
331 173
417 199
55 156
324 134
136 336
205 339
258 282
103 93
246 383
278 257
220 420
152 208
248 237
328 282
280 55
406 272
17 201
23 334
123 261
310 68
105 375
50 341
120 264
199 184
227 248
183 152
169 6
152 56
364 199
274 245
59 264
365 197
414 401
354 175
166 428
26 233
415 382
418 327
68 100
317 330
206 82
375 312
31 392
110 216
236 379
226 132
45 380
294 330
26 315
340 373
122 187
120 91
176 229
273 85
73 182
43 403
363 206
315 267
155 136
275 109
355 36
85 1
261 143
43 400
271 152
8 383
348 288
28 234
222 211
412 382
373 357
202 194
94 336
145 378
375 204
273 391
380 252
325 11
15 67
416 379
205 242
95 218
90 142
131 7
72 401
43 264
11 363
366 208
393 308
377 243
163 174
114 48
366 145
390 412
381 245
202 148
354 412
188 277
208 409
17 167
330 158
60 296
37 133
173 222
373 147
278 344
90 314
414 100
270 366
180 172
127 6
358 24
40 257
384 245
218 24
333 360
420 210
392 269
52 1
280 183
25 346
189 169
352 294
186 37
250 230
362 237
211 375
58 30
395 121
175 72
257 33
216 268
397 29
232 3
145 410
1 68
160 132
108 179
270 41
198 325
179 71
425 309
406 67
322 51
229 239
201 176
4 162
103 281
164 323
383 177
239 301
73 245
318 353
137 225
188 27
67 261
34 217
321 386
201 319
138 300
228 359
6 407
179 215
356 417
350 74
317 426
343 106
152 361
350 133
77 122
277 386
299 261
191 92
227 407
322 335
307 395
139 262
163 321
336 164
332 365
242 427
334 199
363 28
29 334
362 94
45 309
40 267
66 100
387 299
328 114
157 5
264 170
14 231
221 379
324 48
143 35
346 304
206 79
312 338
297 366
252 243
260 332
212 3
235 78
331 41
76 83
84 146
224 187
155 418
173 216
50 309
61 168
85 235
381 288
314 116
63 195
276 251
185 90
57 179
291 413
124 62
422 365
415 112
254 169
73 239
133 320
269 122
159 357
142 392
5 88
382 375
54 39
406 323
278 91
408 422
309 285
166 211
307 401
178 256
225 276
250 21
425 65
18 283
113 411
107 112
322 82
404 325
132 392
194 73
122 86
298 359
316 21
217 30
60 237
345 360
88 117
405 95
51 304
166 250
358 152
395 267
251 257
321 370
214 325
100 361
215 335
205 141
175 363
75 83
14 227
386 353
273 162
95 102
420 279
131 384
260 94
390 414
331 202
188 165
208 127
273 298
140 116
86 388
331 145
216 359
180 44
263 256
346 42
145 118
393 387
325 8
21 316
64 289
423 363
359 397
327 371
331 238
68 147
344 83
49 344
88 339
235 369
204 16
201 48
322 50
336 211
244 202
108 23
110 368
336 132
291 309
59 217
408 293
131 211
111 357
323 426
314 403
278 214
148 6
164 206
171 4
35 155
418 93
417 19
282 113
344 160
51 377
52 238
10 367
201 377
39 229
311 165
296 197
291 423
19 297
211 76
396 249
59 387
331 248
110 178
324 78
355 32
298 279
293 80
233 46
276 428
391 297
196 300
306 130
51 211
315 311
118 229
20 63
135 278
233 74
427 226
65 204
78 37
367 298
354 154
353 90
133 386
141 240
216 400
265 207
345 11
402 351
11 236
210 291
365 170
111 31
53 293
105 81
57 334
38 124
324 48
99 324
28 272
101 23
3 353
217 130
408 369
231 198
254 42
144 149
184 310
180 405
287 322
101 94
118 110
247 393
29 31
318 360
427 360
224 103
221 137
391 198
251 202
30 162
93 306
351 313
381 91
356 420
320 75
410 360
303 5
360 125
13 22
28 64
236 320
107 386
401 306
82 165
207 97
293 353
289 282
331 63
212 236
27 293
175 411
385 288
10 263
280 23
319 286
376 402
102 109
154 55
289 243
87 322
284 322
37 311
145 3
173 400
308 238
54 92
255 325
408 57
148 76
350 391
30 354
108 31
301 389
181 292
299 205
53 52
8 264
331 402
125 290
251 144
216 410
65 167
353 319
5 76
180 118
237 199
19 385
380 215
139 239
27 40
66 374
215 17
198 264
117 356
39 45
297 90
267 2
22 365
306 194
352 89
79 392
346 119
107 201
40 158
51 249
386 250
162 337
428 347
382 238
94 301
284 14
191 366
308 90
358 214
389 346
242 420
286 221
291 288
391 133
211 45
422 16
253 268
394 131
372 52
428 261
350 33
240 251
218 135
328 311
209 141
158 200
297 205
293 290
300 124
409 45
268 199
247 207
101 272
213 284
101 355
32 111
56 99
20 304
175 80
183 3
178 301
1 151
197 273
91 105
133 45
388 424
290 61
126 267
69 333
362 184
204 142
382 151
354 268
418 287
130 6
152 70
303 146
394 117
5 331
134 412
409 205
315 227
411 277
197 389
244 279
413 217
110 403
44 336
29 185
229 293
78 290
349 269
306 248
157 348
372 272
108 214
149 323
359 51
19 183
82 64
305 326
297 138
112 158
175 187
59 171
242 22
161 66
117 217
67 422
209 402
121 218
250 399
359 88
89 381
226 158
376 136
297 415
428 317
216 251
369 195
201 325
321 39
393 122
84 70
3 280
6 43
422 226
348 294
247 114
372 233
4 170
82 418
33 234
296 25
24 176
173 349
244 8
113 161
88 91
50 43
403 23
284 128
196 141
200 220
23 359
314 414
304 307
349 343
52 237
89 262
385 38
334 192
250 59
283 400
150 362
401 273
90 171
226 139
396 420
279 96
182 208
130 268
402 16
199 260
16 141
75 371
86 48
67 405
179 153
171 251
147 57
194 359
10 148
403 234
121 5
34 348
265 62
326 261
193 300
380 103
400 51
361 252
227 262
29 43
409 174
373 56
136 406
58 275
171 243
167 412
354 213
422 413
419 96
360 268
121 21
360 99
414 285
281 26
162 240
249 224
333 105
109 203
136 38
323 262
276 345
306 347
151 411
364 304
287 165
145 16
271 69
388 256
410 329
112 357
124 378
288 411
358 154
221 43
428 81
308 257
159 281
371 99
412 387
412 79
428 61
220 333
361 423
232 151
261 368
375 180
28 374
41 308
258 82
27 301
152 253
5 318
378 428
50 348
341 342
363 412
98 20
332 219
262 134
79 55
328 13
357 365
48 173
313 43
170 59
117 243
191 51
241 272
417 396
313 276
174 51
270 414
48 123
228 125
76 62
32 254
302 163
358 162
141 219
290 220
99 286
215 99
242 108
277 418
367 21
326 93
190 58
315 355
15 306
309 276
89 363
8 424
45 17
118 139
428 72
99 64
145 320
405 34
95 305
257 394
253 180
94 311
140 343
203 181
17 327
84 228
190 214
230 369
245 132
199 132
76 171
283 21
40 413
270 68
355 405
297 142
74 198
30 3
399 77
19 2
257 46
325 424
337 246
151 351
309 166
224 108
133 103
145 369
79 206
362 420
98 29
411 379
64 381
325 250
400 237
104 185
93 355
181 96
406 80
352 98
225 405
331 274
388 28
213 336
212 253
6 336
280 414
371 306
91 274
403 154
385 360
219 347
106 16
211 296
34 30
356 98
28 305
185 310
133 48
130 81
203 281
212 64
170 82
115 318
390 216
139 34
53 135
299 308
303 25
191 282
103 395
74 96
226 338
175 321
258 50
5 163
231 313
154 148
235 71
2 184
348 326
51 168
35 344
226 190
127 351
128 168
98 84
92 210
388 378
9 235
247 424
2 322
421 233
390 14
78 357
270 357
138 239
333 241
294 159
250 386
127 416
169 351
91 266
244 247
190 251
181 54
169 14
235 365
92 122
247 239
398 364
175 72
323 259
112 187
184 129
183 226
34 383
377 137
409 314
255 12
79 427
78 259
382 231
144 47
413 318
57 204
196 162
48 343
229 244
168 404
383 12
425 367
61 383
239 201
108 73
280 166
311 415
95 92
208 228
130 101
370 251
233 173
120 126
312 124
151 50
30 171
261 226
410 158
289 341
225 328
93 341
291 356
360 191
113 230
150 105
242 110
338 85
82 194
425 293
217 404
110 183
414 414
289 21
182 408
69 268
54 153
385 108
96 283
134 223
18 341
4 67
159 33
183 411
341 60
423 45
84 206
267 209
122 29
400 363
32 400
324 413
222 260
342 66
296 12
86 395
78 340
16 149
22 15
366 227
186 177
273 330
321 130
203 208
252 298
186 346
399 84
309 87
164 318
66 336
325 177
126 248
339 254
161 229
401 64
209 229
378 383
332 156
105 92
108 391
330 268
276 349
201 341
139 171
278 54
186 92
402 361
417 369
340 19
118 348
420 391
141 200
66 172
366 56
93 44
150 347
170 237
67 277
10 189
155 96
410 131
103 349
265 190
341 67
176 125
18 174
37 45
104 308
333 35
391 130
381 22
321 59
426 298
177 29
19 297
6 210
148 132
56 73
311 134
181 35
8 123
52 161
132 181
406 120
322 153
129 21
420 72
117 310
235 217
290 270
381 96
369 210
161 76
51 7
174 395
294 340
125 78
416 166
230 67
218 298
386 67
323 386
191 203
369 262
294 225
176 26
77 303
338 149
119 417
335 295
66 180
297 16
415 51
1 219
409 171
135 181
97 385
387 159
297 139
164 117
367 365
82 193
202 274
245 47
214 364
401 204
251 139
209 268
20 195
294 333
40 287
344 85
154 199
248 411
383 281
360 158
380 410
83 203
106 11
295 38
429 12
173 425
242 412
162 359
59 57
135 365
361 193
281 359
130 50
237 185
8 75
295 230
223 420
107 326
306 165
242 337
85 396
310 409
283 56
280 194
354 212
67 361
116 228
323 374
346 28
326 145
91 357
79 205
13 47
113 369
117 94
218 176
370 62
308 59
111 266
271 147
424 97
394 308
328 381
47 246
89 251
111 302
170 11
221 258
98 75
262 193
311 262
2 182
57 172
43 88
18 66
124 394
109 4
368 121
90 6
268 23
111 316
2 382
103 280
284 362
262 225
306 294
199 383
303 39
290 379
397 180
58 390
269 251
105 187
319 315
181 98
226 127
254 211
278 277
254 398
7 186
65 415
219 123
354 90
335 8
202 125
8 372
156 193
64 61
293 427
421 189
377 211
57 262
183 99
167 426
53 215
409 333
427 80
16 323
256 83
237 335
365 20
222 70
391 314
185 255
29 124
130 325
27 100
290 107
52 299
168 281
306 218
223 115
248 393
363 71
5 46
227 227
342 406
119 168
359 246
184 384
192 321
104 356
361 196
332 169
300 348
101 356
105 300
279 119
316 383
415 23
249 391
346 263
404 405
276 99
102 33
323 92
124 167
46 369
65 9
344 310
256 309
86 343
34 91
24 317
242 415
290 134
338 399
48 284
229 59
119 159
358 283
64 376
99 373
288 157
119 67
273 228
38 139
312 145
325 421
113 372
134 311
400 220
364 235
302 338
68 324
336 419
185 43
405 237
414 389
238 343
273 104
163 129
316 184
20 417
205 257
308 171
293 21
46 191
370 410
205 176
213 56
403 305
47 218
222 323
141 122
303 199
375 268
414 298
300 109
133 59
406 160
295 240
213 88
42 51
55 243
301 7
215 222
82 242
66 393
132 62
359 28
39 249
340 109
18 197
368 383
247 89
323 278
97 202
214 204
367 336
317 288
65 239
262 292
151 171
81 206
179 158
332 116
77 316
217 326
225 179
115 165
79 144
166 207
422 260
175 148
257 142
382 174
118 125
288 85
170 156
218 6
390 194
21 100
385 404
69 223
79 267
112 232
116 102
94 185
236 268
2 111
39 239
269 14
283 252
371 162
188 240
412 216
337 78
343 248
102 189
314 185
192 67
171 160
258 138
218 299
144 137
79 132
311 103
228 429
123 323
244 183
95 20
322 151
148 121
340 263
364 139
77 114
314 109
286 404
29 379
104 377
368 65
181 259
338 93
341 385
32 109
208 355
168 130
269 235
259 393
115 183
40 309
367 113
118 264
116 15
21 213
283 310
110 361
224 87
297 417
245 39
322 135
155 267
415 58
300 319
170 190
250 171
165 197
348 381
311 363
319 23
56 363
410 288
362 64
45 268
243 306
147 345
301 262
211 215
386 267
342 13
15 284
82 128
312 74
28 426
72 15
192 246
364 307
214 340
207 212
4 399
392 365
90 312
68 311
168 260
219 21
352 10
36 377
163 153
139 41
91 233
169 26
173 207
387 149
393 131
126 48
238 162
390 358
232 308
93 166
174 255
151 14
146 342
279 326
318 15
280 238
417 281
56 254
298 251
328 359
295 258
409 47
120 152
238 363
272 103
232 298
132 190
319 341
87 371
242 205
310 209
256 313
161 68
403 370
205 326
49 376
115 116
82 395
397 243
41 50
199 319
393 350
394 177
37 72
168 212
71 50
62 57
314 124
402 291
364 239
391 86
345 305
387 145
366 160
166 55
427 369
388 77
24 267
250 359
248 347
134 332
257 61
100 8
169 365
322 170
109 140
290 301
44 72
121 225
311 113
407 112
153 273
378 366
199 310
365 215
290 342
177 299
79 281
84 410
311 248
317 412
417 246
63 387
259 15
318 38
48 185
49 32
152 127
65 190
286 372
261 307
232 277
124 384
275 402
102 48
31 400
204 35
8 118
101 27
63 246
76 277
367 24
55 100
414 416
72 38
206 86
293 383
43 212
163 123
113 167
290 410
117 354
355 376
72 300
218 185
303 197
214 181
188 372
90 76
282 74
133 274
69 374
155 233
113 82
136 127
115 204
361 97
83 270
267 354
376 133
85 306
61 16
199 305
303 358
274 228
413 128
161 106
404 8
41 310
291 23
184 205
325 371
307 302
423 181
289 149
247 204
233 234
152 183
210 377
153 137
312 238
411 168
393 149
399 53
65 425
109 225
354 153
18 135
286 205
328 389
315 200
72 89
362 174
405 97
119 66
162 103
40 105
285 105
87 388
40 13
376 289
286 44
286 7
198 201
11 408
124 279
24 309
375 237
163 144
340 55
428 81
55 326
111 184
292 359
34 372
388 19
341 345
263 317
258 392
314 134
121 269
308 248
381 348
298 225
220 300
428 66
333 187
151 282
70 116
204 299
288 348
57 416
72 59
264 266
294 195
17 301
229 427
255 344
35 214
352 143
255 208
323 59
423 278
245 390
64 68
384 26
285 64
170 350
127 239
275 330
67 244
42 146
421 115
30 142
424 407
342 260
324 230
74 289
121 205
115 90
417 2
10 329
125 116
31 171
86 112
228 208
276 14
286 69
162 396
235 143
264 209
98 423
400 370
115 242
295 313
64 261
244 352
323 344
199 177
281 240
414 5
50 134
239 181
186 252
212 275
88 58
251 374
201 29
410 213
236 388
113 331
6 152
317 361
309 359
178 386
312 323
378 383
89 90
51 207
134 144
319 220
150 120
45 3
373 102
219 212
77 290
189 315
113 192
281 225
281 18
6 297
141 333
367 258
334 86
77 405
361 383
392 307
315 370
216 407
366 387
294 134
398 192
253 428
340 56
161 188
405 73
69 386
302 370
301 339
190 417
300 111
401 330
374 57
268 11
180 205
289 57
332 251
30 23
284 357
243 333
373 138
405 415
96 408
225 111
267 264
243 19
100 192
248 75
365 360
85 249
24 222
274 395
309 139
382 284
69 315
194 110
372 271
216 110
193 17
402 200
363 94
29 169
369 395
143 317
196 419
313 155
295 332
137 395
6 291
59 59
418 421
174 200
348 136
184 199
316 129
45 424
373 421
86 135
270 140
147 148
34 193
184 216
131 369
407 120
117 314
214 296
404 272
91 46
272 299
33 287
379 150
119 327
11 215
320 112
240 118
121 109
102 321
54 217
71 254
232 170
139 199
268 322
309 244
266 263
17 422
142 94
233 68
168 85
49 313
273 117
16 200
115 62
115 245
139 92
103 1
311 5
354 144
313 219
345 42
427 285
195 37
262 68
270 107
51 290
324 166
354 85
255 381
102 322
428 87
197 132
175 107
84 334
358 138
229 53
57 202
48 154
394 372
302 99
46 167
392 28
380 253
229 335
328 1
391 202
6 189
207 258
79 129
85 24
386 228
2 125
305 168
103 196
172 409
39 80
102 40
139 370
368 280
52 176
31 280
302 34
257 218
402 66
58 212
387 135
228 240
243 421
269 197
301 270
336 190
384 131
414 262
390 287
63 220
377 253
365 159
316 302
56 283
174 379
422 43
57 331
250 301
29 201
282 276
153 96
76 428
16 176
130 323
398 283
415 70
207 333
102 204
258 356
402 398
93 95
39 191
109 408
16 341
27 48
335 355
370 413
24 356
77 261
168 101
186 243
248 318
207 336
396 142
192 330
122 313
267 250
206 301
370 399
133 90
214 318
154 335
70 319
422 47
301 277
391 415
392 52
42 148
333 198
389 158
48 308
47 344
423 148
341 228
378 157
287 405
166 244
158 288
322 162
45 258
290 39
6 109
134 42
26 113
409 297
411 104
408 171
100 134
201 96
97 426
349 122
40 208
54 54
235 9
425 187
418 201
336 294
223 338
298 248
163 423
213 198
276 362
20 176
297 383
332 164
264 424
182 159
400 302
409 265
319 129
321 88
347 125
366 144
110 232
362 282
107 176
357 4
56 403
226 348
337 198
298 108
277 73
18 16
245 267
77 276
283 263
25 66
46 35
247 158
177 131
198 272
357 169
373 179
269 66
43 232
146 142
234 233
280 7
362 117
390 207
146 110
420 24
216 355
380 243
27 278
400 249
171 23
21 372
372 118
251 421
239 157
15 113
245 394
51 227
196 302
226 306
85 254
95 89
29 287
354 376
287 362
227 29
209 238
391 49
414 53
96 318
236 293
317 209
364 414
400 55
223 23
36 199
87 146
51 263
116 231
403 364
217 112
346 255
160 284
417 137
208 94
173 207
111 228
409 194
419 243
157 370
62 350
79 225
231 341
151 318
215 159
249 77
331 269
118 94
403 289
349 206
298 361
63 317
65 172
298 9
79 91
320 390
82 288
335 323
362 201
198 40
265 2
258 288
203 49
302 195
422 111
369 154
196 40
297 325
74 30
401 228
233 151
206 177
15 187
205 1
140 12
66 96
9 114
129 267
118 180
203 163
379 366
404 202
265 83
386 384
6 254
209 71
225 26
144 243
322 223
298 166
320 188
319 7
311 325
34 1
177 313
150 54
422 325
213 110
240 406
174 420
120 407
243 422
24 376
251 95
298 96
420 83
21 52
206 428
140 70
13 22
22 396
352 196
9 305
104 292
118 328
162 393
82 62
198 336
125 64
220 224
4 406
46 427
300 36
184 170
172 385
9 31
277 171
299 153
295 346
12 345
139 10
229 318
118 395
412 328
227 187
270 236
4 368
418 347
172 378
295 121
286 255
385 148
167 305
341 407
341 83
386 172
297 417
199 426
65 231
65 416
273 248
419 234
1 115
425 32
104 419
329 128
141 36
192 258
241 269
196 239
82 342
321 377
364 258
47 149
243 287
111 66
335 380
292 266
125 230
246 343
81 255
400 335
198 200
158 291
135 290
293 168
19 68
238 309
34 170
408 394
306 304
133 234
294 161
185 15
237 155
300 428
70 132
313 163
186 323
246 117
334 284
355 279
293 90
228 386
150 316
114 322
316 17
82 216
349 162
390 84
182 299
383 305
91 245
113 253
80 324
324 361
24 169
87 163
389 279
412 418
393 236
252 426
77 144
126 84
64 132
291 227
341 256
66 134
152 91
355 177
272 220
370 292
144 142
402 384
3 139
388 89
305 410
201 266
325 379
34 232
288 80
173 367
384 234
137 86
385 1
327 17
379 182
92 78
105 168
195 21
420 414
348 198
129 424
199 186
175 47
70 57
284 196
141 262
391 4
60 173
13 11
132 316
140 208
330 423
423 68
408 384
107 112
301 115
385 187
320 7
159 296
22 230
409 7
328 34
320 241
299 118
419 23
22 429
237 29
120 45
372 413
308 166
249 161
98 19
176 318
360 357
96 180
298 358
409 396
5 354
366 21
23 287
374 136
279 9
95 161
250 163
380 341
421 221
327 119
75 425
321 15
291 67
17 321
129 298
320 274
344 412
193 315
222 227
365 200
21 316
22 258
396 103
392 183
252 250
226 135
11 211
94 202
116 230
366 100
54 330
133 19
65 401
102 209
272 261
388 369
350 226
256 15
122 412
133 165
52 380
186 383
7 75
194 22
255 67
257 285
361 396
292 391
411 370
306 139
81 235
68 283
333 246
217 348
157 360
102 312
30 263
8 165
303 255
196 318
233 158
365 369
273 108
148 200
29 239
91 285
296 41
255 267
297 338
217 143
396 89
416 77
376 28
393 175
145 108
351 191
310 92
271 366
258 328
23 21
121 224
52 87
343 371
315 379
82 413
46 100
349 16
16 284
74 101
104 274
417 60
240 302
3 252
427 60
329 173
91 71
380 232
220 233
319 382
163 146
99 131
330 219
167 202
297 145
429 303
193 383
346 384
231 165
429 107
63 395
258 181
233 251
265 412
354 87
22 108
296 240
19 193
80 393
183 208
394 424
53 228
298 113
32 144
335 19
150 34
266 409
319 288
118 367
32 350
290 246
333 12
318 283
387 58
23 330
30 285
196 264
224 311
22 160
48 391
401 173
50 167
204 331
138 188
348 186
7 305
97 367
213 62
113 121
367 252
175 194
398 249
410 66
260 63
153 266
93 105
177 169
7 102
194 327
168 173
421 214
416 411
117 68
427 307
252 68
145 199
387 104
269 372
106 315
207 126
25 125
319 415
246 134
225 212
337 306
28 129
276 105
348 278
399 197
303 250
72 272
97 377
383 361
123 401
150 419
163 257
116 29
244 156
164 322
47 362
86 111
25 305
163 154
413 289
198 88
385 172
37 47
152 171
115 213
360 404
82 239
344 412
104 168
146 223
294 165
114 343
24 355
145 213
212 180
374 181
17 28
367 213
347 423
180 199
42 257
252 264
366 386
246 186
396 369
293 390
311 249
388 306
15 353
52 104
142 42
27 114
318 67
18 13
336 362
239 409
238 192
35 67
257 125
213 418
66 373
114 40
125 337
303 408
132 205
72 42
71 115
90 265
270 110
52 161
223 184
278 159
227 120
429 176
86 91
105 316
364 153
67 381
13 363
336 14
49 397
129 11
179 159
101 220
17 245
311 251
112 313
109 394
258 424
223 162
70 5
184 392
343 406
15 116
125 2
341 316
307 373
347 29
302 355
394 97
308 20
224 372
79 270
347 351
331 43
415 5
399 429
57 247
190 153
8 2
320 400
263 134
252 123
79 236
148 129
271 128
81 311
377 232
324 206
219 3
349 257
422 36
138 413
346 294
122 414
2 40
74 307
330 365
141 304
407 272
133 387
275 256
153 236
105 27
293 108
177 51
54 207
156 3
153 172
136 270
145 273
201 347
61 113
282 375
209 192
151 320
391 56
27 109
82 393
35 335
169 402
162 81
366 52
284 179
393 287
172 316
129 383
125 145
311 78
330 344
428 369
308 176
12 95
2 426
395 108
281 301
278 365
129 31
300 16
240 316
44 136
92 38
212 113
268 311
401 204
85 382
77 317
154 305
285 301
15 313
88 29
47 158
16 223
284 7
130 380
226 352
253 423
304 226
149 85
168 324
277 200
275 37
338 32
203 338
25 151
225 40
421 36
241 240
314 101
322 241
410 304
134 6
399 200
263 400
201 222
316 266
118 32
231 48
9 242
24 216
371 49
258 348
54 359
297 49
38 160
332 132
393 145
339 130
392 210
284 101
180 397
390 143
55 179
47 41
106 304
155 349
110 359
39 374
409 37
280 290
94 285
308 310
80 167
411 79
223 232
220 3
59 10
191 385
14 279
370 69
333 81
103 96
188 20
201 62
53 369
389 139
100 40
21 121
371 406
414 296
339 269
198 368
365 30
346 372
115 57
154 346
408 312
215 128
179 330
235 339
320 208
248 363
99 374
423 225
339 179
344 158
112 62
327 377
137 111
132 179
84 406
279 423
381 224
255 390
225 139
112 148
320 138
298 40
181 302
364 255
7 103
368 326
347 216
427 291
11 315
331 159
342 189
410 208
41 159
51 32
351 318
73 27
423 25
403 317
33 10
207 416
303 107
204 87
260 29
6 299
113 423
80 89
173 121
313 274
268 21
21 342
214 23
175 201
351 220
7 318
421 141
68 19
77 415
115 229
286 40
332 198
412 141
217 49
315 35
56 366
79 115
240 124
304 150
116 295
286 350
290 292
157 237
350 137
126 28
375 142
138 372
402 242
68 200
278 17
416 128
171 352
368 294
204 133
318 186
174 206
349 344
105 400
357 231
324 111
427 5
141 124
6 41
365 112
276 263
90 55
259 100
367 360
361 271
17 40
188 135
16 172
94 94
303 45
318 101
369 325
292 246
330 364
33 345
248 118
403 178
302 399
13 280
188 107
305 208
166 363
280 177
78 247
180 264
332 293
132 182
73 249
138 73
187 80
241 369
303 250
184 373
104 359
166 74
32 192
203 185
49 171
153 136
339 386
73 13
153 12
232 50
152 77
346 250
73 301
306 387
390 40
377 229
319 35
407 98
149 378
139 139
285 388
124 347
85 230
234 6
65 134
274 145
176 120
318 50
177 1
350 119
323 176
215 283
184 34
305 180
414 64
140 424
57 206
341 383
95 371
79 297
378 393
384 250
134 379
308 422
48 261
274 325
19 113
28 227
17 264
279 326
87 139
74 10
83 278
258 143
410 3
142 153
423 3
183 229
69 392
245 321
365 215
325 413
86 22
233 220
222 142
191 13
225 308
378 258
33 60
57 56
123 188
314 329
399 145
249 255
40 294
186 149
38 132
270 425
253 224
11 270
104 187
245 112
171 38
99 246
134 313
48 35
64 307
202 172
243 53
17 306
176 287
248 97
69 1
93 359
175 395
222 54
402 401
73 201
235 232
44 95
295 158
187 75
347 46
182 406
346 169
421 174
11 78
56 128
86 65
161 414
140 146
197 245
379 143
129 39
238 424
319 317
87 301
410 112
47 150
289 309
246 113
259 171
280 178
129 173
322 320
382 199
347 167
55 329
351 228
283 176
260 20
298 62
148 242
52 41
214 3
36 310
234 285
386 69
291 369
160 350
50 342
173 103
224 375
372 417
378 410
52 307
9 218
86 271
363 35
403 34
388 98
330 274
319 75
280 128
65 388
396 62
183 412
251 255
51 285
342 234
168 5
113 253
237 428
279 187
211 303
273 56
377 289
302 211
6 289
87 102
321 31
164 311
285 78
82 145
89 211
318 16
253 147
174 407
9 137
112 232
317 237
65 387
129 249
85 364
260 147
339 195
164 270
13 211
196 76
356 408
223 128
292 427
421 222
179 273
185 13
77 159
325 101
303 284
176 387
291 191
261 138
283 340
273 400
343 273
323 202
301 398
119 405
324 340
1 167
422 178
170 313
179 254
367 227
151 349
25 301
37 366
27 276
5 115
202 105
55 259
269 156
8 151
177 426
17 409
59 221
65 257
1 325
149 240
56 63
52 337
218 93
367 287
170 77
141 109
270 13
165 382
242 37
290 308
396 223
39 95
152 314
38 192
395 38
104 404
175 15
79 327
319 176
334 221
249 410
4 288
356 381
262 303
426 153
189 414
284 163
207 160
69 32
385 104
94 182
372 423
107 117
270 323
182 296
186 427
159 165
66 76
342 30
40 320
113 326
261 113
270 22
421 426
423 245
241 203
177 295
107 408
82 169
47 369
287 293
420 408
237 350
92 220
330 167
351 229
229 197
312 10
310 145
298 250
32 304
113 109
150 54
153 208
40 129
245 2
170 336
364 212
54 352
18 418
372 81
247 336
204 58
349 227
70 225
33 419
146 351
233 200
419 368
237 423
7 162
283 206
263 321
336 219
375 321
265 325
239 277
210 209
328 33
13 303
203 364
146 399
235 340
301 147
398 184
28 317
9 97
367 326
97 43
58 363
222 88
222 386
324 251
309 180
162 181
171 111
155 362
334 386
217 133
362 278
331 197
315 210
295 168
110 285
214 5
331 301
408 328
77 125
270 65
93 343
120 263
63 182
61 127
49 403
211 323
384 5
281 34
150 195
273 89
418 48
414 44
232 318
369 237
111 212
166 298
164 295
358 110
310 289
226 91
12 212
18 217
375 142
153 212
158 74
144 160
195 380
414 349
308 262
256 361
148 69
374 309
381 15
420 52
223 267
160 402
31 196
213 362
215 208
139 115
400 40
281 285
130 74
179 414
409 74
62 310
48 192
157 222
280 119
10 147
60 199
123 87
248 137
346 250
387 385
120 313
248 271
217 51
393 267
65 275
318 354
77 408
409 324
418 170
315 119
382 395
277 323
274 263
290 148
54 293
321 159
388 378
234 387
220 91
305 188
289 425
286 243
412 191
356 361
317 139
112 404
364 52
170 231
386 421
279 132
113 341
207 4
42 127
90 24
11 177
46 200
395 66
133 36
92 104
316 190
204 183
334 224
363 218
183 35
179 299
255 273
123 100
284 398
184 288
231 207
174 423
270 311
380 277
83 305
330 352
98 37
180 225
337 407
266 266
1 416
107 58
325 307
217 325
98 412
170 57
218 258
127 374
58 14
225 286
369 222
378 425
31 145
333 35
41 352
303 206
255 341
127 50
279 193
396 392
236 240
38 170
353 316
327 265
89 351
419 95
371 97
72 264
52 36
372 89
15 185
212 212
278 86
32 117
178 310
218 320
86 109
91 179
293 105
419 162
188 96
300 76
250 334
417 81
153 393
370 142
251 208
142 354
309 78
361 341
183 84
187 333
416 364
191 6
201 15
139 283
207 286
259 48
51 5
47 18
50 175
157 116
129 68
286 46
105 43
124 274
54 159
221 288
308 293
134 242
163 311
281 404
213 357
52 401
118 165
17 223
179 332
361 110
381 261
70 291
190 195
158 190
108 10
366 15
194 168
325 349
349 202
320 191
399 139
216 393
69 408
322 322
297 343
337 191
137 129
347 71
398 105
90 301
109 198
428 324
160 268
301 339
152 4
394 319
358 59
251 209
9 29
75 337
352 157
41 334
323 74
252 67
311 66
299 53
165 194
102 346
181 367
164 2
48 23
143 358
395 265
123 317
238 72
226 196
201 303
429 95
211 153
269 397
15 294
16 423
245 9
201 269
420 410
211 389
428 397
348 265
424 390
423 141
72 120
25 170
425 185
46 66
304 77
141 270
18 364
78 78
262 298
222 113
409 401
114 398
180 59
335 332
157 76
89 379
275 204
234 343
165 337
1 386
156 343
13 205
336 299
273 328
133 7
22 199
122 238
178 23
360 301
264 267
156 222
326 150
285 332
8 109
88 374
31 354
239 8
252 377
284 327
151 35
203 92
103 87
155 410
229 225
90 120
112 126
79 40
56 247
293 240
201 252
422 253
426 213
198 30
291 43
343 234
270 83
41 255
205 127
96 61
378 16
14 75
417 349
211 260
184 121
240 172
291 148
398 55
69 305
47 119
254 150
69 159
130 296
121 137
79 242
318 70
357 165
100 51
31 34
372 385
240 115
346 290
240 332
335 394
259 136
102 149
64 271
340 403
359 320
250 134
258 149
9 61
69 122
237 22
237 174
316 386
115 265
35 266
172 282
3 261
325 232
236 111
90 281
35 296
51 291
191 366
56 272
331 276
344 247
60 397
228 387
70 183
162 51
16 416
405 413
72 249
296 420
75 399
255 125
2 140
28 95
53 67
321 190
327 19
237 120
349 278
266 82
179 341
91 271
6 214
368 17
367 146
132 312
379 414
113 305
257 352
79 274
174 192
279 194
231 375
66 252
42 72
355 424
63 253
117 16
351 220
219 320
25 335
36 371
240 342
39 215
36 316
173 382
41 404
399 157
363 76
270 176
425 240
406 289
96 420
307 61
207 323
91 417
82 105
425 419
341 168
105 80
75 352
242 172
147 54
226 162
315 314
406 410
294 378
52 104
245 33
215 391
116 290
286 309
200 335
216 12
400 387
413 313
424 50
235 219
322 96
277 234
264 372
40 253
300 129
31 323
237 199
177 172
277 119
10 89
371 221
165 383
413 268
36 263
181 126
301 131
336 81
328 236
382 78
105 259
112 170
373 341
13 417
179 48
283 276
16 78
324 217
292 409
262 367
335 263
403 35
157 401
381 252
81 413
378 403
294 27
292 52
277 113
178 403
187 58
250 120
142 395
286 52
43 22
134 140
239 345
290 63
24 354
89 393
388 84
418 342
255 183
367 73
218 405
236 55
95 126
316 12
8 256
196 11
309 211
274 216
164 57
20 275
184 228
238 386
396 30
100 346
152 274
117 151
285 426
342 173
361 284
213 213
322 160
351 268
177 163
396 13
185 400
56 3
86 36
30 222
404 292
71 57
384 315
393 40
136 62
411 390
317 252
148 156
185 15
223 82
193 354
410 207
249 39
11 142
308 154
110 15
161 244
104 327
210 127
373 156
340 164
104 74
7 163
33 344
343 381
255 254
39 427
387 49
17 168
116 64
349 63
30 346
298 285
115 73
341 228
370 259
429 311
308 244
335 252
43 129
402 139
304 234
154 26
236 11
20 102
306 325
30 191
401 55
20 71
364 413
258 136
146 404
158 410
297 22
224 172
54 239
297 405
311 170
285 109
41 336
356 222
186 425
58 166
135 83
30 315
49 263
390 401
43 260
310 111
152 400
178 313
428 142
85 316
106 265
368 92
266 88
206 394
2 373
240 77
118 167
191 242
90 370
117 220
316 373
357 62
379 108
297 136
344 61
23 77
148 327
291 386
174 375
42 124
326 238
11 382
151 157
417 70
219 238
163 211
133 359
192 21
383 187
270 86
415 137
288 240
211 102
422 58
399 53
301 117
248 175
355 304
100 421
60 135
107 240
35 28
259 10
421 291
47 251
212 203
145 326
273 315
298 148
388 92
366 263
141 101
24 103
14 218
238 198
124 139
242 153
109 288
99 182
275 185
339 155
46 249
273 283
168 291
77 246
407 376
239 187
218 306
123 111
243 43
413 108
234 265
407 203
382 171
340 299
130 343
143 420
326 81
40 424
73 314
106 363
376 382
407 325
50 138
67 80
160 19
266 392
302 294
145 238
307 356
423 97
210 29
19 93
128 89
422 410
365 214
367 270
41 356
64 193
361 112
300 275
131 412
402 171
278 122
400 363
229 413
246 318
63 100
77 371
22 88
386 82
118 339
320 365
197 375
407 380
137 24
213 339
54 95
213 255
240 247
163 117
372 261
306 83
50 29
421 199
45 18
117 329
393 124
204 19
56 242
387 276
297 239
114 312
149 317
360 317
149 385
107 187
82 113
239 308
427 104
359 208
206 123
42 344
38 38
124 428
423 244
83 270
43 218
155 155
274 135
394 255
231 235
101 107
101 185
157 423
168 63
27 270
405 390
82 269
398 288
198 220
210 202
132 151
5 359
42 271
259 383
187 177
173 249
300 116
392 246
283 344
182 329
50 34
300 373
426 165
121 239
152 112
337 338
11 140
346 262
50 173
102 70
300 12
371 115
300 279
416 44
77 400
89 224
391 250
214 401
373 33
136 149
149 319
57 427
427 135
236 31
62 375
254 201
342 362
297 143
327 214
137 28
349 408
219 388
199 194
370 106
210 122
337 20
223 144
50 243
228 347
114 241
274 288
8 253
396 89
41 359
361 351
142 387
59 302
374 296
77 148
149 257
276 36
292 23
395 200
428 424
1 321
88 268
101 51
95 301
316 312
104 20
340 314
353 361
39 278
333 342
57 282
282 300
99 23
422 252
356 133
142 200
142 70
237 145
428 179
96 363
234 279
101 370
46 103
17 297
330 231
232 109
137 143
97 129
344 5
20 192
252 120
367 279
42 361
428 279
421 229
319 63
335 198
325 259
326 261
224 123
251 272
143 373
162 390
15 34
61 115
384 395
220 124
222 32
185 381
269 250
217 130
142 61
143 317
408 207
73 127
150 154
110 250
386 275
58 286
279 390
18 200
131 201
139 394
169 228
334 322
32 114
355 371
166 181
213 277
52 332
223 202
239 210
130 73
159 142
226 155
378 16
384 161
217 424
397 173
249 235
84 345
202 37
102 278
52 81
65 22
230 266
420 57
260 3
16 374
113 93
303 270
329 231
328 221
199 143
385 168
98 328
162 320
194 12
153 314
227 263
166 24
289 280
126 294
259 300
278 56
156 69
265 382
379 317
287 333
395 142
139 109
161 405
171 162
277 119
333 246
427 40
308 241
191 180
421 116
169 389
252 261
244 122
336 228
404 86
291 301
39 365
231 328
25 393
5 166
296 13
226 107
372 367
289 147
85 262
179 343
15 169
409 383
333 368
63 195
372 303
88 199
228 268
205 166
324 90
20 418
133 84
179 138
72 187
327 299
294 221
21 299
79 63
412 348
361 342
143 191
327 419
387 399
337 290
159 154
238 88
368 21
113 412
97 291
74 34
252 185
117 352
154 362
103 281
145 122
306 375
119 316
20 396
225 86
401 45
208 130
377 171
1 141
73 86
353 371
6 325
368 235
156 193
247 338
180 120
149 268
166 5
203 367
7 425
4 398
136 26
256 254
113 26
230 373
182 341
126 127
157 421
327 199
164 311
127 117
194 364
319 185
178 372
429 369
23 298
357 99
331 299
259 170
176 88
75 288
39 270
369 153
1 121
272 279
391 84
181 326
380 154
78 301
265 255
126 63
287 420
220 94
102 358
158 406
81 40
72 181
39 35
137 228
164 149
87 119
165 348
60 104
319 371
188 310
53 423
326 259
312 135
391 388
118 265
298 146
80 168
244 59
217 161
254 18
74 429
317 398
205 282
80 13
393 19
113 8
262 277
123 254
271 361
315 233
346 341
83 200
399 197
376 199
343 258
246 379
84 154
85 418
117 135
102 387
348 196
69 164
384 203
197 252
286 29
261 92
218 298
208 426
248 12
92 383
65 292
366 334
42 385
5 222
87 284
254 380
395 168
20 230
425 18
243 131
162 392
365 352
151 352
107 59
363 357
55 176
11 417
387 402
378 284
60 410
210 69
12 300
145 418
404 125
39 76
53 141
396 8
407 86
228 56
426 213
169 233
19 411
5 191
22 266
205 216
389 103
53 54
331 205
193 188
277 229
210 207
220 404
144 415
368 104
24 126
104 408
416 426
233 193
178 391
128 340
426 172
185 407
65 46
77 375
203 138
299 356
262 208
26 225
386 215
55 245
161 392
100 168
164 306
2 316
102 396
125 354
294 337
210 224
256 9
175 191
381 138
79 1
147 367
71 345
179 396
67 182
51 203
420 381
69 210
393 73
27 177
369 406
122 262
337 26
93 312
156 306
95 276
242 159
254 190
370 391
7 241
8 10
428 425
203 362
226 291
283 161
151 40
82 220
293 246
234 89
228 382
344 408
229 333
105 107
269 124
33 141
138 365
111 104
426 232
331 405
41 161
212 410
119 217
70 140
389 56
262 267
410 158
221 324
265 278
298 90
352 262
19 156
148 22
407 405
227 1
410 5
31 167
6 313
410 286
35 378
272 145
404 343
293 364
429 321
353 342
314 376
316 95
365 121
394 102
53 337
123 40
352 164
290 8
223 28
197 352
375 193
107 371
50 419
370 61
290 69
382 68
424 108
139 273
98 43
277 63
307 332
156 162
218 22
76 174
58 319
20 421
315 188
152 148
19 131
146 77
381 104
251 193
144 140
27 353
230 235
420 218
156 29
87 61
342 112
414 371
203 352
283 34
392 245
273 151
307 322
131 123
193 397
196 333
320 271
400 429
179 397
127 315
201 418
121 278
199 27
237 335
80 362
88 251
213 50
334 180
181 146
150 307
238 13
422 120
329 301
214 238
286 4
425 321
251 372
136 117
168 221
135 368
265 253
227 315
412 265
385 293
233 181
232 347
75 21
274 407
148 191
376 247
414 360
351 283
263 399
390 13
25 25
17 161
259 335
145 360
111 208
283 392
394 74
287 94
50 291
65 371
89 70
5 144
168 194
348 186
65 421
220 369
361 48
316 372
104 358
110 404
366 52
222 423
160 201
85 30
12 253
152 107
375 109
240 193
270 338
358 414
206 163
281 216
391 43
28 27
68 385
227 305
429 287
74 241
11 172
55 344
400 24
305 163
97 421
293 355
47 347
10 227
237 307
330 25
385 55
197 347
337 381
136 59
429 84
299 226
1 54
393 384
278 276
143 80
71 301
220 143
55 46
306 69
366 125
189 184
302 132
394 203
168 361
246 120
93 202
195 327
205 162
141 255
125 53
17 151
268 68
412 343
360 290
127 216
354 222
17 130
4 298
176 293
169 373
148 305
421 205
392 426
170 93
178 92
193 199
143 343
229 372
183 117
113 62
8 140
318 353
122 50
271 394
351 198
350 224
321 107
99 220
193 286
22 388
187 111
77 165
171 414
268 198
214 393
78 62
206 132
203 21
295 416
281 277
357 253
155 109
334 261
10 51
38 81
264 315
49 373
138 321
292 425
133 414
119 169
256 28
160 50
402 272
114 94
239 283
272 211
163 244
330 130
399 75
141 137
257 372
56 18
286 65
215 184
393 1
164 394
122 159
239 384
99 302
77 408
197 58
179 344
385 271
257 388
218 194
98 180
1 80
285 72
21 340
168 178
337 243
368 54
40 405
112 382
147 342
190 342
67 246
398 143
100 257
177 152
270 101
281 367
185 163
55 208
210 88
324 364
154 374
234 170
262 308
30 424
96 339
367 205
11 3
95 236
369 291
144 175
37 384
9 308
297 370
385 82
118 280
420 336
335 170
257 46
142 16
246 395
107 82
48 316
181 63
355 405
274 384
375 289
321 363
206 422
2 353
121 268
45 116
218 243
55 174
379 220
96 12
255 285
148 67
126 145
389 230
304 162
409 127
31 210
428 62
293 318
161 65
54 334
228 130
113 316
427 15
335 318
418 50
358 128
252 223
38 392
207 22
255 61
255 391
70 341
110 375
249 125
293 93
327 288
213 248
282 306
10 119
425 105
320 273
415 117
286 389
114 360
292 13
247 174
84 234
415 196
399 257
144 92
166 234
324 218
385 404
113 313
166 88
398 187
387 257
95 241
373 269
315 179
186 288
238 421
129 421
220 62
393 339
393 263
214 139
208 199
28 240
331 217
40 152
199 254
306 201
119 288
145 125
241 138
377 426
199 346
198 233
261 6
172 172
205 125
217 189
320 10
148 194
4 131
6 223
357 275
296 318
319 74
286 9
216 97
172 308
154 128
423 189
386 146
410 294
427 209
182 264
60 51
101 257
394 407
222 248
78 359
383 137
409 322
342 358
28 112
235 347
111 25
85 221
262 168
32 293
410 143
31 407
163 122
301 198
338 324
419 384
209 285
3 318
169 138
332 289
240 224
342 32
20 363
302 181
358 111
145 1
409 279
57 346
58 412
268 26
218 384
243 231
106 42
126 1
303 371
61 321
77 24
364 244
391 227
41 421
77 2
389 276
261 397
10 184
132 310
242 309
201 297
348 278
298 291
318 256
309 329
403 301
257 94
83 396
77 389
413 277
221 79
120 94
84 373
398 152
319 406
419 59
198 324
208 421
292 284
354 72
153 153
225 81
304 234
57 248
285 378
370 421
122 336
291 386
64 313
280 81
355 346
320 9
290 308
33 206
97 253
260 171
51 102
315 152
194 99
198 125
59 168
383 284
53 378
150 401
141 329
425 100
86 163
273 252
263 192
378 341
309 267
222 300
182 26
400 75
105 154
206 3
342 411
124 231
120 366
417 10
179 393
307 344
203 295
74 331
388 59
25 397
286 266
29 345
275 227
380 255
40 89
296 399
247 325
92 225
144 181
195 351
321 364
410 169
364 82
12 185
171 398
294 207
20 215
349 350
67 362
407 239
103 296
51 274
264 95
83 335
373 155
240 92
426 161
144 237
218 31
305 281
104 359
377 138
133 67
60 350
305 376
89 402
397 419
376 314
344 71
228 86
338 214
201 233
175 135
263 428
160 403
361 322
331 339
24 170
63 42
345 404
157 96
297 245
292 141
231 16
245 125
412 264
39 219
66 209
128 229
140 89
123 91
109 196
403 201
7 198
85 23
26 388
229 182
34 160
100 20
28 312
375 142
255 250
243 368
258 53
396 356
196 265
167 282
167 399
262 195
154 21
22 86
129 223
34 400
82 39
209 342
289 133
206 271
95 285
176 384
45 314
134 317
290 302
64 239
232 382
314 359
414 233
51 236
330 84
133 383
6 112
277 194
18 52
144 34
316 402
14 72
21 299
65 253
162 375
89 51
36 186
80 239
256 325
294 325
335 315
358 282
387 348
416 152
201 64
122 12
346 99
203 110
288 9
119 10
223 347
235 22
30 297
91 85
149 300
214 263
352 355
101 262
131 374
37 371
82 296
225 81
226 270
235 181
84 262
250 244
158 166
159 60
62 334
131 166
170 84
311 94
126 57
283 316
213 395
405 425
32 315
324 214
17 260
94 283
146 310
276 334
328 103
214 26
400 161
32 411
213 48
282 220
422 85
78 76
104 233
352 308
418 6
225 415
294 241
282 97
299 408
383 201
383 212
292 187
91 118
48 208
422 194
191 401
17 24
38 153
357 206
129 213
289 277
264 325
268 416
119 308
15 320
338 79
176 90
82 322
43 398
258 94
330 161
26 264
398 94
107 120
414 268
119 281
345 312
25 61
338 394
92 108
3 229
134 263
138 267
227 381
426 208
427 366
240 211
294 356
79 206
125 230
107 283
224 382
241 293
272 312
43 268
57 80
306 128
298 2
75 141
361 390
141 164
392 119
94 255
344 296
114 28
24 86
17 22
74 373
1 402
141 290
63 314
268 39
70 426
17 89
102 390
288 356
410 377
308 58
398 292
404 287
391 409
272 407
154 11
366 362
212 423
49 87
315 76
192 161
354 251
231 297
264 122
245 299
2 110
132 50
236 347
386 288
363 234
126 96
254 164
412 207
307 321
166 144
193 401
97 415
269 94
304 330
397 51
356 46
271 212
110 354
97 357
114 362
379 206
406 72
218 212
120 218
78 75
280 268
10 335
56 23
262 197
163 3
266 328
225 157
115 340
418 256
184 192
125 334
259 385
138 112
377 274
228 49
427 205
290 218
180 190
124 259
346 123
417 94
236 318
1 20
74 19
376 260
173 214
4 340
227 358
294 165
187 369
249 342
375 411
418 285
159 247
427 299
137 398
168 38
332 412
222 241
88 132
171 267
148 345
251 188
284 9
369 233
148 162
62 116
21 348
76 61
97 13
355 195
254 6
157 91
363 13
91 100
171 393
157 270
369 412
381 74
51 429
366 293
413 211
254 122
347 235
298 218
388 68
176 243
375 103
255 383
413 403
69 82
264 106
402 322
321 313
71 270
333 335
217 279
417 154
51 44
250 378
392 8
279 275
161 222
380 270
310 212
187 415
86 14
9 160
323 379
215 136
268 400
315 211
70 250
251 23
221 202
4 346
235 237
71 152
33 381
403 123
130 238
12 173
55 190
179 294
339 127
185 160
369 303
231 193
414 289
19 217
189 219
380 15
8 234
170 382
41 389
419 192
116 139
209 228
394 361
152 218
382 144
134 49
219 412
285 378
213 296
11 366
382 345
290 312
362 294
257 250
395 421
199 202
293 406
68 2
41 115
183 424
190 171
47 112
345 187
236 401
248 376
31 136
292 91
369 359
161 377
102 274
411 119
309 247
281 46
42 5
60 177
223 404
329 136
143 3
38 294
151 242
192 222
159 79
87 185
278 86
203 161
382 20
199 13
244 300
61 197
394 56
429 112
159 44
300 422
250 9
151 45
280 21
125 46
102 412
343 144
13 342
79 149
45 64
137 114
386 383
152 241
169 46
371 394
18 328
366 416
131 23
381 42
269 86
294 319
284 21
233 329
89 345
73 209
256 195
134 323
270 40
261 241
257 3
346 195
288 2
159 192
189 11
35 337
337 97
103 375
362 327
371 146
45 427
383 90
211 324
200 294
381 309
423 247
393 408
46 390
320 54
409 155
350 270
92 334
217 252
50 342
200 144
414 15
225 84
41 259
411 53
92 317
120 203
392 383
354 390
186 386
112 92
25 105
205 101
147 40
100 369
413 102
198 291
225 154
314 1
238 98
187 425
360 209
270 207
309 31
225 357
65 127
217 216
130 8
97 144
45 398
224 352
386 71
211 59
401 378
72 361
201 7
249 15
10 94
4 283
270 421
69 319
33 127
83 398
267 387
263 365
169 192
314 165
376 258
34 335
251 325
331 105
197 243
184 210
251 363
106 388
358 119
347 344
258 14
61 414
156 150
184 165
92 421
70 162
75 183
91 93
208 197
343 11
222 306
142 115
395 305
25 260
56 403
219 349
41 245
297 134
309 255
340 110
323 416
346 373
348 280
426 378
411 159
83 405
66 421
87 35
281 196
186 136
112 63
342 156
295 404
128 153
352 292
270 191
25 299
389 106
151 294
377 417
416 355
299 153
88 114
96 260
303 177
122 218
347 306
390 206
11 68
102 161
38 112
356 278
405 200
313 210
332 282
429 146
277 146
157 142
130 363
359 212
286 382
126 140
425 425
56 138
53 279
274 150
296 252
197 380
343 47
15 361
203 102
338 100
287 407
398 129
358 227
358 280
350 41
382 308
394 321
275 178
269 378
181 117
290 383
72 228
88 343
423 335
286 79
119 341
36 95
287 167
367 142
196 324
346 66
305 167
422 182
408 122
181 260
114 273
61 387
277 233
259 208
281 80
295 75
363 275
17 45
397 294
311 262
113 347
143 315
76 348
314 414
253 58
183 152
316 91
335 300
276 99
163 258
328 413
296 37
187 280
182 145
345 301
376 315
12 307
384 120
244 363
51 355
422 251
172 332
44 344
9 122
112 261
13 108
306 167
331 264
348 147
156 7
157 16
309 277
410 276
19 244
168 213
53 359
10 71
352 362
344 252
344 104
369 378
132 378
413 365
141 379
388 138
255 126
168 156
374 101
254 374
148 118
245 389
229 397
356 202
150 32
5 373
412 142
165 8
306 270
150 201
169 372
234 13
112 81
12 134
381 44
129 250
388 62
28 48
37 304
405 237
235 165
415 207
31 187
247 150
241 12
39 368
154 31
226 302
343 394
161 288
337 8
405 166
150 230
185 23
57 410
5 108
29 427
198 185
405 116
95 369
217 324
196 86
64 327
14 414
328 266
265 335
120 313
403 394
44 293
393 74
267 40
23 324
425 38
254 421
87 222
399 423
351 306
262 136
37 171
48 370
11 427
112 176
74 339
420 6
373 167
259 183
197 340
120 163
318 159
295 287
191 247
253 298
18 100
259 85
134 75
398 44
202 145
182 115
324 365
15 350
302 226
259 72
110 94
415 281
93 268
149 215
263 185
345 309
30 318
342 116
13 225
390 422
232 106
45 88
401 153
308 327
179 289
313 274
271 82
231 312
67 259
83 260
230 189
230 283
201 225
95 428
153 93
384 65
246 60
248 350
50 192
226 306
224 81
99 391
375 20
393 80
326 390
23 323
328 167
390 130
220 21
361 74
117 65
203 221
420 8
407 194
186 18
202 236
165 403
43 332
373 257
308 253
116 424
142 339
374 52
177 28
48 89
159 290
373 385
228 217
358 168
181 278
322 336
364 405
205 62
287 375
128 312
362 188
222 396
140 363
87 314
338 250
308 191
11 421
245 147
210 162
3 60
147 195
180 144
79 324
218 271
249 78
380 258
217 277
73 369
300 210
121 320
384 110
258 302
148 205
348 68
76 373
306 10
19 403
27 408
420 396
342 76
322 5
297 64
429 357
285 349
6 226
75 74
129 315
339 78
2 254
101 155
204 219
308 305
172 387
219 366
269 230
367 377
205 156
380 257
156 413
98 4
172 255
261 185
346 304
316 117
167 51
125 241
151 276
35 55
207 207
104 142
87 7
426 325
14 313
159 406
17 51
227 121
61 272
151 346
169 15
113 359
164 162
219 312
227 316
231 424
97 77
51 1
350 168
203 272
106 139
72 105
147 99
274 210
176 208
283 82
64 395
324 184
419 61
298 152
101 297
242 60
191 270
39 384
167 109
133 357
14 141
150 48
365 306
272 283
413 411
342 367
231 229
361 208
262 103
16 140
144 260
424 91
97 421
408 411
244 280
238 121
387 92
292 374
221 156
3 384
202 277
314 162
102 120
267 350
26 281
70 202
201 149
400 209
2 331
352 1
344 297
162 95
281 60
33 239
139 17
301 113
320 106
81 55
140 102
227 8
271 353
69 369
181 386
413 81
371 375
279 298
80 116
270 159
410 321
24 289
198 314
343 115
204 207
253 267
67 274
156 24
56 318
199 9
103 19
252 72
116 392
363 172
277 428
37 368
254 32
14 145
360 19
361 71
278 225
100 399
267 35
125 320
327 7
122 102
246 32
104 101
328 18
277 162
274 352
113 99
200 287
309 318
180 393
54 41
261 418
119 307
366 253
346 71
295 47
85 77
110 414
179 121
294 120
360 43
179 356
46 5
131 229
209 22
403 131
16 186
135 192
192 18
109 102
127 394
92 222
420 235
209 241
179 98
311 354
211 150
51 41
311 351
376 95
43 194
159 365
388 171
185 366
20 214
90 236
298 34
53 74
27 253
345 218
330 335
201 5
428 372
152 375
243 232
147 43
184 240
103 228
306 35
47 210
96 291
136 111
321 118
384 304
76 254
260 5
168 425
204 103
369 259
248 94
54 161
73 240
414 409
174 123
36 139
191 215
312 93
331 159
407 399
369 227
281 400
300 406
295 84
149 333
105 388
145 79
231 334
416 416
334 171
314 59
289 362
87 301
374 91
368 343
291 1
421 244
209 170
307 59
146 265
353 229
375 255
202 224
19 347
245 17
309 209
178 239
39 25
103 337
398 350
146 345
57 378
8 197
45 372
306 188
204 269
186 387
319 14
123 5
165 13
175 349
387 330
166 19
231 127
108 340
426 347
276 260
316 415
306 312
57 206
100 241
254 231
308 5
415 25
277 196
428 246
123 38
159 315
50 98
178 363
40 316
387 354
349 188
232 377
355 253
97 190
266 311
157 336
40 377
392 46
31 234
334 383
183 363
220 401
235 318
142 32
152 260
181 398
426 232
293 218
108 392
27 54
110 291
343 69
428 63
199 233
64 152
197 341
155 138
297 353
106 401
220 197
131 384
428 102
175 196
68 118
297 193
392 23
404 105
45 45
350 259
117 118
41 28
311 327
325 322
401 156
429 260
280 122
191 48
407 390
100 401
22 206
217 417
154 376
224 57
351 206
192 371
46 54
260 69
277 209
152 107
227 108
399 396
246 324
418 154
280 336
36 80
158 102
65 126
20 352
13 381
78 91
247 210
252 264
407 155
52 425
192 236
399 243
241 329
229 233
407 237
427 346
231 135
86 102
415 182
305 352
219 217
349 418
136 350
31 150
304 337
113 214
390 303
74 119
223 287
341 75
242 200
210 23
103 295
72 359
68 242
55 323
92 168
156 404
409 287
359 104
145 381
48 229
331 136
190 97
37 317
93 121
310 122
421 1
250 390
58 13
186 38
390 318
426 9
317 17
54 359
251 228
261 334
320 393
282 214
324 79
20 314
195 78
201 132
201 163
110 194
141 307
80 254
127 16
9 415
33 168
204 326
192 338
400 213
393 409
11 136
342 58
384 49
137 83
423 414
188 295
288 133
210 154
29 173
62 144
384 130
32 173
233 209
23 5
209 286
181 412
30 249
347 387
304 320
121 408
321 154
425 171
405 76
424 359
148 178
6 109
84 360
166 171
94 116
271 300
144 204
206 231
146 15
226 378
313 84
103 8
260 70
429 205
42 341
103 270
76 312
282 104
387 352
418 268
199 232
405 94
300 184
277 94
136 307
405 291
383 320
388 240
208 133
18 178
116 124
218 70
255 46
242 317
426 212
121 321
173 40
293 392
87 120
262 90
40 429
164 219
219 255
374 7
308 303
138 150
422 23
263 43
197 67
51 171
251 206
310 257
95 263
406 19
149 1
204 87
296 394
40 34
27 324
187 399
344 22
14 95
381 285
21 394
72 336
271 208
246 331
334 353
18 84
111 298
96 294
198 109
57 315
239 263
265 343
171 176
333 129
97 108
172 21
6 18
250 155
287 20
44 380
347 115
200 25
252 96
385 398
262 116
152 91
320 4
201 311
102 94
274 383
93 292
408 286
311 352
358 1
102 311
219 277
387 355
401 73
374 157
148 404
57 318
396 170
354 238
44 266
428 194
382 112
61 317
383 164
133 364
428 345
341 88
144 17
85 398
91 130
244 223
206 312
87 110
342 340
282 400
205 19
13 30
120 162
11 39
245 112
227 299
8 277
415 199
302 286
378 75
34 379
202 49
188 229
248 277
376 12
299 282
174 327
171 273
113 329
4 318
417 89
369 332
313 99
291 254
154 35
227 199
310 380
296 46
211 300
108 328
282 177
67 198
128 313
145 303
274 91
197 28
149 176
188 373
260 26
111 253
414 155
278 325
309 271
22 233
361 283
232 171
423 18
359 360
247 417
196 188
66 152
167 274
427 122
232 338
355 154
230 284
161 136
383 301
280 18
57 226
276 328
296 369
20 258
59 35
398 259
174 130
54 22
132 206
93 277
322 64
134 400
390 189
227 427
158 400
177 56
278 259
144 87
355 147
287 245
364 327
283 182
158 134
114 248
323 79
123 287
129 128
52 152
120 182
204 247
406 9
92 312
73 315
359 102
270 208
215 406
56 121
33 163
398 29
193 176
326 298
17 361
19 59
355 50
231 353
70 114
377 83
226 127
323 247
249 188
135 308
348 266
89 391
219 291
247 53
186 353
64 33
40 300
352 419
126 173
250 359
98 361
315 389
296 57
12 252
297 201
106 149
214 346
196 182
216 187
180 60
29 429
344 401
71 238
389 235
22 75
114 3
254 359
339 67
216 343
279 47
365 195
407 345
405 371
132 95
282 177
103 6
220 266
220 163
341 121
308 375
418 12
83 361
118 203
101 315
362 190
222 130
152 49
108 343
150 362
293 395
132 328
267 426
181 95
394 216
155 188
404 324
184 382
14 112
337 106
1 220
60 26
200 84
177 88
248 429
141 202
236 35
67 34
374 320
291 402
177 346
90 293
58 211
183 253
379 302
150 105
302 171
127 357
215 84
120 34
141 401
161 27
260 192
360 4
362 99
403 113
335 418
312 161
184 229
167 9
46 275
129 1
142 250
58 13
27 107
325 314
316 38
240 51
67 198
410 412
358 127
209 230
383 192
348 270
306 39
382 212
313 242
299 396
375 351
344 366
380 304
240 384
257 124
140 349
65 137
7 406
176 412
358 78
138 356
370 186
160 177
134 307
153 365
181 113
160 169
267 331
