650 977
184 549
593 435
340 419
348 30
286 556
278 610
228 182
461 161
202 370
521 538
372 499
108 507
173 500
521 625
434 516
47 623
307 579
124 367
239 649
504 542
38 471
171 589
77 3
69 561
13 256
339 418
164 484
508 155
473 384
424 282
610 390
176 534
419 312
405 580
224 486
584 498
634 250
469 187
619 341
518 539
37 83
55 480
530 537
411 600
324 421
581 94
482 275
635 564
14 389
486 621
406 487
576 547
86 380
331 397
292 132
368 291
319 256
36 491
446 98
389 97
586 518
356 226
287 444
317 637
550 183
322 78
460 227
192 332
430 206
462 114
429 473
383 61
126 515
250 647
345 574
629 351
8 224
411 605
17 482
324 76
395 215
71 447
17 436
306 468
584 227
420 512
187 418
434 422
54 357
591 592
395 59
634 590
504 563
158 156
25 259
176 413
329 290
486 238
291 166
131 258
39 334
78 490
402 210
344 395
285 234
461 19
467 465
294 80
356 382
225 108
623 467
42 32
237 417
103 283
95 565
642 591
63 352
535 188
207 382
201 65
44 347
324 460
49 639
496 60
189 589
595 542
323 506
61 523
505 157
141 298
200 309
253 297
69 415
172 604
492 568
201 429
327 211
602 16
614 240
462 497
648 393
595 155
407 491
117 505
379 311
113 521
377 137
443 612
583 6
487 73
47 114
566 496
241 164
208 124
465 300
610 155
24 326
282 220
6 509
576 78
117 626
108 159
373 352
496 280
446 95
449 185
518 3
251 322
625 647
307 204
406 531
180 277
532 434
287 119
275 258
41 479
262 39
503 376
312 422
111 613
325 53
103 222
486 526
266 388
138 573
588 279
101 96
296 36
485 110
609 245
282 407
539 455
477 194
39 238
92 616
54 577
298 162
578 46
122 48
484 378
287 5
81 585
618 300
101 3
295 365
482 609
376 527
224 613
77 447
320 374
333 248
292 265
218 105
295 150
44 348
520 113
60 432
333 424
234 609
492 328
384 313
295 162
638 26
644 206
83 127
519 142
456 645
12 647
115 540
120 214
80 314
565 29
309 124
641 167
94 606
81 4
73 281
362 151
395 365
112 373
645 547
400 628
229 596
187 574
464 607
414 58
214 68
386 245
39 81
593 351
61 303
195 51
522 478
6 225
568 236
549 520
557 175
135 277
419 40
475 620
195 334
428 66
590 588
199 549
212 115
592 538
240 448
477 641
102 312
581 384
311 238
91 37
539 451
484 163
542 569
269 312
611 411
318 203
25 240
249 252
137 542
373 565
258 155
147 71
114 336
266 388
237 60
270 272
475 624
253 355
157 485
631 283
535 298
288 309
297 354
527 518
456 186
183 6
173 493
36 74
568 253
492 476
439 108
328 138
122 573
9 413
129 284
613 221
589 476
619 377
533 471
67 595
322 410
361 427
257 97
182 500
329 248
291 21
532 185
579 109
93 302
483 476
110 610
76 72
321 528
630 335
301 296
158 308
54 410
66 162
627 254
389 546
441 531
31 555
591 279
233 216
429 307
311 461
467 237
68 125
157 368
240 249
51 644
304 244
57 109
428 80
29 600
77 558
157 224
414 239
104 421
636 523
278 433
567 254
468 140
618 307
178 330
631 531
431 120
454 131
408 583
577 389
217 570
125 31
2 441
523 630
329 265
458 452
96 320
169 323
174 458
256 305
629 505
636 583
385 508
464 166
39 57
497 305
566 302
421 348
54 277
274 227
191 67
333 38
445 508
153 418
281 510
493 463
211 429
454 175
474 306
370 245
403 266
563 186
418 433
37 433
111 440
298 197
200 424
240 154
308 335
378 245
43 346
451 58
200 300
629 483
169 645
498 289
532 468
82 218
372 446
205 68
570 507
380 650
412 254
98 86
221 142
105 352
504 326
407 399
458 351
593 81
246 72
336 241
579 446
643 330
563 219
320 588
45 583
575 203
78 130
211 531
487 640
269 176
417 136
545 189
321 582
322 284
521 538
554 189
224 425
27 213
68 33
638 489
249 127
219 520
345 141
577 183
570 532
377 359
126 326
31 155
202 589
393 617
267 178
402 110
270 649
267 413
98 270
313 444
509 322
133 541
293 232
227 532
355 232
40 46
369 302
349 303
479 293
171 498
78 158
639 310
432 648
537 2
237 631
4 416
67 244
547 405
135 642
268 531
331 232
620 379
224 174
501 452
280 274
370 523
642 494
469 562
184 401
62 530
165 301
114 219
539 480
530 20
362 248
536 140
135 399
46 297
108 181
568 172
143 233
336 68
311 361
552 196
70 49
192 416
84 125
478 394
460 185
464 247
168 299
528 180
78 288
52 22
187 648
133 505
193 582
6 301
475 174
169 254
79 100
497 571
386 147
30 4
163 574
403 467
326 324
346 284
493 201
595 45
342 111
310 228
172 589
88 346
236 555
592 510
41 274
471 263
75 342
607 116
639 364
264 371
402 118
47 370
442 321
478 500
42 316
454 376
42 493
19 341
56 578
344 6
557 171
445 255
466 473
253 214
444 638
602 241
465 419
153 103
298 186
499 7
99 132
93 188
263 358
152 125
303 479
175 54
504 127
603 66
148 29
168 19
477 237
628 167
373 473
272 364
167 114
107 334
6 504
436 75
116 437
50 513
242 214
296 650
150 622
117 319
272 179
412 379
522 512
226 601
423 328
530 382
338 644
396 627
315 511
297 450
116 292
296 211
12 503
39 392
523 209
370 276
314 43
46 644
91 3
170 506
611 73
584 590
266 616
629 85
262 605
401 490
595 72
139 253
519 435
314 69
73 487
487 524
42 558
397 42
593 66
176 308
364 49
194 347
638 128
439 89
114 610
112 497
160 568
490 23
442 359
367 268
474 379
418 63
463 132
489 73
535 421
5 42
222 72
642 51
90 407
59 493
410 369
438 397
598 468
531 490
459 1
472 92
364 575
405 361
444 618
134 506
550 603
143 631
236 228
615 288
34 475
610 325
8 146
184 448
374 20
162 279
378 647
377 28
32 66
87 18
296 305
119 585
355 554
413 77
496 210
433 358
557 349
350 428
475 153
497 453
24 210
152 460
331 455
380 79
165 630
221 427
6 293
501 97
471 594
407 394
374 107
560 554
372 230
413 557
177 615
438 637
140 352
92 418
294 286
220 430
635 414
334 434
404 202
362 281
133 103
236 624
421 223
501 531
595 447
646 630
607 334
286 536
369 145
266 79
278 498
409 257
346 173
123 515
455 13
604 646
87 299
565 28
388 51
463 93
318 86
578 263
143 174
164 511
48 323
158 370
420 276
313 286
453 112
590 227
88 190
299 552
453 268
217 124
615 177
373 147
20 30
643 431
523 265
327 527
149 390
220 354
498 603
260 322
199 417
52 189
126 543
147 338
123 350
502 204
591 371
634 472
128 338
421 222
1 412
435 593
330 449
573 577
455 369
130 146
477 130
418 69
200 239
455 169
270 176
193 113
623 164
362 513
86 178
188 607
640 208
176 271
195 211
526 456
190 188
168 419
608 28
271 416
104 96
394 340
321 394
203 211
602 115
65 180
11 79
146 419
275 163
337 530
217 363
58 219
289 390
74 159
623 281
52 218
646 549
155 395
443 233
625 565
320 589
620 477
342 187
590 311
181 548
34 60
539 135
596 206
100 180
355 436
219 52
70 72
488 638
225 233
90 197
424 53
635 405
382 492
422 299
482 606
80 8
109 553
294 83
522 113
634 434
568 178
567 116
608 277
34 204
69 513
54 112
271 612
53 228
62 185
373 636
619 488
343 518
424 505
515 531
591 461
223 64
392 488
342 615
545 273
29 407
46 437
33 583
374 96
599 284
648 531
184 235
503 513
376 514
218 322
292 416
291 26
419 277
500 351
93 505
614 149
488 343
132 349
409 234
21 283
622 281
323 292
31 441
439 258
543 159
297 422
349 141
571 591
112 452
35 153
620 71
433 47
451 625
160 326
504 548
348 402
170 426
198 128
500 450
45 611
602 456
497 99
259 515
363 155
493 110
380 18
187 424
572 95
33 291
489 564
584 29
267 545
362 305
309 217
592 81
530 625
643 133
188 476
576 505
274 202
568 489
102 49
259 163
462 381
133 209
318 85
591 462
280 630
154 419
1 207
577 347
119 340
13 453
251 6
604 458
600 300
153 355
162 524
221 182
276 145
42 199
217 505
479 364
442 432
152 191
89 500
284 200
216 16
446 388
426 136
310 538
125 389
243 386
400 251
190 517
399 246
176 172
65 110
571 64
125 278
617 278
112 269
421 307
37 49
473 239
419 537
589 648
214 520
630 245
567 577
182 238
345 188
593 477
474 71
133 31
448 438
469 607
506 108
647 509
189 120
426 410
13 10
356 356
372 407
321 344
443 458
636 519
245 378
474 625
358 18
460 229
300 358
230 525
380 405
33 148
