632 6924
619 281
579 429
505 20
608 481
605 483
567 79
37 603
311 456
615 231
181 148
177 505
437 594
614 261
13 459
574 445
629 196
364 528
146 318
607 68
312 450
76 114
121 166
57 426
15 245
407 179
146 314
300 198
347 610
131 320
393 97
395 369
209 277
255 262
371 106
132 124
347 7
73 302
57 30
313 400
42 94
117 152
596 408
66 398
574 187
384 343
615 483
336 100
531 621
426 587
312 565
92 98
41 508
357 399
512 150
224 255
103 632
467 1
275 334
632 481
222 443
161 552
517 478
422 189
624 576
101 199
475 256
302 131
605 519
308 153
96 564
275 328
610 399
511 525
128 38
597 332
254 421
62 228
396 315
394 566
476 383
451 275
315 276
233 207
525 290
5 505
109 271
383 547
348 4
310 586
321 53
448 576
464 620
394 225
377 68
52 1
568 497
309 456
112 326
2 394
595 175
478 296
604 554
242 37
513 339
487 268
472 412
431 415
557 332
504 122
246 482
70 162
322 79
345 125
47 375
93 143
437 47
586 163
334 273
216 273
223 268
489 413
169 303
566 562
403 197
499 383
407 385
546 277
379 393
521 600
364 439
480 377
105 11
581 458
266 250
121 205
338 366
484 39
621 594
353 109
233 70
168 447
290 537
358 173
183 327
141 37
163 61
434 32
146 97
293 532
310 611
28 352
370 236
320 583
223 113
539 566
114 287
602 517
412 332
200 512
559 338
185 401
401 20
503 37
169 103
500 24
236 52
35 286
184 501
629 368
574 31
367 188
43 17
348 410
119 498
597 480
75 230
508 471
288 286
200 378
60 56
311 482
27 576
35 491
482 25
205 7
452 101
574 575
277 373
92 67
176 559
272 243
477 258
315 109
221 624
100 587
277 448
101 39
303 33
111 348
103 242
51 190
121 25
192 334
298 288
438 366
77 453
481 35
215 256
90 396
52 574
270 43
24 72
278 157
462 582
418 325
433 434
524 430
183 609
14 179
434 427
226 55
422 311
166 58
270 219
133 300
419 35
104 439
419 495
326 242
552 489
392 563
619 45
136 79
243 470
182 418
245 57
269 517
438 8
415 266
170 300
603 441
202 128
479 368
123 328
189 506
358 457
237 152
583 230
126 335
64 337
622 628
590 431
365 384
143 594
253 92
94 489
205 56
441 603
492 134
501 525
515 262
223 367
197 544
281 521
401 15
117 588
342 270
435 63
523 210
358 457
336 432
528 96
178 180
393 552
280 41
546 548
80 460
21 627
423 616
325 294
272 399
603 370
316 519
87 587
408 560
265 268
390 365
433 103
146 61
199 158
37 564
156 503
345 266
627 327
168 590
353 260
300 259
513 293
12 460
104 130
49 602
294 513
295 222
566 52
464 145
426 88
412 511
367 570
178 460
434 474
131 275
132 372
318 223
485 80
344 124
362 199
380 32
589 324
335 613
284 274
294 245
282 256
459 396
383 62
441 406
368 304
389 306
377 176
209 175
403 117
433 193
315 41
425 228
546 372
439 3
152 154
563 275
98 153
178 625
22 583
508 72
312 517
206 475
262 435
382 578
69 326
41 297
278 223
114 621
572 574
516 398
142 71
466 226
53 459
502 508
512 318
240 204
404 358
608 200
389 255
379 212
177 158
442 297
213 217
306 398
216 515
510 611
449 289
27 429
277 619
281 53
117 505
630 234
320 491
52 38
524 371
292 31
252 343
462 8
315 521
630 423
320 311
358 499
51 480
457 5
626 382
354 253
163 256
359 250
268 528
441 263
214 469
604 364
260 322
293 517
128 375
352 306
434 401
355 156
337 537
305 106
322 110
274 462
380 247
322 426
496 604
355 374
314 148
198 469
216 66
336 499
305 207
363 292
401 569
105 170
101 89
420 108
602 321
249 183
573 86
477 508
37 465
412 241
180 627
118 503
288 65
471 617
619 372
71 306
109 280
258 9
150 441
471 91
26 600
364 230
557 588
407 300
72 507
197 444
450 400
371 235
308 492
510 468
326 97
187 10
413 264
331 36
521 235
204 308
548 320
570 586
202 438
74 351
154 580
192 418
146 297
491 342
223 407
331 527
170 321
206 370
248 472
72 123
33 504
610 205
257 312
270 240
402 164
572 399
522 282
392 528
126 326
552 192
469 617
493 581
367 471
594 607
383 42
562 575
169 579
160 319
10 391
415 448
284 47
619 263
561 23
163 16
441 75
287 250
179 237
307 218
528 184
68 245
133 123
192 204
266 240
347 483
259 335
98 176
356 451
339 498
415 373
622 136
542 384
202 589
71 128
329 375
480 496
419 276
54 610
621 561
76 497
248 463
415 595
354 552
518 558
165 182
91 585
1 68
354 202
67 596
292 197
476 463
327 6
147 204
507 176
17 470
589 371
196 501
201 401
461 390
84 55
225 357
54 31
79 599
266 320
327 321
120 235
558 373
525 593
135 97
559 76
481 420
320 7
34 505
345 507
22 568
63 262
47 247
290 7
444 156
407 336
177 109
337 613
189 372
188 595
199 335
228 552
313 387
314 302
516 456
573 161
31 622
407 571
51 48
195 160
581 430
142 114
320 469
111 127
252 413
412 397
67 199
502 295
445 59
342 306
350 506
311 421
547 585
458 99
572 402
116 493
426 372
361 529
256 10
9 522
354 614
248 94
589 555
228 137
463 241
562 19
426 253
571 460
193 280
604 395
355 481
69 507
41 435
58 452
157 462
55 336
340 575
565 624
370 33
12 523
607 5
512 226
273 119
137 125
292 454
495 537
312 186
205 16
480 176
191 69
433 95
321 157
67 304
395 330
455 60
51 65
118 84
58 181
326 387
119 403
134 389
618 543
228 579
603 216
364 607
358 369
419 570
290 250
119 579
263 161
92 598
459 391
271 244
588 243
594 224
382 305
312 430
171 608
517 202
557 339
223 154
573 342
65 57
225 129
73 190
253 592
28 527
575 510
335 516
455 137
391 185
21 522
475 217
173 368
17 510
157 295
366 236
496 364
346 301
327 12
305 247
64 515
505 562
439 36
391 210
90 379
79 143
216 193
264 215
101 240
55 162
577 56
18 85
411 156
147 408
588 424
409 432
290 553
476 95
508 150
369 69
304 432
331 513
519 359
398 326
50 261
545 69
623 124
359 534
108 411
254 59
379 193
538 311
386 69
565 138
128 244
397 368
338 608
246 43
132 354
506 11
585 509
142 478
508 487
435 115
84 533
101 272
617 628
384 470
356 105
494 251
267 154
457 497
491 569
92 375
609 229
281 181
507 472
357 552
430 123
469 53
545 477
328 466
340 127
319 479
4 609
3 482
30 261
481 568
168 629
448 523
53 577
623 33
310 138
266 595
235 621
140 169
350 112
247 89
100 122
607 350
632 542
431 396
282 591
95 390
540 518
391 531
177 94
483 225
301 255
39 165
63 306
556 492
240 399
370 592
602 496
563 431
78 139
522 397
290 139
148 584
304 555
293 463
466 66
571 424
572 554
116 376
17 137
573 349
418 604
572 525
452 616
491 608
262 394
128 443
27 443
371 144
398 67
147 321
308 73
297 420
335 70
481 187
502 280
632 425
2 225
335 443
549 36
153 503
573 107
8 225
93 593
96 50
598 435
425 228
144 274
77 261
520 381
423 366
566 361
574 537
135 282
238 110
624 129
74 482
313 628
581 325
585 31
24 92
559 128
193 351
543 520
263 293
93 456
220 400
41 234
432 558
117 78
49 166
202 220
380 513
278 54
449 595
608 283
239 304
107 264
177 455
151 79
527 317
335 126
400 589
144 380
434 460
544 55
62 136
93 318
505 201
532 528
328 140
9 624
228 183
44 569
390 386
371 532
260 521
472 293
126 89
412 454
127 131
601 561
402 162
506 298
378 201
547 551
323 585
262 32
265 628
307 219
606 56
227 366
195 246
279 94
108 94
224 485
265 364
264 570
157 438
289 175
280 491
343 85
481 108
510 382
428 37
542 102
391 419
504 446
430 365
75 520
526 54
254 65
41 431
13 501
181 397
326 373
31 214
296 457
205 618
472 33
547 272
590 176
302 500
265 230
538 149
320 299
213 371
124 259
610 298
457 25
628 320
413 195
157 69
583 106
185 201
611 356
576 251
542 104
141 108
282 490
177 309
107 540
442 240
426 139
540 275
444 76
353 287
270 170
285 472
312 404
220 141
200 338
211 100
235 611
525 148
511 102
186 576
179 332
150 410
306 102
57 342
389 320
11 391
157 186
611 379
470 572
200 272
5 58
309 428
620 365
57 185
529 79
290 113
313 242
108 13
62 216
84 573
216 69
219 489
550 39
37 177
3 172
18 256
541 517
28 385
311 377
24 208
32 492
531 365
216 350
22 463
381 521
542 90
512 606
6 137
392 240
418 35
381 150
87 170
553 177
522 327
549 131
371 188
592 280
418 585
254 165
48 612
422 368
221 516
475 477
363 135
315 294
333 609
97 205
324 461
565 243
321 299
115 519
341 183
170 77
512 571
239 388
419 185
123 555
23 567
567 361
476 382
109 436
57 275
415 452
598 399
407 464
458 457
369 79
438 242
523 310
190 622
149 261
165 77
372 591
367 385
445 565
333 284
272 432
285 355
349 406
405 68
524 405
369 382
389 591
616 95
354 341
126 523
448 61
533 492
181 19
78 57
490 70
298 516
411 381
307 109
96 613
471 421
503 426
100 552
143 138
235 538
619 172
172 315
492 418
227 476
125 565
154 224
345 402
300 227
329 608
488 172
605 509
607 85
227 154
549 52
200 321
204 425
197 308
615 512
1 314
507 513
388 307
374 507
316 626
142 589
29 200
218 69
269 425
35 510
219 401
343 160
342 406
160 529
136 489
510 19
83 63
596 34
399 540
78 618
512 164
28 448
326 574
333 365
83 125
499 417
313 187
448 293
593 221
212 278
373 358
353 10
331 418
535 332
118 497
92 441
581 403
517 168
441 8
253 451
300 556
493 40
12 585
420 197
386 516
128 250
536 277
367 182
463 123
476 617
217 129
293 551
597 299
574 78
463 433
80 238
620 241
63 120
315 534
216 414
529 475
157 572
167 498
100 342
475 531
266 500
493 339
125 355
128 466
244 338
491 626
617 536
268 300
492 205
72 512
345 5
28 16
233 508
118 323
609 71
3 526
462 406
290 112
468 200
211 59
252 257
317 499
89 255
419 61
457 614
612 44
85 257
365 530
309 258
484 501
34 548
184 584
60 219
539 489
58 627
62 168
595 307
29 377
245 93
286 311
565 365
613 260
387 455
112 607
413 190
526 559
56 506
72 186
580 536
118 92
126 175
436 129
513 329
143 396
35 620
102 27
260 441
443 292
53 103
78 78
124 303
585 107
203 592
478 319
223 261
597 517
101 469
7 440
468 90
540 135
553 385
431 458
123 179
603 119
551 95
327 240
317 579
590 455
553 261
182 103
369 448
484 408
556 614
242 238
373 93
16 202
75 399
62 390
347 6
144 587
63 114
11 140
52 597
221 491
305 268
335 149
519 277
618 116
602 45
604 83
106 570
294 117
621 314
301 78
248 538
88 383
62 138
41 108
577 451
58 527
575 191
437 630
59 210
481 419
299 301
366 493
308 333
178 9
477 84
74 176
410 104
550 171
498 4
514 233
520 216
35 522
219 555
505 506
98 3
533 245
413 448
583 491
535 549
222 105
162 140
120 605
277 436
384 270
589 304
101 390
508 80
243 363
484 38
292 448
102 607
87 549
596 58
366 233
365 17
34 168
14 390
11 497
631 270
398 192
199 514
290 378
433 372
543 96
107 317
402 420
388 18
261 186
396 123
333 25
339 397
242 76
237 629
306 379
27 56
55 366
407 620
326 259
553 470
471 92
278 256
384 459
218 593
468 121
385 14
9 229
96 414
607 188
579 298
428 631
29 23
502 89
5 90
46 481
13 386
361 68
251 129
14 352
606 597
149 153
304 403
83 404
190 12
462 530
627 338
271 243
4 81
268 417
449 534
54 170
510 561
423 358
41 56
234 222
66 466
620 342
84 560
265 41
361 131
366 562
484 395
172 446
551 532
2 37
457 34
34 507
157 469
23 502
124 276
92 399
14 587
484 378
136 379
59 82
104 226
2 485
243 561
192 250
493 11
315 373
144 67
64 289
171 326
326 588
115 364
280 503
628 218
217 363
137 37
403 237
578 79
312 478
460 525
618 335
219 272
394 339
509 280
272 445
283 40
552 477
257 215
351 56
603 23
624 206
123 542
450 134
162 618
81 507
165 55
440 352
483 399
599 411
93 348
458 355
295 274
47 83
387 459
269 359
632 229
377 385
145 189
257 629
465 246
463 231
368 606
530 4
236 28
303 128
104 402
26 540
308 460
616 561
22 76
132 541
391 409
341 27
166 217
539 493
403 369
419 12
511 483
123 443
531 607
196 515
554 216
271 518
10 464
447 382
271 42
285 419
560 225
101 390
368 543
204 454
45 115
50 454
407 133
1 549
102 399
200 163
180 160
601 397
400 383
339 241
557 244
90 119
226 342
131 323
489 230
440 411
154 221
559 266
603 482
491 435
353 111
419 203
35 327
319 430
26 102
616 534
18 169
278 377
322 95
600 90
195 130
12 478
77 309
572 323
500 18
452 317
164 179
317 116
218 127
532 216
8 376
102 522
539 346
128 572
346 255
70 259
609 280
316 105
306 401
1 426
402 332
557 589
367 513
44 180
40 51
403 101
75 557
288 564
356 614
240 154
481 6
569 307
30 179
483 143
78 405
287 173
194 387
295 165
630 151
83 117
584 466
612 610
100 436
354 53
211 538
495 187
273 340
319 71
296 540
537 93
83 39
304 467
32 145
447 506
256 73
217 23
178 465
448 577
277 19
63 204
149 456
112 590
284 75
438 371
387 419
164 292
405 368
271 382
377 515
329 118
355 388
155 575
155 19
607 511
541 468
68 163
14 449
187 249
154 8
375 195
320 141
422 562
450 278
348 417
301 392
119 388
255 545
609 568
354 176
326 138
153 119
260 348
319 534
146 499
310 402
537 394
623 270
81 380
186 602
35 591
609 248
221 231
488 398
140 180
51 468
434 118
566 303
38 618
151 15
576 611
457 346
342 441
215 30
279 104
172 575
462 174
454 500
369 48
577 331
607 612
624 505
401 502
336 272
507 359
322 457
263 289
256 476
63 155
606 598
67 107
83 548
231 616
344 562
509 596
48 362
74 233
486 577
574 239
200 430
433 269
230 254
116 163
290 83
45 404
189 416
297 173
165 558
378 449
425 220
601 590
396 432
343 230
140 578
608 384
296 383
249 33
370 396
396 124
570 626
61 288
539 529
570 546
283 353
583 424
362 632
147 230
455 107
559 28
3 413
170 65
607 114
198 28
523 63
12 404
359 180
487 416
408 121
16 588
385 606
429 406
384 596
558 175
107 334
460 329
527 359
96 290
514 107
481 98
395 422
392 254
381 183
220 609
366 185
479 223
21 264
431 111
464 352
206 408
591 315
579 432
359 52
396 271
200 229
8 59
437 533
574 206
37 500
486 621
552 320
626 482
559 59
609 262
25 235
629 478
48 603
355 440
17 351
220 223
167 235
230 490
483 593
553 606
99 4
322 374
314 543
44 527
178 411
509 382
568 548
41 490
429 396
346 270
60 437
489 468
472 386
631 562
590 256
95 595
97 148
180 205
218 170
562 520
368 450
350 439
352 181
589 428
187 17
160 253
64 155
454 425
16 113
117 383
540 442
596 604
17 27
73 535
297 40
435 526
348 102
411 239
582 293
69 253
216 599
126 260
189 435
183 564
83 170
131 206
462 55
551 88
226 255
191 373
150 225
257 557
487 555
541 219
9 129
44 60
117 124
391 321
306 565
225 374
276 285
259 311
365 539
24 252
519 12
284 359
99 20
392 89
572 263
555 563
258 375
28 115
58 503
72 505
11 374
324 197
573 490
588 63
452 446
619 175
560 9
364 180
444 473
300 34
578 43
462 145
514 448
187 610
573 224
268 182
426 523
93 92
183 202
314 188
615 453
423 198
294 185
434 147
181 237
347 241
397 295
146 317
183 306
217 148
538 34
229 170
554 584
12 252
379 228
398 416
169 565
331 417
625 480
373 569
351 442
86 282
290 449
435 410
590 1
446 114
207 495
488 557
147 272
152 245
320 285
200 15
61 2
460 622
628 445
341 153
316 408
484 193
67 103
347 101
164 55
508 285
149 582
367 422
387 101
294 106
486 117
357 570
325 206
524 130
82 449
368 31
194 369
529 603
10 222
453 194
574 391
457 448
168 137
18 166
588 514
411 340
496 321
30 570
109 435
574 216
218 336
361 356
374 533
105 161
268 496
103 168
162 157
327 514
148 270
305 267
628 547
482 375
608 537
191 275
487 561
84 472
481 125
593 383
119 472
53 607
396 579
108 370
446 125
374 36
447 218
472 541
14 474
19 80
194 180
366 370
179 277
311 509
350 485
174 209
156 34
590 286
129 281
30 537
471 580
456 294
89 539
53 312
337 322
379 366
569 14
5 630
104 454
117 468
21 611
516 512
315 239
150 152
314 234
533 39
467 213
120 297
319 585
33 545
28 107
63 567
237 232
148 504
127 163
149 622
267 248
497 54
150 157
547 31
557 189
4 551
393 162
435 418
400 447
476 359
113 403
507 92
113 123
607 153
177 255
394 249
394 595
612 372
561 366
550 390
47 198
560 522
477 590
108 321
347 419
12 67
272 539
182 558
44 573
552 423
573 19
153 288
386 300
146 451
114 410
629 36
415 559
258 555
631 160
190 162
137 616
594 84
408 332
554 93
573 513
228 380
190 248
436 101
619 115
543 97
610 10
167 38
200 153
343 373
4 133
322 543
198 231
268 347
38 226
329 495
511 94
80 363
387 442
88 105
313 208
625 425
627 430
288 485
153 540
332 481
514 203
528 38
367 23
187 356
469 150
590 179
4 332
407 207
474 256
69 221
258 89
218 93
499 68
158 173
78 81
194 604
170 558
517 451
325 492
440 37
81 586
424 482
143 621
50 395
284 347
236 126
270 105
199 157
202 182
298 9
431 458
434 432
256 39
409 374
474 518
241 552
39 241
162 44
442 468
262 99
561 311
623 370
627 53
239 578
535 334
101 479
195 36
284 121
135 630
622 25
425 73
514 56
408 172
503 323
618 325
283 149
299 609
57 340
246 279
221 139
125 277
600 183
607 499
321 409
206 438
62 177
28 537
361 416
596 118
388 520
173 562
3 601
379 549
401 354
223 488
306 380
156 436
151 137
627 449
18 3
152 126
610 170
35 69
151 583
192 434
552 346
591 423
563 83
394 442
517 14
465 446
154 554
96 145
99 490
485 225
497 393
631 368
364 388
393 440
19 173
229 323
453 39
81 515
534 333
121 43
319 285
392 55
161 157
196 623
246 120
31 96
616 298
394 99
592 539
228 267
468 157
463 385
257 398
295 154
25 160
256 152
58 417
125 228
149 211
11 231
435 148
485 163
201 399
41 166
416 225
130 117
461 506
168 91
534 325
339 201
119 582
614 250
603 290
425 506
64 159
124 5
181 479
625 156
400 621
153 460
496 154
94 418
496 436
444 66
216 598
611 180
130 247
403 589
398 272
467 559
612 467
7 218
469 322
430 69
295 588
172 113
233 48
614 311
321 89
331 384
254 64
42 224
386 241
301 475
564 599
18 456
489 567
339 324
281 617
50 355
510 109
373 110
418 466
51 53
16 522
281 426
56 147
209 219
343 409
111 294
47 590
296 576
326 558
233 413
476 547
253 208
173 408
97 530
327 565
125 94
550 165
160 216
595 584
556 159
89 625
28 598
547 614
511 554
415 449
481 12
171 394
617 316
499 164
388 389
430 443
439 207
482 119
289 559
391 625
436 355
544 98
319 45
171 14
480 593
274 568
17 551
412 514
247 37
488 603
511 236
432 164
140 151
373 241
21 4
371 182
507 190
91 324
490 145
374 453
259 238
97 372
484 188
349 399
106 235
279 298
91 475
10 314
264 33
79 270
413 74
136 365
122 601
586 365
341 508
26 154
495 363
327 66
445 522
535 485
249 507
443 83
6 554
439 139
184 540
332 342
169 450
33 516
553 38
114 282
107 469
546 469
396 627
258 259
37 129
45 307
54 183
300 512
272 197
32 561
601 614
145 536
631 197
378 55
292 484
64 401
166 212
435 553
312 6
454 324
303 624
617 444
193 603
616 54
307 550
444 381
442 519
296 471
220 150
55 437
352 67
308 89
617 428
500 468
15 145
631 531
101 93
600 413
11 615
8 612
554 225
218 85
373 33
587 464
439 43
82 632
419 584
539 403
520 50
111 372
619 183
384 382
164 200
593 320
91 606
528 319
489 180
394 483
627 3
85 90
173 210
171 349
514 543
416 199
343 263
278 452
472 488
48 239
514 524
540 107
370 193
364 42
7 487
18 465
353 234
492 377
471 415
161 322
230 376
319 314
417 456
555 501
591 326
495 153
523 318
270 5
256 591
24 99
102 1
569 560
249 439
451 453
59 148
311 480
609 232
371 107
281 11
442 25
630 610
250 180
121 233
602 132
563 515
445 418
428 168
54 339
80 42
175 141
329 357
63 515
82 153
31 586
591 229
20 219
443 241
399 283
44 140
347 604
15 82
300 182
280 598
567 135
31 535
117 587
166 469
172 243
90 31
385 507
457 540
302 187
86 273
419 306
323 462
8 362
300 253
241 371
298 233
183 438
475 412
4 600
211 436
395 288
198 439
605 595
184 436
405 298
496 95
549 68
102 237
242 578
571 519
187 128
60 244
19 393
407 248
24 311
107 209
275 391
144 582
458 173
337 197
205 259
624 345
95 550
372 225
467 302
577 304
264 162
221 17
451 331
162 340
211 104
332 85
316 542
18 154
197 200
218 586
31 358
398 124
374 301
451 228
117 429
100 621
343 331
339 336
460 493
263 223
134 511
15 28
142 103
142 410
570 435
159 46
514 10
632 586
496 570
108 71
539 203
211 569
286 143
548 292
551 212
383 9
374 620
528 170
266 109
169 331
294 289
39 552
234 631
106 504
94 508
88 314
5 324
317 35
399 596
414 161
626 506
288 627
335 252
158 167
321 321
58 417
29 102
385 204
122 33
321 517
487 523
333 248
627 537
396 465
44 612
113 147
579 166
68 540
323 411
584 50
329 185
587 340
120 21
492 535
63 492
627 22
222 506
240 346
74 235
424 524
282 450
311 607
99 100
348 42
216 189
5 10
255 377
545 260
83 130
522 235
225 307
221 242
448 41
373 227
331 282
210 129
207 252
629 445
386 586
491 141
162 76
130 172
239 618
182 435
491 98
52 129
441 402
615 139
603 393
77 64
352 317
16 59
286 74
62 235
329 569
120 102
505 468
582 73
190 26
7 368
355 324
251 234
589 438
578 225
386 215
509 265
257 630
178 624
256 43
302 58
591 614
70 210
377 4
263 555
192 70
364 140
368 463
481 606
415 410
70 368
241 190
65 181
577 631
527 467
499 204
118 72
418 239
164 182
517 334
42 459
143 379
503 81
202 434
99 205
384 492
62 157
238 337
367 218
184 126
9 481
495 419
460 403
333 475
298 177
17 178
223 428
3 531
552 278
33 113
417 10
488 376
2 343
368 102
380 264
286 296
363 508
297 274
502 133
201 558
300 60
31 340
242 277
326 439
235 521
128 7
610 67
82 50
218 497
204 61
478 618
221 288
551 272
363 38
237 9
38 412
49 144
297 438
395 408
560 85
149 584
57 556
486 265
550 188
600 468
558 528
512 536
465 53
586 314
547 626
219 24
239 373
184 502
597 181
286 343
629 184
175 165
602 578
139 189
349 331
69 440
347 629
361 225
289 482
532 443
528 380
250 628
269 421
525 564
431 600
541 463
138 397
486 620
60 384
414 631
176 251
227 519
499 544
299 623
552 78
455 70
318 352
11 581
620 262
550 375
239 410
51 269
571 518
372 539
377 313
289 218
594 527
536 311
138 394
466 18
273 600
499 570
516 586
95 485
216 539
133 541
546 314
566 466
271 470
257 165
389 517
387 438
503 227
374 215
515 536
9 36
233 498
486 508
583 471
565 250
607 453
412 455
473 317
25 3
123 94
127 486
327 432
177 489
365 495
582 290
460 431
576 94
498 5
349 448
572 174
426 623
241 96
417 380
617 310
346 587
619 557
179 492
257 179
350 214
628 290
563 23
547 4
77 240
535 74
42 135
245 283
465 90
26 333
55 569
45 228
567 89
247 616
60 180
33 224
386 183
284 99
247 310
375 420
219 540
54 67
247 93
547 261
135 423
98 390
191 215
32 119
412 237
512 63
117 224
332 140
456 150
74 543
276 153
332 161
125 554
421 522
352 28
52 578
22 10
196 612
238 392
427 414
413 309
605 413
506 380
214 515
596 408
520 185
85 307
144 617
74 102
135 518
600 438
34 455
508 38
91 12
580 500
146 35
157 136
159 457
623 168
29 490
96 223
497 248
205 578
67 97
334 350
238 321
417 502
239 293
440 338
585 349
467 195
277 451
122 103
161 152
360 413
310 425
515 564
535 592
434 543
17 564
588 609
324 255
385 455
481 441
386 568
16 546
101 281
402 583
627 396
463 202
514 29
631 227
592 612
566 301
293 99
627 167
120 55
150 388
564 276
216 250
211 260
291 355
148 256
246 558
553 254
220 543
554 384
403 487
194 579
451 541
463 150
86 426
240 81
488 106
414 629
461 444
210 565
452 501
593 149
506 301
421 439
572 376
315 142
275 397
350 211
48 222
348 457
302 575
267 593
390 349
428 149
312 291
210 184
408 4
264 336
393 137
504 297
604 270
594 301
544 497
215 125
163 303
368 294
351 238
509 307
561 584
523 212
339 613
13 469
309 290
452 108
76 71
349 251
286 272
233 26
452 513
55 461
92 504
516 291
127 491
257 631
380 258
417 137
185 226
127 427
76 469
90 511
549 599
459 607
315 223
200 54
449 591
205 380
290 351
273 160
25 140
8 410
442 621
31 290
86 631
140 526
74 413
288 179
337 350
398 599
463 446
444 271
260 554
618 349
189 577
529 375
325 239
590 127
606 180
53 497
460 126
330 179
120 534
442 615
438 116
217 117
318 66
425 569
209 5
296 451
551 625
529 182
375 150
245 414
92 370
253 625
26 537
34 209
69 383
58 355
189 191
237 133
351 629
257 352
75 134
404 431
56 171
52 630
303 119
358 205
256 487
265 229
158 501
22 195
135 131
353 49
312 144
226 121
410 317
475 546
397 293
581 145
348 325
134 234
589 31
476 311
427 419
268 609
26 592
436 62
509 486
261 210
274 180
7 347
459 46
117 20
304 358
366 393
158 298
442 188
334 441
226 19
574 440
303 473
498 415
284 204
500 266
605 428
232 601
325 86
308 137
140 476
183 316
499 199
451 100
174 475
630 10
405 591
403 530
467 67
100 594
584 373
72 604
46 605
408 232
287 242
568 179
615 193
251 535
479 35
353 324
98 426
367 123
128 472
23 619
82 235
300 238
52 326
293 404
554 363
323 245
93 470
321 145
60 161
102 257
119 334
463 533
11 9
247 99
199 594
529 490
253 189
141 9
175 384
43 230
535 150
484 39
543 7
4 490
384 215
19 104
239 495
572 387
570 143
198 412
228 480
459 329
321 79
408 397
600 330
571 12
371 492
221 442
412 623
275 36
474 495
156 480
75 136
244 531
561 617
521 174
114 290
406 442
61 295
247 430
437 409
219 203
389 572
399 508
158 355
131 368
138 456
237 482
262 297
390 502
46 111
262 522
473 424
516 387
364 589
613 399
493 455
19 352
310 343
84 398
592 4
68 64
603 631
398 623
629 297
596 440
170 121
257 441
19 247
170 546
256 327
511 346
579 236
576 35
531 542
501 616
270 306
614 61
116 595
356 568
406 362
337 124
248 470
23 466
80 112
445 296
427 449
529 325
218 577
584 304
354 80
422 550
41 619
149 507
169 68
207 227
316 187
174 490
323 255
232 85
63 404
187 44
476 126
229 544
238 99
420 457
57 210
447 618
165 382
483 40
384 283
128 533
336 84
525 522
451 454
149 55
494 90
362 620
243 579
501 284
364 10
94 404
614 22
286 295
399 296
487 170
200 631
102 373
234 596
119 474
626 388
312 620
416 72
562 4
226 573
29 492
159 134
69 213
236 58
554 363
411 377
343 290
451 318
525 629
230 334
131 315
190 300
626 191
1 592
254 220
20 368
117 501
624 86
581 102
15 126
63 584
213 512
459 219
381 181
287 519
154 343
15 160
513 96
462 488
111 227
503 131
11 187
395 598
621 482
409 328
314 394
544 193
165 404
469 265
386 557
28 57
522 148
437 619
8 252
187 23
388 306
333 246
285 558
40 423
255 392
566 272
297 64
271 525
594 287
427 618
423 412
488 493
208 135
166 564
585 444
105 417
607 245
627 165
359 568
581 624
456 208
64 508
199 161
345 228
131 552
164 8
246 276
115 487
281 13
64 285
198 28
38 583
397 7
401 549
508 119
169 363
496 506
232 543
277 111
168 45
195 527
594 583
58 178
593 619
13 134
156 618
105 574
580 81
216 24
612 100
549 626
399 431
527 510
430 477
242 106
21 39
76 516
622 534
249 313
559 527
574 213
126 535
365 275
461 409
528 439
273 317
132 229
120 66
445 520
324 8
300 527
84 200
445 303
197 463
153 281
598 11
355 195
287 279
291 404
435 238
4 108
573 478
68 328
526 425
131 379
589 215
559 261
150 65
137 620
367 65
257 598
1 32
91 462
114 587
229 518
550 121
460 146
386 85
39 386
168 416
515 472
341 386
538 508
480 57
27 405
440 235
338 46
93 504
131 123
607 22
251 530
56 493
286 361
302 569
412 42
77 294
433 121
219 97
131 543
220 60
108 556
150 76
194 37
562 162
467 55
332 168
107 627
325 206
515 69
421 53
361 563
133 274
87 437
65 598
33 497
623 266
187 400
162 323
140 354
486 221
199 503
345 137
265 277
274 403
390 400
549 380
62 625
74 404
93 45
307 459
295 515
187 257
333 459
573 104
232 632
478 45
334 411
297 211
518 250
292 236
48 259
344 554
320 584
413 74
38 623
420 500
568 402
86 288
372 225
522 192
449 443
187 545
121 363
355 502
546 93
618 119
547 575
458 371
30 173
240 599
122 567
177 73
123 347
77 439
500 98
43 163
617 502
487 16
150 275
76 308
368 75
557 110
603 496
381 506
169 47
607 348
73 150
583 537
145 525
548 486
322 196
561 36
68 161
503 408
463 399
319 356
299 254
281 211
595 514
426 346
405 57
186 168
598 561
420 466
136 458
188 127
11 118
106 323
406 298
134 60
158 23
354 57
526 447
341 326
145 157
16 129
163 493
542 249
590 145
448 436
22 593
217 569
455 139
535 366
263 563
405 391
286 228
459 439
231 184
116 342
416 607
347 34
157 142
270 283
231 551
340 192
3 104
169 222
266 435
48 379
155 253
437 558
126 279
122 233
11 66
321 623
277 13
562 190
617 615
45 506
224 294
522 186
52 201
173 48
361 583
529 518
570 292
35 543
185 623
306 162
582 559
293 510
363 474
569 9
67 274
158 460
230 555
573 627
232 72
168 245
221 402
192 533
34 518
540 336
49 221
174 198
405 620
402 240
153 488
184 208
595 372
59 260
71 65
613 202
462 189
166 486
407 75
253 361
290 15
564 218
464 282
322 17
218 168
590 561
620 79
68 477
126 447
446 521
48 329
478 197
110 537
199 98
320 375
425 579
582 306
28 611
138 113
402 584
419 571
333 493
34 440
509 489
239 29
366 46
603 202
197 397
447 318
166 308
419 2
390 461
71 619
342 282
161 616
235 387
179 611
413 423
274 369
188 185
414 387
97 254
370 584
428 503
399 257
391 58
537 526
309 409
68 228
60 534
124 21
166 565
486 344
403 410
326 403
388 567
436 615
564 126
471 590
562 522
145 300
261 541
495 275
257 493
231 493
63 201
117 284
71 293
324 505
57 40
101 530
131 610
88 149
279 423
140 494
398 191
330 446
153 141
26 14
282 24
465 356
17 409
615 594
472 182
328 163
493 353
561 385
358 288
583 32
150 464
180 474
22 314
608 102
452 271
396 62
533 50
190 560
175 19
395 158
513 462
197 151
564 542
214 465
520 470
308 496
190 359
420 422
111 360
291 505
280 599
358 178
479 201
308 290
365 298
257 208
610 259
110 424
333 95
75 426
522 544
470 225
357 461
156 458
394 121
298 417
588 570
104 252
614 406
327 471
625 431
409 439
138 73
203 282
209 246
484 270
226 346
219 134
485 336
321 450
625 156
29 57
250 419
246 495
372 551
293 258
279 216
147 452
414 589
339 125
545 426
445 251
563 418
422 590
313 556
194 263
567 404
223 249
200 70
342 286
297 363
70 271
4 348
229 172
483 567
208 106
291 279
395 515
574 426
125 618
327 449
39 496
216 59
297 609
66 611
358 576
351 350
262 175
163 201
555 72
82 275
277 336
526 314
494 287
116 66
260 372
611 227
269 611
77 346
409 505
23 7
387 509
99 239
291 311
567 148
349 627
436 6
207 307
552 171
344 305
421 503
517 118
393 412
51 381
590 121
396 53
396 154
330 385
620 238
226 143
492 573
101 190
69 171
509 136
393 443
141 39
520 176
548 179
192 598
316 320
458 438
559 354
529 116
294 121
363 322
338 580
318 142
198 590
348 254
406 323
316 99
340 632
206 382
403 506
76 25
169 357
310 595
234 271
279 424
385 224
627 521
415 248
262 591
18 202
601 442
484 4
587 439
406 505
69 38
275 623
64 592
281 97
202 87
225 566
132 616
585 615
411 494
466 533
168 534
572 218
570 222
306 298
552 572
453 72
29 478
311 606
89 94
534 143
278 69
599 265
266 481
571 417
310 97
49 596
243 167
145 108
146 309
628 423
628 516
484 517
426 619
27 461
570 447
572 34
62 434
435 12
261 29
376 232
471 524
86 282
193 521
196 450
545 277
404 584
379 615
231 622
538 254
37 239
585 169
89 619
626 250
21 611
578 367
384 453
6 465
577 611
500 85
189 259
293 370
481 213
585 235
562 163
344 223
337 251
33 358
379 172
333 128
134 24
596 129
494 327
571 592
82 474
530 376
456 437
80 211
461 21
554 522
542 235
126 294
599 175
367 295
1 595
303 376
198 392
529 62
327 554
405 600
179 402
397 593
135 572
142 272
25 74
15 4
12 342
408 497
343 58
317 417
613 597
100 51
615 438
488 118
288 413
495 351
21 30
176 590
374 145
393 398
537 23
307 258
574 487
9 524
325 396
154 129
184 504
315 437
402 246
542 327
609 10
602 176
275 272
543 402
109 72
462 474
118 212
461 78
539 535
308 11
172 63
226 180
357 134
629 32
232 461
570 549
81 208
372 632
211 229
507 41
237 225
65 518
521 340
330 131
442 413
611 532
407 492
166 1
206 226
179 620
609 186
486 106
576 9
139 261
632 427
291 167
585 362
65 313
338 5
612 327
46 458
179 216
402 373
13 76
262 577
279 203
238 225
37 256
483 525
266 472
274 56
111 102
331 363
350 250
469 506
240 260
484 374
481 311
443 317
538 119
561 154
484 3
466 8
460 121
222 276
66 125
459 309
182 430
427 240
482 46
102 64
182 523
512 567
36 300
183 599
375 4
506 415
499 482
458 600
249 561
452 27
113 272
289 559
35 142
247 364
156 87
467 566
409 290
560 502
136 448
521 6
292 309
39 479
477 409
308 255
130 21
267 81
121 402
441 455
486 279
573 198
544 68
385 237
490 344
110 286
264 594
144 532
107 80
585 154
321 384
445 554
202 212
215 568
505 608
107 288
263 516
418 595
121 486
334 573
438 139
487 408
335 345
42 469
334 590
107 559
414 317
177 592
24 595
386 300
389 534
564 341
556 553
390 310
292 260
134 145
421 83
468 163
348 401
189 173
217 578
411 36
311 276
131 592
455 419
45 177
110 459
128 271
609 111
615 502
188 245
449 300
252 316
106 341
415 303
169 250
343 535
516 432
436 179
128 43
481 64
486 3
163 419
31 542
203 337
105 598
91 32
274 494
302 360
43 256
560 53
184 83
99 526
117 343
461 69
191 148
146 591
289 497
7 170
227 349
155 593
401 470
26 374
534 6
414 154
132 546
30 445
352 476
562 267
545 27
156 529
418 416
462 35
550 553
436 491
587 472
346 57
40 172
513 88
285 45
183 169
508 157
294 92
568 191
385 554
249 624
322 513
99 22
131 122
41 198
373 601
606 528
632 426
189 43
115 135
355 86
32 442
245 477
419 231
9 48
516 243
374 591
283 616
93 399
100 504
561 573
609 380
622 302
469 476
194 530
102 232
352 277
415 553
438 45
387 318
592 537
49 445
603 561
314 283
83 221
306 415
213 9
460 28
149 56
169 139
191 583
75 271
387 409
181 223
557 465
515 115
83 505
230 457
427 506
498 333
457 301
29 529
138 175
427 220
581 552
143 233
489 263
437 220
57 461
129 539
160 208
183 506
218 101
9 220
157 505
527 384
24 607
90 78
544 133
556 443
489 159
431 548
609 146
389 527
577 443
563 36
548 94
379 53
458 68
71 454
39 408
596 259
22 523
457 548
208 545
360 168
510 521
377 349
548 625
361 603
401 341
571 595
28 145
162 579
383 383
133 102
170 342
37 73
225 173
343 270
347 576
535 234
2 315
364 451
526 114
283 78
629 369
188 331
276 143
170 503
498 373
494 233
400 171
103 19
566 88
71 159
226 389
335 610
396 444
59 537
135 466
340 41
361 60
153 105
162 133
316 253
424 479
602 244
604 547
440 239
49 535
140 319
155 352
624 417
504 495
558 295
288 384
421 247
336 16
71 566
37 287
320 45
16 40
134 533
439 481
309 453
600 249
532 568
234 356
436 57
154 417
287 521
124 19
524 526
223 432
542 185
235 293
177 566
626 519
120 18
455 415
231 151
425 471
394 444
367 82
145 431
321 549
28 175
527 627
470 519
176 368
534 505
407 392
495 554
400 538
432 114
224 236
326 563
384 291
449 131
481 471
177 157
71 185
255 387
274 390
502 442
132 477
490 6
270 157
389 365
569 392
124 426
29 264
154 599
502 103
460 394
37 355
142 143
24 36
469 48
568 42
234 216
160 419
146 494
622 247
583 488
418 401
244 135
82 357
520 4
63 530
262 156
194 316
476 159
178 365
159 178
43 573
413 409
359 363
307 129
626 549
615 166
51 436
444 67
336 315
434 223
352 3
428 236
322 529
22 509
418 124
486 38
488 23
304 617
379 511
424 138
221 380
256 26
328 505
385 487
194 148
383 423
452 222
500 197
47 29
567 355
530 617
560 525
530 313
442 169
613 80
495 407
229 72
510 570
211 224
375 133
516 332
78 250
365 621
147 160
13 467
34 64
524 366
236 160
436 489
95 528
580 317
323 50
443 437
264 631
549 618
463 122
254 458
395 444
100 209
403 304
287 543
246 479
410 426
194 190
95 396
438 386
579 105
435 536
326 71
245 555
597 595
434 233
315 619
255 493
29 482
347 565
338 105
351 71
53 228
334 134
134 219
364 79
245 393
113 417
137 193
465 289
626 279
244 163
121 500
134 122
361 24
535 53
65 225
88 306
121 19
623 234
251 19
129 249
155 368
392 389
460 173
79 135
371 427
563 452
374 109
89 337
86 464
257 172
209 470
59 127
545 105
295 557
272 533
220 260
270 265
375 236
6 364
619 378
65 542
530 345
582 596
99 81
351 137
468 87
606 363
156 326
196 261
570 607
62 576
88 311
471 149
513 420
295 218
124 102
101 436
33 417
395 4
75 627
316 242
50 89
367 401
476 259
273 454
482 579
519 42
423 318
26 609
585 3
142 127
424 177
463 625
28 452
584 494
450 123
176 162
371 92
490 163
202 175
321 214
604 141
94 437
337 520
179 520
234 618
253 618
542 434
571 418
432 594
478 373
472 176
364 573
512 364
386 477
498 68
78 396
220 420
111 514
293 399
86 308
404 426
428 21
276 579
268 316
629 37
255 17
225 347
342 304
204 520
68 346
478 482
617 380
97 241
527 170
333 517
1 110
204 207
335 610
117 24
444 370
236 432
205 594
152 562
462 141
598 451
251 206
143 6
416 388
547 127
118 25
587 292
173 381
284 451
394 535
565 264
588 249
129 158
274 238
365 430
339 274
22 563
134 603
247 21
389 526
297 271
631 323
477 356
20 302
51 401
171 504
262 366
508 432
466 268
186 614
266 33
233 361
212 61
73 357
239 477
320 502
519 390
168 546
631 541
426 570
4 504
515 228
389 291
40 310
419 512
171 156
138 616
368 384
117 546
509 271
544 133
445 587
287 296
283 609
481 253
545 414
39 149
180 167
307 626
546 91
109 165
318 432
140 402
404 71
56 404
469 210
545 247
486 128
37 48
342 35
60 389
529 397
18 219
627 387
40 550
513 185
154 305
472 618
479 302
316 270
501 487
412 24
456 573
425 350
157 167
300 129
519 241
623 599
326 37
346 241
214 485
308 296
410 194
441 345
198 269
524 153
55 302
583 107
16 226
587 570
106 238
589 309
119 61
487 376
551 316
343 583
565 177
246 383
7 389
349 404
120 560
487 584
581 289
16 107
358 250
629 30
267 513
295 257
528 289
290 412
75 366
211 140
361 136
248 619
600 461
94 217
284 259
185 42
298 155
236 320
377 482
159 469
145 4
51 591
503 303
452 591
600 96
37 521
349 630
228 48
129 137
10 422
561 272
409 408
439 361
235 99
190 351
385 570
573 556
592 255
389 565
338 549
371 446
79 294
378 464
53 402
284 442
429 413
269 391
437 394
359 226
618 363
125 356
462 25
175 202
523 248
298 282
108 516
264 520
139 499
499 419
176 196
297 522
275 515
53 554
521 370
497 554
564 577
292 475
340 94
325 585
37 529
59 174
347 51
607 292
320 394
548 255
464 631
369 525
485 513
95 53
202 325
234 126
419 558
350 233
404 412
219 506
73 446
617 609
102 5
208 587
36 570
524 542
573 563
433 262
573 312
83 582
312 326
167 99
473 1
198 383
468 584
270 392
236 33
611 185
9 74
411 542
190 322
580 620
454 472
476 172
550 553
337 347
99 526
73 358
8 534
1 240
68 450
571 552
204 255
467 298
416 25
93 445
488 503
358 149
388 387
617 403
379 522
70 72
400 236
149 75
271 92
351 374
327 379
442 497
586 414
500 316
511 575
542 150
594 266
76 83
401 483
214 541
17 438
341 554
164 519
17 217
62 592
291 201
344 335
614 346
201 606
482 581
319 609
49 17
318 141
65 574
386 374
318 382
316 500
189 361
492 144
300 90
523 550
484 20
187 174
369 513
123 70
578 489
522 123
553 500
469 77
175 426
170 338
448 41
279 432
309 538
473 512
464 70
275 255
89 614
44 411
15 336
33 15
58 605
462 142
602 61
374 23
541 257
576 227
616 551
298 602
614 458
277 583
217 133
95 425
431 218
270 373
600 380
610 269
282 250
365 377
268 312
120 479
345 20
452 273
543 358
542 160
148 240
65 480
252 47
455 416
276 148
525 274
287 272
104 138
414 579
270 11
328 143
523 527
187 348
529 3
178 325
251 459
266 248
510 88
84 272
556 76
160 392
158 173
570 84
359 112
621 240
34 267
18 315
280 483
596 427
631 596
221 310
237 363
466 176
399 203
349 341
594 216
248 112
53 13
470 577
260 133
341 138
81 104
405 236
381 410
56 133
1 66
328 617
192 124
364 15
352 293
428 80
286 477
87 463
242 540
498 8
289 272
368 143
512 459
241 435
234 262
148 551
225 475
132 559
87 596
443 13
544 53
475 477
396 395
439 276
105 421
246 493
560 20
330 50
417 333
401 379
39 213
402 327
210 207
381 494
371 603
187 481
609 514
154 460
58 373
190 611
453 144
189 621
205 82
412 228
94 85
270 479
4 612
519 620
611 178
378 371
238 602
116 179
534 237
49 84
559 196
467 527
218 363
502 269
174 62
336 143
355 225
472 430
524 600
130 139
499 262
1 141
556 569
552 404
565 181
584 51
312 561
593 19
220 162
126 540
34 584
73 306
414 204
263 516
539 129
536 16
615 173
515 207
163 328
47 362
303 203
511 105
470 424
29 374
532 197
6 402
413 2
160 172
586 507
534 285
334 344
588 361
498 162
596 72
265 74
551 316
60 553
129 491
218 183
314 91
269 618
175 294
96 229
560 273
348 506
339 590
396 629
625 355
286 340
447 401
535 351
145 568
500 296
585 374
199 592
412 489
330 90
522 78
360 314
306 618
268 486
444 20
461 302
104 230
348 561
403 203
26 422
345 549
494 467
579 428
573 131
358 288
211 267
552 485
177 259
72 84
422 192
76 421
112 273
200 376
7 140
418 541
349 288
148 605
162 202
121 610
32 369
392 100
599 281
401 500
234 336
127 474
179 590
273 415
513 483
409 68
212 301
142 189
503 500
568 509
168 460
219 270
557 376
227 157
250 377
174 100
412 32
63 159
608 334
447 273
170 587
317 581
624 198
235 133
327 127
81 320
522 53
266 24
625 426
143 268
501 552
249 152
603 473
112 15
66 54
167 357
399 52
94 79
67 271
287 474
260 95
343 191
428 353
14 469
439 592
583 443
601 37
364 47
89 389
588 423
453 389
142 101
443 321
599 49
493 115
474 599
162 464
505 191
24 248
169 279
129 398
314 430
170 412
284 595
455 245
531 435
235 392
244 72
163 157
352 288
353 375
278 285
450 491
597 531
144 408
362 375
261 537
67 615
359 250
85 209
287 582
102 313
92 386
217 452
292 141
420 574
138 45
497 277
321 55
190 192
439 423
501 261
31 21
12 599
373 425
391 541
263 262
313 190
488 373
388 173
123 411
494 624
123 78
92 105
428 143
225 7
346 165
571 354
468 426
92 215
244 330
249 615
5 172
123 542
390 528
617 403
66 219
231 597
14 214
57 606
234 186
67 6
154 339
184 370
52 81
553 250
572 621
156 212
503 560
580 373
510 601
381 319
73 588
475 398
176 325
479 16
348 422
150 182
73 509
418 399
104 447
434 613
402 591
400 24
375 189
179 493
381 71
128 365
174 78
23 96
192 385
151 492
139 447
540 622
99 294
454 449
168 629
4 255
198 326
451 16
286 344
301 395
609 537
487 564
538 11
126 268
476 218
281 302
290 409
334 49
202 333
334 327
572 619
215 362
229 395
174 301
592 318
504 214
269 131
372 273
115 372
561 416
283 231
581 171
55 320
438 490
223 628
146 172
256 576
577 325
483 295
264 491
223 491
404 69
83 20
80 50
305 10
227 180
102 256
630 567
60 302
519 596
120 270
280 177
388 618
144 8
601 627
9 296
253 563
608 31
110 233
197 121
422 124
539 31
228 475
175 139
239 213
54 161
493 372
349 318
367 472
569 559
210 64
383 91
455 19
411 365
395 207
343 549
209 471
524 246
19 282
331 87
358 464
502 390
186 480
205 247
479 564
52 334
391 124
9 82
607 235
118 521
298 552
377 488
589 188
598 164
493 268
597 475
30 104
320 525
620 470
220 334
126 85
105 614
566 6
63 387
245 323
389 475
311 348
150 205
97 548
434 227
238 43
109 30
204 354
341 411
152 58
347 597
276 348
288 28
349 498
127 417
584 328
550 619
470 480
414 627
150 121
360 119
204 358
596 598
76 142
267 296
242 166
248 268
340 95
112 615
518 284
165 525
630 432
266 363
86 76
328 116
31 13
124 470
337 216
134 15
82 555
486 529
612 286
432 156
490 187
514 430
149 392
240 471
341 411
590 598
194 570
386 232
339 508
266 357
439 230
583 104
402 324
148 369
4 361
592 196
401 36
620 392
247 197
488 224
484 90
102 409
431 549
3 31
78 449
197 287
23 548
26 397
70 70
366 465
43 563
247 581
525 579
481 494
560 559
66 172
254 414
483 620
405 207
14 112
181 292
328 79
197 495
465 170
511 399
452 439
495 410
7 135
22 80
252 490
587 212
389 153
118 426
632 146
369 27
441 261
512 553
579 318
194 326
543 388
603 606
167 3
116 624
9 567
44 270
548 336
34 113
522 375
340 543
336 199
46 500
92 54
580 311
257 160
31 18
249 337
619 537
595 355
313 383
8 605
397 537
262 416
345 348
15 77
622 487
490 450
264 405
352 380
341 493
322 390
526 139
143 589
270 22
272 118
607 78
136 393
59 278
300 446
576 428
432 209
272 153
487 548
630 100
477 253
95 230
550 235
231 399
554 187
397 532
579 393
431 602
499 94
3 608
343 63
558 83
272 609
365 165
358 279
408 575
24 398
432 301
622 135
481 510
62 116
366 608
121 621
222 112
263 460
528 271
52 412
82 197
495 308
599 128
309 432
310 500
530 472
605 199
209 2
89 269
588 577
368 384
227 428
544 214
592 290
35 397
544 245
157 43
387 101
192 9
437 445
357 326
98 192
171 181
362 405
157 145
432 91
42 494
316 25
151 428
208 551
215 289
217 531
363 141
611 530
300 163
154 296
613 266
146 339
619 438
75 492
565 364
422 324
329 453
401 117
466 302
423 355
330 246
550 520
167 80
15 228
248 42
579 533
374 630
275 382
182 416
225 392
163 135
330 36
105 564
535 441
377 519
407 554
130 385
361 546
172 22
319 35
21 597
133 575
373 28
553 495
248 345
626 158
299 604
35 536
534 51
68 405
127 97
190 118
66 534
232 257
233 37
387 418
624 364
403 384
151 67
614 6
562 116
177 461
593 476
59 385
609 360
630 17
180 84
440 182
590 266
209 391
390 126
204 8
14 437
32 496
563 22
8 516
557 535
631 595
411 538
288 349
437 35
582 301
30 73
386 99
623 139
467 217
68 132
296 174
356 423
96 467
88 347
260 457
476 263
123 367
282 549
236 445
259 307
608 213
266 41
538 71
617 456
498 389
138 549
631 611
443 541
412 121
396 529
409 404
346 412
39 174
593 520
184 259
299 475
356 243
516 599
625 413
361 536
110 364
143 103
127 514
22 55
356 161
405 488
600 304
311 331
433 544
159 533
178 415
391 597
369 81
290 317
134 12
571 270
619 416
160 318
408 605
101 413
366 566
266 387
217 529
166 601
448 479
193 609
544 72
229 614
484 228
20 46
619 423
601 486
489 443
415 472
315 341
605 168
130 572
169 75
23 184
296 427
212 190
463 537
435 9
8 201
202 544
78 160
591 209
15 93
604 364
174 441
39 139
423 468
106 10
407 567
398 373
303 307
179 156
278 340
110 257
149 2
189 540
272 277
244 185
508 135
462 617
513 521
54 261
345 284
467 587
501 210
631 40
96 531
589 36
168 227
607 433
423 404
276 358
279 277
104 203
278 280
126 161
153 529
410 390
142 541
261 76
365 169
141 618
629 397
103 508
23 543
154 325
535 426
148 199
289 306
232 386
520 371
194 212
89 541
516 193
517 263
413 632
425 161
311 23
359 62
586 119
139 437
114 597
31 177
540 267
338 20
288 265
223 567
481 84
399 218
496 619
83 431
186 598
545 366
271 346
306 564
32 218
184 339
590 583
76 501
51 506
337 572
577 451
290 631
34 316
428 95
299 139
184 501
457 307
516 45
116 591
214 115
241 302
109 483
472 353
268 523
322 362
525 292
283 19
411 339
442 159
359 483
21 562
586 448
134 10
193 282
14 180
232 78
104 212
344 113
588 75
509 106
235 153
136 534
243 177
508 396
275 490
50 481
469 536
403 72
74 374
415 122
92 219
467 483
105 531
541 364
69 241
352 271
576 208
248 275
131 517
100 55
296 515
112 175
332 443
418 68
327 39
628 30
160 368
218 447
182 174
272 34
87 228
475 600
421 497
204 476
93 553
144 91
588 279
264 311
454 521
578 510
263 358
428 531
141 314
61 248
201 545
302 442
204 120
561 515
23 502
213 275
95 308
383 317
195 181
498 434
293 474
275 171
60 277
447 239
393 198
405 428
59 333
340 465
118 592
391 183
344 14
487 552
205 262
218 402
301 483
277 286
65 289
184 377
149 94
617 511
269 300
426 538
513 48
584 182
519 499
437 2
379 399
241 133
140 415
436 471
575 455
555 318
260 242
48 595
196 451
269 27
473 449
515 519
244 568
26 22
320 375
200 542
420 89
323 128
501 482
584 491
331 511
223 308
560 114
22 337
367 404
421 406
519 204
592 9
271 452
558 481
294 280
3 172
386 107
347 49
308 46
239 489
45 612
99 455
502 247
57 608
247 219
131 420
131 326
21 298
382 496
550 245
495 306
503 234
197 434
230 249
46 162
83 414
296 189
560 434
325 145
327 587
612 598
57 165
580 309
6 372
538 47
136 286
137 389
280 30
586 555
516 523
402 340
461 349
427 451
460 265
122 126
553 496
161 500
411 386
86 168
364 367
395 374
327 52
325 540
621 582
298 346
469 370
250 66
189 34
522 195
182 295
601 457
124 338
466 132
37 412
126 341
188 603
81 305
328 278
145 423
195 479
67 268
490 238
517 410
431 270
239 144
271 277
376 151
595 115
276 136
481 241
503 123
17 238
27 536
313 211
332 44
262 347
487 16
201 88
382 69
542 552
15 380
191 563
93 220
492 433
608 608
164 283
403 331
156 28
493 157
195 411
310 295
531 294
164 462
220 379
459 509
627 624
228 414
515 20
200 557
445 269
569 614
540 191
561 171
330 577
163 557
243 337
39 577
630 457
197 322
447 210
225 103
567 374
473 578
17 252
593 171
279 584
76 41
42 435
394 392
163 319
51 71
334 283
294 117
599 154
300 312
46 244
584 629
572 520
343 232
283 127
422 604
141 440
436 205
583 71
553 602
622 113
543 191
358 260
287 530
130 400
237 617
102 401
31 342
166 194
445 166
246 201
111 10
93 426
336 149
151 579
345 250
448 205
285 285
499 5
123 338
120 513
205 273
601 150
585 70
417 127
258 361
354 181
81 159
208 358
59 408
63 624
41 108
318 124
140 524
80 9
622 203
308 243
25 291
628 15
177 124
278 614
255 393
591 439
163 598
559 376
34 115
16 516
438 447
346 465
129 243
185 465
618 221
40 108
28 593
300 294
589 530
233 58
179 443
156 487
115 105
268 165
468 415
227 52
412 408
542 356
149 467
215 107
546 419
322 321
569 609
399 171
354 553
298 14
426 590
25 409
46 374
9 515
621 464
189 239
490 131
523 221
82 403
179 151
621 406
330 49
265 303
548 284
40 443
289 477
312 79
383 422
538 541
472 400
323 137
298 574
627 402
360 338
395 98
348 132
217 67
610 281
464 393
135 60
564 441
217 525
98 317
416 297
239 142
512 220
405 573
557 130
362 607
478 509
491 624
30 180
390 484
513 54
309 39
475 121
29 118
575 23
315 324
97 2
151 411
118 10
83 436
179 538
351 213
112 106
227 35
441 570
414 451
459 293
299 183
434 199
341 389
187 621
29 219
172 577
352 215
237 62
527 331
281 399
557 300
267 539
430 351
287 238
461 209
234 438
462 90
136 321
289 359
124 487
478 510
228 443
98 189
79 536
338 538
197 620
569 187
411 369
445 585
388 93
76 13
584 427
538 426
87 236
547 262
487 92
457 375
594 393
437 263
590 27
161 79
66 551
84 336
630 395
551 28
414 473
604 571
301 253
565 213
336 538
123 379
563 164
93 165
611 275
533 489
460 589
505 215
623 64
193 371
371 467
42 615
618 32
98 162
618 426
486 232
209 620
254 115
249 317
404 237
437 168
248 206
432 602
363 211
342 21
242 19
158 147
602 49
494 161
461 145
118 363
197 328
553 129
162 341
309 271
152 333
424 351
143 153
78 77
7 622
407 523
419 47
355 302
601 522
227 122
230 517
432 207
574 303
245 605
489 27
503 630
368 464
385 152
196 228
288 566
213 219
494 229
151 358
573 382
505 298
351 432
436 117
39 496
138 169
522 282
435 154
114 147
592 250
265 613
440 147
499 480
338 369
299 398
169 592
250 516
233 74
238 578
54 616
508 3
606 347
529 211
322 110
40 261
363 353
200 239
10 398
196 494
599 335
288 455
347 432
349 364
503 398
263 395
629 179
305 270
445 13
231 377
22 53
8 316
64 466
172 411
397 191
432 237
535 62
117 387
504 299
621 49
319 244
569 4
163 205
429 20
352 195
532 578
25 251
325 625
113 586
63 620
209 302
76 221
466 542
626 212
455 143
302 314
441 414
445 328
323 15
459 495
154 127
543 557
25 184
192 302
118 608
622 584
584 26
410 414
314 85
531 166
201 39
157 136
387 111
244 559
119 246
416 349
466 578
429 341
225 611
605 520
297 227
184 149
625 601
556 570
277 191
609 425
582 613
415 189
623 346
241 463
464 450
613 263
576 96
359 20
258 263
297 416
36 180
194 476
607 258
118 567
90 374
325 591
417 466
490 337
296 385
325 401
367 202
319 557
61 485
226 4
332 586
580 437
439 555
179 605
305 597
378 233
630 455
284 442
381 151
339 29
146 293
244 546
130 238
473 43
463 567
356 527
176 338
374 109
236 525
550 17
105 425
630 109
325 155
108 14
609 318
598 96
499 621
344 548
189 457
189 175
314 281
491 81
624 78
558 311
349 70
19 321
445 415
462 226
369 472
409 384
528 449
551 59
115 12
100 556
25 48
469 258
125 124
35 496
356 309
323 244
568 377
522 629
516 543
120 469
79 15
454 152
594 62
558 500
65 466
196 499
594 391
484 559
336 360
169 271
328 169
563 370
77 521
75 455
347 141
348 172
474 385
609 184
189 615
8 471
224 38
445 265
143 190
538 488
268 23
170 155
574 166
322 57
267 491
385 556
322 166
378 285
97 155
2 67
9 551
261 72
482 25
14 108
324 140
620 336
377 45
30 383
149 221
267 122
450 159
368 542
426 160
398 435
99 22
192 312
466 474
435 529
252 198
539 142
333 278
106 170
295 117
24 599
294 498
490 106
329 507
548 357
526 55
144 316
79 392
472 343
347 369
610 63
500 470
198 160
173 600
108 238
368 471
391 111
197 379
413 544
12 200
174 7
25 500
136 104
163 64
441 97
309 226
266 132
623 111
317 300
430 202
290 630
144 228
553 237
16 457
337 252
588 252
85 268
62 192
245 528
494 17
532 241
487 52
530 366
424 114
132 29
366 163
123 447
530 615
179 501
437 573
401 419
572 158
232 362
414 33
183 543
538 332
360 454
362 351
188 416
319 315
338 150
536 3
616 541
73 126
125 286
478 494
600 393
453 212
614 423
38 84
289 301
625 423
69 501
268 192
160 263
376 322
512 152
194 129
368 129
189 246
312 65
289 132
92 283
613 321
131 260
531 277
619 54
191 84
398 536
146 194
271 487
147 196
204 131
522 420
42 455
361 184
182 367
487 30
87 275
195 156
418 164
364 484
142 92
607 614
154 159
193 591
10 322
525 445
606 240
567 444
93 249
330 83
43 292
330 398
74 66
81 205
613 182
274 42
411 410
293 59
60 178
68 536
624 572
287 356
496 357
222 445
237 118
590 112
29 615
349 390
370 208
90 166
15 126
365 454
592 539
593 337
560 237
173 197
200 223
115 264
200 540
542 67
102 603
255 183
499 99
238 623
437 335
447 141
437 92
565 551
441 107
245 542
496 445
362 151
470 88
275 54
610 76
364 272
572 119
547 190
194 53
587 124
109 68
460 348
120 452
186 450
343 186
429 257
444 383
232 570
389 33
293 348
457 534
183 70
86 128
306 520
537 578
106 302
468 439
390 521
490 53
22 379
266 243
193 162
350 477
57 610
177 571
253 40
604 553
489 340
378 235
528 523
94 410
162 364
570 109
586 52
582 75
128 627
36 93
144 337
382 453
510 306
436 495
538 608
31 64
452 481
182 131
155 32
496 466
511 291
221 198
632 448
566 227
197 602
309 474
566 514
245 171
602 184
146 26
540 44
609 148
110 272
22 429
401 365
512 288
265 375
387 244
274 59
282 561
544 9
539 562
351 64
109 377
225 505
369 96
294 602
437 208
470 181
466 41
86 315
230 350
248 533
307 190
573 189
107 83
503 104
579 191
599 346
202 509
286 506
386 199
552 115
545 445
391 628
220 557
275 344
350 575
6 622
501 459
124 552
75 365
171 514
266 241
315 224
484 416
552 162
254 266
354 595
576 401
27 99
249 439
403 569
608 59
411 174
118 471
540 499
483 22
357 517
554 369
550 528
188 271
536 95
61 22
10 236
564 387
632 353
451 351
355 95
366 503
265 101
265 378
255 632
298 517
454 353
125 199
94 522
196 50
287 446
9 489
49 589
425 214
397 518
382 190
302 571
295 189
467 8
342 513
630 184
270 160
44 215
190 290
235 81
571 42
499 88
469 460
445 98
120 51
348 338
178 297
186 425
155 498
547 623
551 307
607 526
315 240
29 21
323 566
266 175
367 489
144 178
197 277
167 554
446 424
487 572
139 370
412 53
545 418
416 373
519 121
272 601
385 406
496 389
601 417
545 331
617 501
320 308
261 595
173 567
584 352
199 375
194 348
586 487
333 311
342 351
562 138
174 96
330 488
550 247
508 326
305 526
376 390
410 427
364 518
55 70
339 421
88 248
225 119
503 463
234 594
339 612
304 220
262 389
560 268
549 89
399 431
487 362
196 67
404 185
455 37
86 488
42 208
395 81
231 164
339 381
41 96
433 525
592 214
40 412
568 526
385 229
453 524
522 172
417 305
571 70
602 622
149 478
305 302
252 188
69 486
360 335
627 287
4 531
46 46
281 153
236 283
551 437
421 614
628 339
149 487
389 374
548 502
315 118
235 537
35 333
539 352
465 359
297 559
283 595
313 215
74 510
188 527
570 407
419 523
120 3
107 274
612 76
124 463
39 262
528 318
315 60
265 447
475 375
49 341
56 246
346 37
146 154
341 428
427 263
570 89
66 467
584 17
268 520
590 292
154 472
562 390
214 368
549 621
20 628
153 366
457 578
26 547
182 274
263 271
449 400
355 301
20 337
48 491
424 33
508 371
426 318
89 431
121 523
156 109
335 611
502 629
568 432
87 173
328 449
607 123
26 580
238 266
4 391
14 599
519 351
588 93
252 451
288 612
25 454
103 615
630 257
