885 1922
15 491
660 607
88 63
174 556
32 149
838 600
97 643
645 478
697 202
21 584
530 831
547 623
53 550
511 878
338 454
508 491
594 79
497 561
369 528
819 604
876 856
816 425
454 763
57 597
586 153
89 584
627 619
478 468
554 462
332 27
61 843
144 440
603 181
264 271
788 492
264 424
464 109
384 217
426 821
365 70
354 760
527 296
531 864
875 59
391 882
626 326
851 342
110 764
532 802
450 316
165 130
590 870
364 153
663 524
609 138
795 331
266 864
481 790
221 688
109 873
597 147
371 118
474 577
263 34
74 561
713 823
162 714
589 600
182 29
814 568
740 826
516 697
885 329
769 855
790 513
240 208
302 801
63 404
665 635
522 297
5 429
75 624
681 387
647 123
537 14
716 501
239 126
168 459
881 334
29 527
188 82
369 876
799 381
376 884
459 849
236 181
565 154
884 307
383 47
310 389
817 325
331 661
533 181
485 788
293 275
865 409
539 417
416 205
477 447
541 710
663 793
67 244
858 574
482 470
201 170
574 472
486 234
510 752
302 318
228 341
61 375
724 640
735 738
753 826
340 199
842 375
149 392
688 294
75 205
528 311
3 369
290 658
798 877
809 441
198 663
704 615
537 505
385 113
335 184
534 603
497 326
738 62
608 490
373 253
343 486
233 469
115 795
380 60
665 324
50 421
771 291
598 492
142 314
612 175
710 463
116 322
440 743
329 355
83 640
180 678
505 108
10 711
414 799
338 399
245 828
584 85
108 634
818 866
682 862
284 262
686 223
285 167
243 640
263 252
841 90
500 572
169 201
850 377
512 588
454 407
37 701
162 248
564 214
140 318
315 855
497 735
27 332
839 564
253 818
865 417
50 433
727 532
738 102
528 296
511 105
374 456
461 206
771 230
157 811
307 415
749 271
150 220
742 397
683 515
669 549
535 748
5 479
389 838
244 809
158 419
697 364
814 405
582 689
692 346
660 183
546 828
77 239
856 530
290 193
750 827
647 245
744 536
527 834
204 151
523 669
872 525
418 722
149 760
399 806
317 238
317 746
603 611
649 490
425 735
289 267
317 477
613 555
292 439
315 530
867 93
446 159
197 5
481 738
295 781
865 474
639 699
611 601
597 605
238 345
742 464
385 525
346 148
475 727
772 4
37 410
628 597
635 143
340 364
29 771
862 443
378 30
253 639
830 253
701 517
361 672
55 103
699 543
494 369
704 494
266 212
190 756
830 626
840 327
142 799
239 124
825 125
782 686
541 298
799 302
331 286
730 431
729 525
623 733
743 409
94 554
567 630
145 351
295 839
327 649
218 636
811 725
779 564
351 142
328 784
685 79
236 23
215 283
711 457
390 172
84 64
458 645
795 598
72 597
873 190
623 244
540 618
679 149
756 319
23 259
585 500
564 445
405 497
37 238
854 247
804 109
415 598
364 792
201 276
880 41
110 447
813 390
18 85
683 431
375 296
85 650
481 162
636 208
52 821
591 779
7 193
315 809
582 198
412 356
785 421
529 534
546 335
489 559
210 807
880 36
48 602
394 106
459 832
60 601
505 82
614 825
666 678
336 24
160 654
787 178
466 753
571 764
249 730
617 125
396 632
599 612
272 256
65 687
10 338
791 117
357 319
226 546
328 100
655 144
698 869
526 870
236 356
269 82
475 96
810 455
861 176
846 629
867 199
532 152
498 829
486 342
677 572
869 675
722 485
577 185
850 120
414 698
370 317
748 749
838 94
100 161
568 67
706 140
837 878
869 284
698 870
648 659
878 840
94 760
191 299
215 880
310 305
855 39
464 365
212 574
113 717
125 875
740 360
567 181
555 538
267 504
500 152
658 513
653 644
804 760
439 731
147 411
774 324
565 806
221 281
533 871
810 662
360 459
267 325
693 122
279 280
207 684
744 657
600 159
37 279
195 553
559 339
521 269
307 697
784 583
473 872
433 790
71 327
655 309
255 743
66 90
284 394
114 606
80 288
762 411
421 881
28 617
415 37
56 457
700 141
878 170
213 21
538 310
575 874
512 222
335 45
635 586
742 431
569 379
538 417
250 510
719 530
151 456
367 107
794 795
228 527
578 563
472 230
591 598
533 392
685 154
441 614
541 413
114 540
727 743
48 363
550 93
329 11
286 814
59 35
364 731
60 654
552 344
673 660
183 68
295 491
157 490
370 309
390 521
875 260
320 767
651 685
91 99
96 833
242 814
498 264
678 597
163 103
698 638
455 405
366 573
408 145
260 13
262 593
685 577
638 802
53 846
415 162
80 305
491 543
202 547
466 820
848 67
577 204
647 59
165 765
620 87
107 447
191 228
657 79
680 297
403 532
480 728
426 75
65 636
482 91
144 346
230 239
292 167
324 134
405 9
640 425
106 364
627 309
193 773
673 332
643 214
403 346
174 877
709 166
401 96
668 546
337 39
148 172
8 371
80 335
280 224
699 98
539 655
658 647
551 753
78 567
483 490
250 750
550 20
218 788
171 532
443 711
591 286
544 762
682 207
382 730
732 278
679 865
49 792
538 48
885 547
274 798
345 497
694 159
615 118
274 310
805 153
835 841
696 677
586 272
693 148
447 659
683 335
885 70
201 21
171 342
877 447
687 160
328 103
880 819
119 840
303 836
432 311
78 27
736 287
497 267
469 151
36 798
9 22
324 400
159 771
407 760
194 415
656 533
465 293
68 86
105 265
69 654
337 812
75 188
692 517
146 532
120 667
519 333
717 7
332 358
704 619
762 154
533 744
48 78
796 90
120 342
659 673
393 205
444 294
839 669
74 607
769 826
247 518
156 175
227 315
818 219
186 374
297 621
302 142
401 769
116 304
612 579
789 223
177 521
803 509
685 458
465 777
169 597
480 828
608 876
590 118
265 12
190 376
99 397
805 291
865 412
323 791
414 211
544 241
248 618
4 191
369 174
244 96
757 452
141 150
242 843
58 143
595 282
610 797
95 392
278 36
463 804
883 442
576 644
117 127
753 179
235 47
643 442
408 182
12 144
433 82
435 80
239 451
74 669
389 410
36 151
145 570
22 692
337 671
100 240
552 175
31 338
596 56
553 187
524 401
260 789
334 483
423 677
67 238
228 727
802 324
290 714
143 879
352 180
527 865
492 505
834 596
555 724
166 300
63 172
236 132
565 509
281 75
197 449
377 668
127 644
800 746
535 144
461 256
475 852
606 460
126 106
323 427
732 466
496 511
206 22
421 517
699 677
448 273
762 873
736 220
342 178
446 559
715 449
136 477
856 730
805 7
446 336
576 208
444 484
7 150
601 602
588 141
194 272
58 308
426 110
654 717
641 432
731 668
734 703
133 466
704 245
115 676
738 296
762 345
217 297
372 571
730 448
528 27
858 327
28 28
571 502
700 524
504 517
614 218
722 485
827 766
379 209
742 265
177 152
238 95
562 113
520 227
267 688
196 118
165 247
161 696
307 800
234 23
399 559
516 537
281 622
138 705
205 243
285 781
582 87
636 173
113 369
755 460
781 691
871 383
110 727
578 777
410 697
252 126
650 486
224 177
691 858
90 612
86 752
819 112
548 734
158 689
196 308
98 851
286 853
291 409
359 242
810 153
443 12
508 513
770 256
386 375
752 689
292 374
492 264
861 461
241 201
827 541
513 506
207 658
644 202
428 501
255 885
786 400
222 768
201 55
116 94
574 342
432 39
631 754
389 85
87 344
848 471
685 654
646 787
593 504
715 706
55 743
822 749
279 260
588 878
294 803
765 94
98 267
316 526
327 342
408 65
757 870
332 127
541 664
58 513
481 786
719 299
176 589
537 546
879 856
171 64
821 878
746 160
657 33
525 387
713 267
747 56
118 144
636 36
734 116
721 603
802 704
4 675
407 178
137 729
29 546
131 99
780 170
290 463
145 539
554 332
165 373
117 659
846 567
182 804
75 859
503 340
863 38
238 751
360 631
474 780
195 133
764 703
525 463
780 134
52 676
236 99
106 321
249 330
853 283
363 97
273 803
75 572
84 849
243 473
550 218
585 515
374 231
686 45
357 692
730 862
481 167
607 625
503 506
172 268
170 694
454 835
460 443
586 199
593 295
836 513
37 141
217 184
33 193
108 13
439 639
489 225
58 467
875 579
475 76
702 320
416 298
101 512
685 374
203 883
81 27
657 325
378 273
697 642
303 531
435 605
465 614
565 563
768 854
484 855
8 271
540 525
883 145
194 873
435 433
789 480
586 37
621 385
448 750
694 424
844 614
293 465
193 7
12 708
527 829
577 194
153 697
576 393
542 603
779 284
28 716
547 19
531 769
608 56
660 481
10 62
4 807
138 591
609 378
617 158
353 304
229 586
864 560
446 573
187 445
839 469
456 751
227 836
271 350
761 499
188 727
871 318
305 642
854 700
822 552
494 167
61 35
745 221
820 638
373 358
17 10
178 13
807 804
304 118
65 75
686 480
68 621
768 227
593 785
78 302
14 301
472 809
773 770
838 763
546 532
287 18
509 377
191 389
674 48
176 748
203 645
787 789
739 406
770 248
601 740
589 94
682 229
557 124
96 243
885 528
411 681
105 787
518 17
560 739
780 740
428 299
413 669
225 466
269 776
484 6
612 23
409 110
296 104
227 206
226 347
78 247
384 105
8 75
205 78
743 368
61 87
585 587
677 879
603 226
657 176
250 848
683 365
184 720
643 498
518 342
51 470
789 237
493 863
209 412
363 721
222 797
121 6
144 407
181 587
471 283
350 86
405 629
683 381
376 682
743 230
169 5
775 642
515 514
719 337
807 534
557 229
222 193
67 256
871 447
830 539
718 253
54 606
557 848
443 570
444 634
75 415
389 733
46 807
379 597
209 731
745 96
258 54
318 789
212 700
241 533
151 836
676 478
670 589
216 585
202 85
222 167
331 709
649 372
645 838
32 345
290 817
186 738
696 82
135 393
338 768
662 155
145 116
399 778
54 521
801 190
672 171
117 578
520 304
40 714
736 454
488 663
318 311
262 792
304 4
267 435
169 54
485 572
150 150
496 863
588 445
794 181
271 156
479 563
728 341
499 842
810 692
384 39
77 426
668 333
194 676
484 837
3 606
129 108
636 281
492 174
751 502
572 187
584 834
830 854
315 738
687 383
709 268
881 427
555 650
54 712
838 493
69 716
297 563
714 647
781 26
42 798
549 139
562 291
70 595
595 525
489 320
705 719
595 441
300 65
278 536
412 352
404 93
663 461
317 280
244 764
462 873
674 448
449 88
763 331
158 223
527 864
408 93
55 580
828 170
412 119
58 431
509 635
93 482
520 309
173 557
732 233
769 440
9 332
434 314
160 42
686 336
323 460
869 38
686 106
653 607
25 721
566 340
370 858
119 112
361 248
563 23
655 687
89 870
670 102
61 245
582 751
214 525
239 368
860 129
455 839
499 251
265 217
575 538
884 464
862 388
718 63
701 624
547 790
485 256
686 269
734 372
432 879
790 167
553 849
235 429
562 285
728 78
196 49
735 488
247 235
617 639
150 360
524 659
424 182
272 184
183 662
721 746
699 250
203 704
357 56
494 636
317 533
877 611
107 72
301 560
131 774
868 572
455 155
498 614
490 128
519 490
138 275
49 620
186 328
852 348
628 494
258 283
402 495
578 431
796 805
862 187
405 342
781 566
513 36
671 867
229 370
771 99
818 716
521 829
516 138
307 596
128 96
398 314
708 13
569 431
394 658
741 570
833 366
421 616
747 517
113 271
639 783
719 286
285 320
366 727
96 534
675 352
756 126
377 424
526 49
302 236
570 376
186 115
536 61
242 708
634 336
629 256
689 610
688 112
228 346
288 255
368 72
255 431
38 551
671 674
507 781
141 558
516 552
187 736
654 153
270 36
881 880
707 489
432 441
317 204
823 73
384 313
80 743
849 567
421 667
451 341
287 705
206 791
635 831
466 224
684 87
508 430
717 675
805 307
170 590
192 10
792 61
442 865
32 641
684 599
54 250
468 553
81 582
760 180
657 179
556 163
509 725
448 402
513 20
306 651
123 295
615 194
79 850
775 509
807 833
571 417
809 7
622 533
800 24
447 707
239 482
719 773
436 572
619 151
826 271
487 798
859 445
388 618
45 59
404 758
605 218
623 482
802 456
521 462
527 874
399 835
744 177
393 297
465 61
353 859
156 480
778 569
564 70
293 548
90 662
574 162
184 808
210 692
823 581
864 107
448 163
752 332
446 400
3 118
858 456
554 408
664 716
325 33
272 779
632 525
573 439
466 815
511 870
458 253
822 794
790 813
809 589
653 505
761 684
352 554
827 533
91 872
445 499
216 552
880 331
441 716
81 117
666 873
578 568
470 418
259 231
732 131
14 347
408 797
603 320
672 457
656 825
412 563
784 411
879 245
412 870
32 753
407 652
464 74
319 804
286 301
416 824
322 207
773 458
221 393
277 747
594 754
233 214
221 485
76 62
96 76
688 494
214 747
726 758
543 561
725 228
334 792
707 622
806 161
159 272
334 563
821 706
245 526
140 224
58 689
835 469
710 864
416 875
64 749
664 175
686 748
492 638
751 216
728 2
137 118
20 247
692 832
335 242
118 154
83 459
256 50
570 384
815 145
425 734
309 44
644 113
33 323
502 739
880 206
564 386
868 402
58 122
342 278
91 855
435 185
94 133
777 736
103 152
323 351
819 62
594 454
850 293
703 369
285 616
119 326
149 681
397 679
210 367
103 814
424 812
54 618
92 666
179 504
416 815
180 37
408 167
604 452
87 176
66 86
735 649
443 709
881 662
731 185
558 214
178 43
506 686
96 695
875 635
577 393
123 613
238 16
715 549
881 143
619 127
652 477
203 693
223 783
505 307
227 173
243 786
397 835
349 218
425 732
29 332
818 777
381 579
582 676
702 723
122 772
607 182
117 323
502 329
813 17
70 553
508 184
749 857
857 523
856 882
401 488
67 477
458 96
48 522
601 189
662 45
590 435
82 666
213 615
755 444
755 804
646 70
416 562
561 36
436 659
426 316
76 203
77 569
724 862
742 157
391 542
26 485
360 479
837 779
16 137
684 258
471 705
480 718
509 800
841 218
479 705
386 343
80 197
622 859
761 79
20 409
794 385
638 37
14 860
437 553
568 486
149 131
332 717
223 198
782 155
609 593
728 704
303 605
56 428
719 508
783 872
384 646
600 667
174 178
239 193
416 79
157 439
496 534
187 284
342 699
454 445
686 275
616 313
71 11
353 768
93 58
589 555
334 34
253 734
836 319
58 189
629 23
141 64
716 176
534 819
492 533
593 586
303 874
77 723
460 746
762 213
140 144
14 730
382 477
650 369
639 813
547 464
94 610
73 609
558 787
737 550
825 874
128 316
850 812
875 595
732 459
105 295
455 711
638 742
92 589
309 490
19 68
378 635
776 182
502 113
697 67
753 882
30 195
128 356
856 553
598 256
516 364
109 43
91 872
134 66
680 295
36 47
457 620
354 275
437 593
787 782
826 45
312 389
479 720
124 329
748 131
482 104
649 578
214 421
354 547
823 542
92 275
751 718
880 108
832 423
475 202
857 269
35 883
465 86
426 656
228 293
223 503
612 524
682 284
714 317
62 560
596 371
502 226
769 593
148 163
76 591
38 563
421 579
581 415
48 119
809 568
619 773
145 832
675 627
322 554
440 831
356 680
666 668
405 159
676 679
316 884
127 512
499 327
693 805
781 204
11 220
747 690
735 209
527 205
144 768
437 359
187 550
517 535
48 503
104 269
495 158
331 9
728 382
795 666
340 569
221 624
200 484
213 567
356 433
208 454
572 527
75 233
407 504
786 384
716 802
836 247
70 804
182 477
52 435
301 79
385 320
108 594
114 584
42 343
680 690
534 750
531 429
871 250
386 423
214 772
398 114
262 795
26 157
262 229
849 503
334 220
82 599
778 587
548 154
90 499
121 216
406 548
616 286
733 623
492 628
593 53
817 752
649 589
83 290
237 370
55 30
670 815
814 342
190 663
612 713
748 614
431 749
811 657
216 281
165 68
212 811
649 499
18 265
790 623
180 295
675 16
858 350
36 516
667 531
879 143
330 619
86 435
299 548
644 510
404 231
623 525
172 347
20 413
825 708
570 225
492 538
653 315
428 115
442 222
633 88
617 752
365 654
59 168
155 122
183 39
173 750
147 262
325 563
16 804
717 395
634 141
40 781
334 202
426 830
118 455
376 3
370 426
98 115
113 355
397 338
352 458
8 52
656 740
49 848
532 353
206 571
180 104
452 672
703 153
629 624
196 400
301 606
123 623
802 610
485 151
302 161
840 676
519 600
310 603
78 807
71 569
639 801
406 499
822 708
732 295
851 771
86 315
546 610
718 194
501 739
538 727
295 590
295 236
690 765
152 118
758 674
413 543
577 868
217 536
388 23
307 145
589 569
299 560
127 98
246 303
629 592
814 80
884 750
645 367
412 817
817 193
227 621
444 798
49 868
470 615
176 643
531 819
181 431
90 306
280 727
773 337
532 842
802 54
525 691
657 685
869 614
329 64
744 458
151 141
43 367
182 48
64 384
629 866
237 675
632 216
617 434
97 777
619 530
678 860
94 77
167 144
292 788
523 320
663 111
722 586
160 277
329 159
149 342
261 63
462 119
174 156
101 799
8 628
308 614
473 870
796 634
571 32
294 313
643 618
313 73
130 206
