248 7434
178 25
165 38
108 182
82 128
213 131
199 188
12 191
168 203
224 102
117 189
174 148
3 11
34 172
127 172
3 218
127 79
207 101
96 198
123 84
14 111
69 102
160 204
49 54
74 236
93 190
127 50
121 7
227 229
80 208
83 84
134 166
246 235
214 51
47 190
195 106
57 189
35 29
172 239
204 207
82 79
190 168
156 141
209 215
50 65
89 43
126 3
5 175
215 248
198 201
120 221
133 17
26 171
213 198
122 228
77 70
97 167
18 245
106 184
60 199
152 165
211 195
98 206
71 226
200 40
185 65
91 84
228 77
218 127
41 183
229 5
104 63
168 78
210 96
75 84
76 18
33 216
121 35
122 131
87 199
113 200
14 232
80 116
51 184
39 120
200 71
44 231
128 236
1 71
205 3
6 142
30 62
123 177
120 8
16 126
144 124
1 57
19 198
149 150
212 150
145 29
19 243
130 140
119 193
149 157
157 123
110 184
95 221
35 157
121 177
54 211
238 178
33 67
83 69
86 113
222 200
193 131
25 122
44 69
243 66
225 196
158 88
136 187
159 53
68 72
139 110
18 86
107 214
57 39
141 43
245 241
208 140
96 237
150 115
241 218
8 66
137 209
97 150
99 187
97 75
128 137
165 43
143 239
1 208
219 97
27 208
68 207
237 12
108 111
29 109
53 217
88 224
125 183
222 130
81 77
114 207
211 163
72 160
166 160
28 169
33 28
122 240
62 62
195 208
226 42
193 172
130 228
165 37
17 45
164 155
77 61
201 142
181 104
194 245
238 51
137 200
8 205
11 148
62 141
109 133
134 121
117 238
136 39
241 232
136 63
199 135
57 39
32 70
114 84
163 150
215 191
23 175
13 247
76 64
125 72
48 113
115 176
35 225
40 177
87 59
209 232
161 146
45 31
101 35
140 70
7 137
237 131
14 105
148 201
83 136
152 173
51 82
223 179
160 2
33 12
204 39
127 86
137 105
70 160
39 140
220 82
22 169
20 155
122 37
117 217
203 121
188 29
243 193
34 51
139 208
97 202
120 67
13 217
174 33
49 198
120 124
156 44
164 179
210 5
172 81
212 229
22 151
109 150
232 181
45 74
71 237
220 97
242 33
223 107
7 143
171 204
61 114
171 186
228 205
138 43
108 223
76 74
11 75
130 212
135 35
70 212
248 178
239 72
214 70
204 92
143 197
172 7
248 174
16 206
31 53
201 11
234 29
1 72
131 208
20 165
214 124
187 15
110 56
198 118
59 81
93 212
176 230
179 40
113 10
184 180
124 12
208 43
9 205
13 242
157 170
76 75
158 18
155 120
125 37
126 239
26 161
248 211
129 96
139 230
50 156
92 17
134 234
168 79
26 62
70 226
45 24
169 43
47 119
191 181
216 95
159 147
90 118
107 175
162 166
103 5
130 77
105 103
160 179
117 162
34 145
139 178
216 71
224 140
185 160
108 221
112 82
63 133
38 140
214 51
39 177
215 150
129 162
97 4
3 229
137 217
145 205
74 191
207 228
89 116
190 77
2 103
67 26
57 215
122 51
132 76
151 53
236 245
80 218
180 61
208 205
86 75
184 242
122 219
142 83
122 88
205 107
221 78
245 233
43 145
213 114
214 53
173 125
195 184
170 159
69 166
62 176
223 59
236 40
110 162
159 230
221 39
170 197
120 22
80 135
110 113
39 102
101 77
229 208
14 161
147 169
232 38
36 89
246 130
39 19
148 99
31 198
45 166
18 244
203 176
33 21
176 244
152 247
226 72
175 108
46 122
120 44
234 241
165 212
223 34
118 198
108 171
80 79
39 227
60 8
19 207
220 222
45 44
222 235
197 160
182 23
81 92
32 206
1 230
56 67
170 82
48 136
216 21
8 166
186 151
135 7
116 241
119 60
98 238
76 127
168 177
123 108
83 33
193 134
20 111
137 138
177 117
110 133
103 92
91 232
162 131
158 219
168 225
109 65
217 2
155 135
82 127
122 190
241 1
246 156
236 71
86 5
144 208
49 154
247 92
28 214
4 175
94 151
88 229
122 180
139 71
143 163
54 157
96 71
152 186
143 29
97 24
197 143
228 144
52 151
166 78
143 105
64 174
38 93
119 210
141 110
142 9
128 6
32 121
119 134
201 99
70 190
117 241
162 106
5 46
192 203
235 94
201 203
36 238
231 101
160 86
107 147
155 17
54 164
65 29
139 43
81 40
56 62
119 37
154 227
188 165
184 164
238 3
139 137
94 155
112 194
140 153
129 149
204 227
116 160
226 228
229 228
32 207
207 31
223 230
214 157
122 93
84 6
161 30
136 130
114 219
15 150
139 169
237 11
157 84
228 229
95 29
195 245
53 27
247 12
159 43
179 247
234 130
215 208
181 152
198 105
38 45
38 224
117 26
5 2
155 195
99 57
175 183
146 114
86 230
75 31
108 152
245 214
156 65
215 48
105 206
29 45
219 224
175 92
192 193
233 129
197 147
114 40
208 76
144 194
171 191
79 174
247 229
50 137
64 172
123 75
244 89
188 128
190 147
62 113
159 150
1 83
182 203
230 244
187 159
163 38
236 109
207 146
60 47
196 116
218 145
172 71
178 115
200 172
110 185
185 44
70 50
163 152
247 149
19 230
155 35
158 123
32 134
14 172
143 245
105 247
76 103
222 76
210 165
172 33
179 171
104 84
237 93
151 155
246 11
179 170
54 177
228 175
182 21
241 131
238 177
240 235
164 37
131 99
204 226
47 65
93 193
7 46
96 234
219 226
53 240
132 231
201 126
102 85
143 225
230 242
18 47
246 98
226 164
167 73
145 124
122 155
27 187
48 56
227 41
153 85
44 128
72 1
192 171
195 23
64 208
224 236
5 234
242 124
202 129
244 84
24 188
150 97
234 47
189 191
44 90
106 170
115 169
71 161
55 108
219 41
122 105
161 232
47 172
145 10
96 142
236 36
75 112
124 123
22 86
240 145
241 34
165 162
142 154
119 152
204 71
99 114
60 210
89 243
138 246
42 100
222 42
78 29
234 99
217 27
77 236
52 5
90 122
137 179
215 162
119 179
84 82
46 66
37 235
117 94
149 27
76 130
158 181
105 127
129 87
115 66
71 180
173 117
130 143
161 240
149 54
182 138
48 189
226 193
70 191
176 103
228 91
126 216
165 216
65 103
125 89
2 94
203 50
133 61
53 14
2 78
202 177
246 52
142 139
232 120
143 49
91 195
31 199
176 112
219 53
151 156
40 90
25 246
195 247
213 3
149 115
109 144
183 94
190 26
155 32
116 1
66 37
2 203
215 100
86 90
19 202
88 36
224 71
30 6
209 121
204 46
197 215
158 123
32 232
155 220
12 203
48 248
217 31
33 171
202 71
93 3
193 109
61 217
45 244
96 194
235 115
131 154
49 60
9 43
94 11
217 123
146 117
45 75
176 178
160 98
58 154
235 224
213 188
164 223
99 6
240 39
206 170
134 138
37 115
111 159
216 188
32 200
237 242
96 141
69 70
185 213
161 31
168 90
35 121
244 177
187 205
55 244
44 144
231 31
169 143
36 227
240 168
157 90
37 117
62 117
34 88
71 51
121 161
195 80
136 93
62 84
98 14
238 216
244 147
63 119
246 167
207 190
70 42
156 241
123 195
19 205
228 185
153 122
140 28
79 100
77 235
49 224
197 79
206 204
56 66
240 132
165 105
208 105
40 199
89 93
163 77
105 172
143 236
191 41
211 168
7 171
113 226
90 204
168 34
67 94
128 53
176 37
155 187
90 211
110 133
113 227
126 229
162 39
51 121
114 42
146 177
102 150
162 116
185 228
164 84
176 18
29 229
155 11
81 77
109 34
23 19
107 54
218 233
184 10
190 55
167 162
129 132
121 185
73 219
129 114
181 225
208 127
132 69
43 175
109 236
194 162
207 196
65 17
120 183
108 205
17 78
70 88
27 130
93 245
169 2
241 234
110 223
239 89
172 35
167 238
116 10
36 164
129 52
121 44
175 51
136 57
173 201
5 72
30 65
20 131
113 28
41 20
154 221
83 5
101 53
69 175
18 83
183 139
148 111
73 125
105 43
79 119
155 111
69 135
15 20
25 182
22 162
203 166
207 220
51 87
201 217
153 158
15 68
183 147
132 137
158 80
157 29
83 66
42 92
197 34
245 133
148 84
191 43
147 170
1 164
74 234
173 118
161 127
85 159
141 234
47 154
107 79
15 79
243 76
13 52
86 138
161 18
231 39
79 93
98 78
83 33
73 113
178 22
156 120
36 113
31 132
143 206
179 30
33 128
63 146
110 247
153 143
220 226
129 152
106 128
22 98
187 5
12 241
162 102
150 58
24 42
126 141
69 201
247 46
7 52
140 101
36 7
15 23
55 117
242 65
229 145
73 190
231 63
126 9
21 186
200 104
54 171
102 78
210 37
201 77
31 124
120 113
19 129
184 104
87 49
167 103
118 127
214 121
172 13
118 169
78 243
192 154
64 104
134 67
135 79
152 210
55 99
177 247
67 79
23 94
152 242
26 34
27 43
156 160
144 8
69 90
141 208
166 211
122 238
47 193
126 237
110 41
188 45
112 31
223 74
106 58
203 6
93 244
239 225
205 108
224 229
245 55
29 1
76 130
186 10
76 72
108 119
107 134
118 153
14 140
158 191
217 234
235 101
143 19
38 176
135 96
219 125
117 141
216 29
133 21
163 139
236 163
114 38
27 185
89 69
173 47
118 176
67 199
82 112
69 214
2 28
220 191
178 45
168 168
233 11
227 8
97 183
88 112
107 116
77 185
27 79
23 171
27 42
143 25
149 209
111 77
124 121
53 202
209 223
115 200
154 29
173 198
6 226
64 149
105 191
23 213
88 47
136 2
218 172
191 245
216 247
245 103
4 200
64 56
2 200
165 48
234 52
118 43
1 52
157 207
123 175
207 100
45 192
57 179
195 244
47 110
173 212
235 207
134 148
136 171
168 202
75 203
142 19
56 204
174 64
201 138
30 50
234 17
7 24
158 152
15 112
136 177
153 188
54 173
15 59
163 26
203 93
199 111
39 205
14 234
105 169
136 218
144 145
216 92
24 177
168 110
65 153
238 11
240 208
234 144
101 158
237 61
231 228
72 105
110 192
54 82
139 72
79 70
202 80
9 244
183 112
95 71
222 25
214 205
44 132
3 102
69 8
189 34
197 67
193 146
167 133
213 11
154 107
13 60
181 102
111 7
217 109
56 194
40 126
74 215
107 112
30 93
165 58
135 63
77 91
122 146
153 45
158 69
38 117
20 5
71 62
238 106
248 244
239 19
211 174
104 117
72 60
20 52
98 163
69 153
64 34
246 244
4 187
112 125
54 45
63 123
116 20
147 188
22 42
236 240
107 34
190 93
222 17
165 24
103 68
99 199
208 19
76 173
192 135
169 147
17 88
44 106
54 130
101 30
215 124
179 37
246 51
140 248
114 200
149 27
162 143
156 171
9 196
45 212
108 91
95 26
166 97
124 131
67 86
205 112
12 12
102 174
147 54
106 62
78 94
86 223
61 6
121 52
232 248
12 248
92 59
196 131
92 205
198 16
183 130
193 58
246 246
12 85
87 12
46 223
192 192
37 125
161 160
189 36
221 112
144 202
56 101
238 51
67 233
118 36
248 150
219 65
224 118
73 180
207 16
210 4
13 135
128 71
6 198
118 139
134 95
141 119
179 234
182 88
144 51
85 75
30 190
108 187
99 56
213 222
220 36
106 237
157 147
222 163
105 134
133 202
8 107
217 240
20 20
118 171
119 176
155 39
59 3
46 122
76 134
19 136
76 34
43 143
227 205
109 172
241 137
124 132
209 1
68 13
204 175
137 227
98 49
179 163
68 141
214 82
50 25
12 246
199 79
73 205
118 6
215 188
66 179
46 92
65 130
175 137
146 124
215 40
78 25
52 100
204 136
163 212
125 76
214 1
57 176
64 210
146 130
247 66
188 205
134 186
199 223
122 5
23 227
140 69
224 194
235 25
97 87
2 185
70 93
102 147
217 92
37 77
154 165
54 78
121 58
156 170
36 42
167 94
63 120
123 113
237 216
184 63
193 132
4 73
1 63
79 102
152 108
119 71
144 24
63 103
55 128
59 201
66 110
33 159
82 7
211 151
230 44
149 122
203 190
36 239
160 34
40 130
15 10
39 122
156 19
112 213
146 60
29 44
194 234
81 212
216 117
147 6
91 1
6 80
222 242
227 11
137 118
107 179
24 62
154 73
227 150
81 189
181 247
186 52
235 90
170 14
8 30
13 37
123 237
179 90
184 165
110 30
102 171
113 230
237 89
101 95
14 18
225 158
176 57
51 58
156 238
80 2
106 10
36 58
111 116
219 210
110 232
33 238
247 72
183 149
92 12
189 69
237 109
105 101
100 98
236 51
144 195
130 42
194 112
206 117
32 95
39 238
72 8
52 71
71 220
7 14
31 13
168 168
37 137
119 145
241 108
19 93
194 81
80 140
99 59
54 53
91 71
196 50
191 185
207 229
158 96
182 36
120 105
92 225
117 246
190 36
141 218
23 206
33 97
27 61
236 173
92 100
121 125
123 167
37 126
240 119
74 98
93 129
35 122
203 63
34 246
140 182
53 189
235 104
109 77
25 179
215 93
96 156
214 202
78 165
35 123
246 146
209 190
76 3
190 209
16 218
146 79
171 247
164 136
220 90
72 68
222 200
231 35
63 150
161 66
117 28
44 142
159 70
181 41
174 168
89 210
160 231
191 225
206 60
31 226
60 126
227 184
187 142
37 161
25 45
57 164
232 78
229 28
147 244
239 206
159 11
192 65
94 222
86 155
226 23
247 158
122 177
46 3
78 96
6 81
186 165
184 202
187 70
221 140
89 211
95 229
155 113
135 211
77 128
133 212
36 50
140 59
248 115
8 52
188 145
111 104
99 33
31 124
70 122
167 137
228 95
146 61
97 166
70 207
193 44
47 19
27 75
43 94
167 127
208 100
170 113
82 41
94 147
62 40
179 51
113 26
152 72
147 65
60 210
216 17
36 29
15 179
9 132
52 164
17 9
122 234
146 194
90 96
68 133
222 111
214 4
120 207
138 84
39 84
164 30
151 239
53 75
7 126
155 221
93 201
6 11
172 230
227 177
119 49
104 205
233 12
122 165
25 21
214 150
100 52
166 77
193 144
158 147
183 130
41 94
3 241
240 137
219 192
18 167
11 116
117 204
179 190
109 179
121 152
134 27
161 21
119 140
98 40
245 239
161 226
98 241
85 13
25 195
203 94
110 80
153 14
51 175
189 225
85 173
51 168
58 53
136 152
51 178
169 154
223 113
57 204
85 147
204 48
72 172
111 157
79 137
209 191
41 174
181 220
114 216
15 101
111 95
61 235
81 65
168 80
124 181
86 230
129 19
216 91
83 113
39 164
146 174
94 213
12 84
239 103
223 57
181 238
28 65
66 172
75 167
241 205
2 123
122 60
106 46
16 68
202 186
188 135
236 132
170 32
178 19
177 42
163 233
91 169
50 20
204 155
166 224
204 240
189 30
201 75
98 13
134 111
167 88
158 66
104 11
152 233
180 104
135 161
166 132
97 57
26 182
20 226
183 217
155 6
57 34
220 130
90 128
146 184
240 116
150 166
83 235
177 200
116 182
233 49
245 91
77 148
105 111
159 183
88 67
126 65
16 232
14 104
73 11
140 8
85 75
162 125
195 212
230 148
221 221
157 143
14 217
14 70
69 197
107 52
61 144
213 20
165 2
56 214
140 199
195 141
226 186
173 31
239 231
106 51
204 102
190 154
17 117
38 231
208 25
168 159
101 233
47 1
21 138
94 178
43 49
161 145
188 222
246 179
243 15
198 108
198 127
122 157
140 240
2 222
72 233
40 51
215 236
6 18
218 114
213 215
53 158
232 13
97 30
43 247
33 18
94 72
77 245
57 175
197 69
30 227
58 154
221 32
89 179
232 229
147 243
49 104
179 143
210 93
216 17
238 45
44 125
126 171
184 90
84 149
28 166
186 52
45 37
164 117
68 239
24 99
95 42
150 54
123 172
63 94
119 35
136 222
60 21
160 143
94 157
61 41
77 13
173 129
156 239
10 166
28 81
192 133
233 77
58 121
108 162
138 70
169 110
230 37
160 56
13 142
6 36
71 70
15 241
128 140
48 114
125 207
195 30
127 138
123 136
158 238
34 232
178 10
82 115
16 4
94 55
93 67
207 57
213 58
203 6
23 36
42 73
120 2
54 182
169 19
187 166
51 218
10 195
85 186
11 52
167 59
104 170
78 221
55 157
121 67
82 130
216 8
164 245
101 103
63 234
151 114
220 140
211 245
10 90
212 222
31 3
119 202
55 200
154 100
55 113
72 19
1 162
194 76
139 34
214 213
22 160
189 71
208 135
245 155
218 137
16 208
37 35
167 53
177 130
102 137
138 171
177 205
214 140
147 58
173 201
50 224
178 94
149 227
52 78
128 153
87 77
199 112
190 200
128 159
136 216
148 38
74 218
247 143
117 60
144 211
63 130
177 186
34 77
21 152
226 229
58 203
136 45
124 35
202 13
198 32
134 160
229 114
4 143
46 127
153 165
209 80
176 101
106 16
203 239
213 241
116 212
198 195
154 159
34 32
159 228
246 89
86 44
111 175
216 193
232 54
156 67
121 153
213 213
183 213
211 187
17 62
101 88
106 84
61 91
2 56
176 148
116 134
39 54
72 206
120 39
148 70
221 27
114 233
130 27
96 135
69 49
89 58
1 32
69 76
133 215
238 137
19 200
93 209
60 68
202 121
184 188
206 202
161 22
168 47
217 214
82 68
47 214
169 143
58 49
115 142
111 197
29 167
133 69
41 201
155 156
104 229
168 31
67 139
140 175
218 68
112 209
163 32
33 34
35 233
128 16
91 157
179 185
70 174
159 94
27 231
172 213
208 185
213 22
178 129
96 6
119 54
89 131
10 37
23 11
243 137
144 210
192 229
196 156
149 62
208 108
15 126
125 149
222 197
50 155
145 119
130 103
151 157
193 142
246 151
125 245
22 41
30 121
90 92
112 146
135 92
169 17
24 207
27 5
96 183
106 14
241 238
173 33
148 176
75 150
211 57
56 158
158 54
240 26
50 82
184 86
113 91
78 123
14 139
174 46
163 96
48 158
138 112
9 90
136 86
93 205
205 14
218 1
106 63
19 77
73 86
198 131
123 188
1 111
195 217
193 103
237 120
243 11
182 155
122 163
60 53
91 165
241 160
74 164
187 155
27 242
242 152
230 85
230 88
162 173
234 34
180 43
21 142
32 35
198 122
218 216
202 20
149 117
160 11
11 189
199 66
202 88
204 153
37 161
151 203
133 40
80 127
40 12
170 128
225 16
97 204
54 170
2 62
128 9
53 236
108 81
40 199
95 101
50 10
113 66
195 79
177 73
48 10
225 172
200 211
243 184
169 6
189 222
18 91
62 1
113 220
70 142
70 121
61 36
247 150
192 143
135 144
47 71
114 228
43 118
88 210
9 59
245 195
165 29
19 189
232 205
231 212
94 55
213 245
210 97
180 122
79 142
107 194
37 9
216 141
80 184
239 111
207 55
93 8
115 239
29 27
21 18
194 132
230 22
185 44
156 27
243 82
97 155
75 141
56 62
18 206
162 57
31 143
171 131
176 145
209 174
76 125
215 85
58 173
233 84
191 42
95 130
72 1
87 24
177 115
63 178
210 67
242 225
73 223
105 179
213 154
170 44
18 2
120 97
241 232
191 195
19 37
153 129
163 37
30 49
248 209
175 9
206 15
8 83
15 76
57 91
44 120
161 25
160 54
151 118
195 244
32 17
150 29
71 179
245 21
61 231
50 12
78 211
27 101
142 189
58 99
224 102
80 37
172 221
186 31
129 118
159 131
221 202
141 148
227 167
187 115
185 78
122 59
165 82
193 62
132 174
155 202
181 210
90 103
97 91
1 43
223 85
239 8
239 112
173 180
147 214
51 91
207 242
42 149
42 233
69 138
32 73
234 26
222 223
76 178
107 88
165 40
113 146
218 111
30 32
213 212
206 25
70 223
146 208
87 55
246 86
63 209
177 111
107 57
247 18
70 175
59 17
42 56
28 10
147 26
62 57
248 220
232 35
209 65
157 185
77 215
158 7
17 208
85 16
187 195
76 102
18 59
184 8
155 232
45 127
151 51
221 5
176 90
175 102
147 231
3 189
240 72
133 225
196 114
1 183
51 174
188 14
54 120
187 29
31 233
172 132
24 135
118 179
122 173
126 51
217 41
32 32
210 162
106 12
238 106
228 56
29 200
20 182
200 20
140 190
197 157
116 88
158 60
50 2
145 234
73 203
227 219
191 160
81 224
207 241
54 197
214 134
27 246
184 146
177 113
110 27
156 165
40 2
177 29
49 127
58 143
50 157
150 162
245 122
208 43
62 220
11 38
238 134
94 5
198 101
101 35
58 160
37 87
138 235
202 17
115 68
206 40
147 73
105 127
76 10
223 9
130 115
59 73
120 118
18 163
125 202
92 177
142 41
19 55
228 101
188 139
176 179
140 94
22 143
193 3
81 186
90 130
168 207
237 157
219 14
11 51
69 57
240 29
85 36
132 8
88 99
181 25
244 56
11 148
248 31
147 60
235 91
22 204
196 187
248 88
97 144
67 140
155 34
93 136
77 144
47 146
145 245
64 121
199 52
135 179
187 61
134 11
48 235
208 28
19 99
141 130
197 70
57 44
202 188
234 236
37 97
234 40
246 75
51 248
55 203
164 132
61 104
246 104
103 192
165 27
138 224
185 202
23 165
78 181
188 242
164 109
52 88
134 228
236 244
14 32
132 223
167 235
41 74
228 192
233 182
72 15
182 204
2 17
203 91
76 182
41 118
180 81
208 150
216 72
248 175
169 70
12 24
6 124
90 61
105 69
81 20
36 99
153 94
187 161
87 164
66 143
187 184
79 66
191 96
155 224
248 112
106 61
129 26
6 142
164 70
209 80
56 65
180 62
151 172
211 34
98 38
183 248
109 27
112 164
138 68
219 31
36 15
95 68
245 122
24 221
63 124
25 242
114 7
165 210
128 55
26 35
111 106
13 108
200 89
85 187
232 228
207 109
130 94
18 141
109 194
182 9
233 157
29 229
220 149
69 17
117 37
237 1
245 105
233 122
147 237
40 2
132 169
53 93
136 30
245 162
216 90
219 120
178 197
222 130
226 204
133 152
11 33
84 237
72 30
201 90
216 39
104 108
117 131
123 29
90 66
144 122
97 151
47 129
47 116
27 7
219 2
138 195
71 214
39 119
88 147
25 106
48 172
28 179
159 54
125 147
175 145
80 154
211 246
95 47
81 93
15 116
145 51
124 194
192 110
126 73
156 20
66 116
106 236
183 143
4 98
132 12
84 95
55 190
187 69
71 212
102 18
246 118
66 10
83 41
217 86
165 63
148 199
132 77
80 84
239 179
134 60
219 37
108 57
229 208
153 18
208 122
146 194
170 168
230 207
178 82
35 102
234 33
57 167
231 200
225 180
62 53
195 39
7 21
142 12
125 54
246 205
92 200
188 238
225 30
40 71
52 153
107 165
27 141
48 231
158 27
210 4
222 126
183 77
204 3
23 4
241 1
77 231
120 43
37 20
68 40
194 196
26 68
227 38
44 208
56 243
81 188
154 209
163 57
175 61
83 69
186 211
81 206
178 63
220 206
112 126
155 173
243 226
240 61
76 82
228 68
152 65
166 5
50 153
187 246
67 75
111 189
144 119
225 106
143 96
232 212
80 6
208 17
199 242
133 65
108 134
118 86
125 119
155 152
45 129
229 165
2 221
178 217
12 210
145 189
4 231
140 19
213 243
4 104
109 60
7 126
232 10
221 15
34 12
86 1
119 172
231 157
173 180
222 167
102 194
216 242
241 165
122 245
52 227
146 201
6 224
119 29
210 79
152 128
146 236
42 77
153 190
157 159
87 172
13 56
65 94
85 11
189 25
184 62
200 9
136 178
79 90
98 218
78 11
19 47
154 164
139 57
192 226
70 99
146 154
131 124
10 158
230 206
114 75
156 222
107 16
139 16
218 77
191 36
10 194
160 151
212 230
197 56
55 17
132 191
107 121
235 65
30 188
214 204
1 123
101 111
210 146
240 141
188 151
89 14
39 15
109 12
168 148
103 37
204 197
200 42
147 41
232 78
86 171
137 169
190 147
222 50
196 132
237 37
113 171
222 90
76 156
198 208
248 232
162 56
171 139
135 193
124 138
75 189
153 174
68 202
85 79
186 145
77 36
177 113
31 8
35 29
32 94
67 75
213 37
202 161
85 139
107 193
175 43
160 148
77 170
6 23
206 90
86 174
27 213
174 18
173 243
224 198
56 151
117 229
74 12
87 169
49 143
227 50
193 99
61 86
195 141
244 248
215 181
14 181
210 163
178 196
110 218
134 59
242 61
5 86
240 106
114 96
68 46
247 235
59 26
214 120
116 64
200 193
168 132
190 178
99 42
48 149
94 229
92 119
45 177
239 73
133 223
93 191
62 35
168 81
218 95
116 51
105 206
170 172
114 180
110 59
241 223
179 26
112 218
216 218
175 169
141 168
64 162
86 97
141 197
162 132
150 193
151 158
231 33
20 115
79 160
63 9
184 120
1 97
17 95
203 168
154 179
29 206
183 130
43 193
84 112
43 234
113 231
29 19
97 16
105 109
142 171
229 150
136 74
87 119
13 152
247 149
204 13
17 195
139 199
51 134
25 84
164 4
139 15
175 62
167 17
36 112
61 240
165 150
49 160
179 100
158 220
159 2
192 235
174 154
105 118
120 143
131 98
84 182
50 95
9 107
32 114
67 21
169 179
229 128
31 197
147 132
125 245
239 228
7 48
129 9
15 22
92 58
117 229
72 110
112 21
2 186
27 109
179 24
205 115
224 37
23 105
54 63
136 238
108 6
35 95
70 190
69 124
225 221
188 163
194 58
60 131
81 168
155 61
176 123
49 122
153 228
247 176
124 18
1 79
75 112
171 3
157 141
69 127
146 79
11 145
141 31
21 40
52 178
189 220
181 198
134 212
68 241
100 96
68 101
57 178
190 3
156 78
4 103
223 52
32 179
127 1
73 52
182 51
78 41
127 219
100 172
144 212
67 224
3 148
81 237
203 100
201 92
217 81
206 237
191 24
51 175
68 143
120 41
178 248
94 213
80 35
16 101
177 89
23 181
180 113
21 90
140 89
17 229
145 22
195 40
222 120
163 206
69 72
59 128
168 122
122 71
112 8
42 202
246 153
230 120
239 96
24 53
128 30
9 5
192 149
134 133
34 74
160 191
114 149
131 208
136 203
15 9
131 121
79 203
153 153
184 153
110 49
156 247
74 12
235 198
15 60
9 107
197 122
155 43
166 213
128 218
89 88
220 160
88 131
23 130
66 26
60 58
20 124
74 189
180 12
243 68
51 22
201 180
185 96
92 116
185 164
139 234
181 180
195 15
241 197
70 17
111 83
3 212
123 2
69 219
11 199
91 174
120 88
154 98
30 3
133 238
102 67
25 96
27 34
243 200
67 142
57 191
114 217
194 92
13 148
22 123
242 54
139 158
182 121
86 215
32 183
210 70
21 104
226 157
109 75
51 90
197 46
181 199
126 243
82 99
109 43
152 130
5 84
204 33
91 11
231 4
25 16
6 176
113 171
121 111
241 183
68 172
103 160
80 127
193 146
136 143
106 18
58 179
10 112
60 41
182 65
169 182
221 16
21 87
161 129
224 116
176 186
205 106
2 125
241 178
146 51
128 110
194 91
16 193
64 193
120 182
191 198
239 164
21 138
27 135
218 228
161 142
213 204
89 65
140 170
114 187
40 154
56 5
55 57
61 221
91 99
200 33
71 157
237 239
27 51
10 179
197 79
14 152
88 66
218 93
174 40
5 193
116 17
162 43
180 28
205 12
127 116
2 67
66 76
217 136
103 29
201 21
183 231
27 14
111 224
79 59
50 48
62 25
106 159
155 4
42 50
214 135
181 245
37 96
154 23
216 181
183 178
133 179
160 211
202 140
117 119
231 135
81 45
70 240
165 144
111 13
9 2
224 243
192 8
206 186
168 43
126 227
115 112
123 110
209 78
213 150
223 204
198 165
106 189
212 50
166 148
163 153
218 173
81 156
164 150
6 98
246 199
205 238
247 143
214 8
135 135
154 192
94 48
192 66
133 135
116 100
64 37
177 161
123 4
200 120
238 180
46 41
184 193
157 24
235 219
75 156
36 26
43 33
113 144
21 214
41 47
245 111
14 234
232 196
63 200
115 244
9 85
50 214
245 199
128 41
101 37
203 80
152 212
217 230
14 11
60 149
95 68
75 129
208 153
29 26
144 186
106 4
131 66
162 139
157 98
225 206
12 246
214 15
187 133
14 34
116 206
17 149
240 172
168 195
7 207
154 201
198 96
116 231
88 32
52 165
178 22
222 59
72 176
200 122
43 146
84 37
130 67
115 33
232 43
227 103
97 50
69 228
28 90
131 147
173 223
136 44
237 75
225 151
82 235
27 62
4 166
80 147
81 87
143 116
113 153
229 140
7 237
231 79
146 103
148 90
48 110
214 189
89 195
197 52
140 81
3 27
169 60
46 29
145 33
156 189
233 98
94 48
63 96
166 68
10 226
33 245
93 226
81 98
108 44
16 156
169 238
107 186
1 118
160 119
204 182
15 87
151 9
182 31
129 222
200 226
89 41
41 163
185 156
228 81
244 24
152 101
222 24
145 161
120 46
64 189
126 19
212 206
189 158
100 89
192 124
187 188
32 57
237 116
32 63
57 59
89 90
51 41
163 175
145 93
122 3
225 195
151 23
165 57
162 225
165 136
23 164
65 41
109 230
140 27
29 66
140 44
144 42
143 219
31 11
228 112
62 229
49 235
100 116
81 214
101 204
154 45
151 85
29 219
166 185
213 30
156 232
169 46
200 122
24 90
64 137
173 124
17 168
56 22
230 195
102 202
91 225
24 140
17 140
134 188
11 181
130 188
208 78
165 28
146 116
221 152
223 34
42 117
54 103
242 103
134 38
239 113
230 92
210 45
78 116
94 132
211 167
157 12
21 230
10 206
74 187
104 109
56 84
7 94
153 127
35 10
209 135
7 75
78 195
210 71
245 75
110 91
207 182
39 5
11 15
133 47
191 211
77 79
29 127
151 33
80 117
150 210
123 7
187 203
205 158
184 68
237 57
55 206
74 78
244 68
42 139
115 7
218 78
141 124
14 82
230 34
172 155
120 85
142 222
241 234
51 199
46 198
229 205
194 100
80 245
86 237
146 123
18 30
33 197
92 145
246 179
32 99
165 181
219 92
181 217
158 66
176 4
90 139
187 100
167 20
173 107
97 237
229 6
33 204
89 12
45 89
236 36
32 98
23 42
174 232
171 7
68 19
198 72
85 222
60 56
37 89
62 81
217 52
187 165
104 8
167 131
99 77
113 147
236 110
2 83
106 162
136 182
169 237
124 17
145 50
179 243
213 101
170 246
36 220
220 82
115 69
178 234
52 239
112 73
94 5
111 110
201 59
138 22
168 142
149 106
43 134
246 1
202 86
123 36
100 109
48 29
51 222
142 30
69 227
179 103
236 129
27 115
237 60
218 40
115 146
183 82
55 142
40 140
138 183
99 233
176 177
230 155
227 86
167 194
77 106
18 230
21 65
238 84
142 218
45 176
40 31
136 120
190 205
89 85
205 200
72 179
91 135
222 63
178 235
204 118
168 44
140 46
17 235
175 114
187 73
157 212
235 64
241 161
100 175
125 103
198 70
10 149
232 175
14 66
246 172
146 150
122 177
51 21
72 167
67 139
247 116
130 169
46 215
213 230
53 133
116 54
231 30
158 36
177 144
162 149
241 131
141 237
207 188
194 106
181 121
144 214
85 124
190 202
137 67
15 208
64 13
2 171
155 135
195 101
111 239
21 150
125 216
190 204
184 152
244 28
211 151
166 86
5 104
201 8
73 144
33 111
122 220
67 56
175 201
225 197
114 54
203 183
188 95
42 163
148 51
153 135
11 112
133 174
99 55
33 110
16 157
205 123
88 57
127 244
59 92
121 94
186 126
98 25
88 232
92 223
220 221
13 231
99 63
5 54
244 206
222 1
159 104
129 13
18 105
200 245
1 152
236 204
5 16
215 187
204 37
119 125
133 241
89 247
1 163
131 110
242 168
141 192
159 151
175 31
194 17
10 9
43 71
148 124
241 133
44 87
239 170
51 41
106 45
248 43
126 94
207 2
2 168
78 134
221 25
40 162
70 211
217 17
220 65
110 123
102 199
125 145
165 204
239 203
239 144
245 92
203 140
71 225
182 192
216 39
95 148
130 171
96 90
170 181
31 60
142 119
207 109
175 127
176 214
246 73
46 113
236 47
150 54
51 144
132 77
7 56
235 47
83 199
91 9
167 241
170 221
86 18
174 114
82 103
75 61
244 47
154 93
18 216
13 213
68 172
93 100
226 119
96 213
98 3
183 199
32 47
14 57
187 182
41 147
241 112
136 247
78 126
14 207
17 114
192 164
39 141
90 121
77 240
208 101
38 37
147 153
26 125
38 210
211 166
138 65
167 47
192 71
208 37
166 131
181 115
19 69
117 43
6 87
54 213
162 33
120 106
248 173
23 118
223 221
45 178
222 168
105 58
18 39
120 100
21 27
154 184
16 133
208 46
16 94
176 139
172 231
91 56
21 228
132 202
90 197
227 245
236 77
112 170
246 29
12 128
156 141
53 108
169 180
197 142
172 126
17 80
88 173
157 246
216 56
236 204
229 3
167 155
17 88
69 77
174 201
246 64
174 134
31 118
42 55
32 76
23 22
152 120
182 161
71 162
132 97
156 182
53 224
71 227
60 17
29 96
23 30
123 99
123 46
160 196
5 98
112 174
187 79
139 119
144 114
50 161
171 44
202 233
208 28
41 121
205 74
9 214
154 197
5 221
212 17
231 182
41 130
173 109
52 142
147 139
1 233
38 94
217 16
75 152
237 235
247 211
89 169
190 96
187 60
224 208
34 167
60 168
82 120
90 162
236 171
155 215
243 240
182 168
58 25
26 63
214 15
77 150
31 84
197 192
54 173
183 29
7 143
125 164
52 36
3 14
31 105
134 214
122 12
201 137
32 176
163 213
143 179
145 67
197 160
223 126
155 128
108 55
225 192
24 77
148 129
238 132
208 110
190 193
67 245
165 153
207 34
132 6
16 59
118 28
155 158
225 198
192 129
180 17
221 120
73 74
216 125
65 164
9 48
176 222
215 111
16 11
163 176
66 94
114 32
203 89
9 246
171 177
234 182
167 151
247 120
166 24
112 88
92 86
238 190
33 2
229 204
90 232
227 126
224 200
148 6
169 113
47 176
192 224
116 166
248 46
16 212
71 159
92 203
110 241
81 135
189 176
68 125
74 30
170 215
40 161
223 33
59 56
109 198
236 138
194 89
185 131
86 205
172 157
219 54
49 87
220 61
212 192
67 130
212 186
214 35
240 50
227 166
190 187
199 75
182 78
195 139
21 3
134 117
113 22
109 83
132 214
154 185
181 98
12 39
3 2
243 149
196 14
237 79
96 75
17 157
204 193
136 51
57 27
219 73
171 190
200 218
100 56
137 28
99 139
107 3
45 241
127 247
27 35
163 44
246 175
110 177
110 84
248 149
190 46
134 195
176 107
223 121
245 4
11 113
44 68
33 216
155 108
111 72
185 139
209 180
167 10
231 54
144 195
11 95
28 42
13 128
185 62
196 69
13 82
141 247
125 203
194 187
208 105
60 82
22 238
217 28
129 179
132 185
6 113
42 178
232 193
129 84
59 213
110 19
227 68
28 6
149 69
102 43
56 127
62 133
190 227
37 186
189 199
227 128
57 54
134 53
151 215
232 79
47 89
106 185
33 208
131 219
132 131
67 115
187 20
134 181
238 128
186 145
228 182
162 187
120 60
87 143
199 30
81 13
232 8
25 94
131 132
148 89
172 120
92 84
73 107
77 51
91 88
22 69
178 87
197 137
128 170
68 229
214 203
136 72
208 172
135 28
224 91
232 184
31 183
51 124
198 91
14 3
71 155
152 115
122 97
238 58
117 126
75 9
25 177
1 180
127 9
131 226
65 164
128 241
33 4
95 196
235 149
100 128
143 95
215 131
85 141
112 180
56 176
18 55
66 65
193 195
227 50
180 229
212 89
233 4
180 35
16 63
74 113
94 54
135 193
16 35
82 133
122 146
187 148
149 222
10 208
199 44
98 148
149 199
177 13
48 88
235 143
179 243
3 203
210 221
19 6
212 98
229 25
15 190
53 65
82 122
169 243
102 189
120 87
141 161
75 163
3 90
120 75
82 19
169 195
186 101
33 55
168 107
78 88
29 123
110 101
52 73
244 153
26 36
53 145
212 154
135 90
59 106
132 27
75 234
232 85
30 203
123 218
51 15
15 125
63 109
219 192
179 107
239 89
136 156
83 207
27 63
159 80
119 205
89 161
51 37
206 6
233 101
2 62
140 38
84 209
141 90
64 101
223 248
29 173
191 118
145 115
244 79
70 68
86 32
229 193
28 196
67 2
119 207
181 208
54 207
30 163
106 140
83 123
53 26
97 147
242 158
17 88
231 136
178 15
223 7
83 210
167 216
78 72
129 140
4 247
129 185
232 116
137 11
113 125
126 166
25 214
35 224
178 167
74 228
198 134
245 145
73 150
225 41
163 171
96 20
59 89
147 13
225 5
217 115
221 31
202 68
128 182
46 71
111 58
107 11
42 201
66 7
84 85
227 61
41 144
3 160
235 68
14 162
213 123
64 94
231 246
201 152
162 232
207 78
181 59
46 2
44 230
129 35
210 143
198 122
241 97
98 86
132 247
222 65
134 245
182 207
141 136
225 86
73 22
172 184
22 177
230 216
37 178
144 38
224 241
38 13
201 24
184 58
145 13
97 68
240 224
127 242
111 103
74 182
163 51
225 156
112 97
127 39
200 161
155 148
195 181
159 93
223 60
74 206
128 37
8 205
210 192
1 245
240 228
39 89
51 184
213 5
78 158
19 133
185 3
246 56
119 170
75 234
62 248
62 220
46 104
237 9
129 82
193 246
224 240
204 2
216 93
11 214
17 175
85 123
179 150
75 128
133 158
246 137
116 56
237 71
59 187
191 218
55 209
38 240
153 223
5 167
164 158
215 161
162 193
16 96
217 15
115 248
207 75
1 94
190 245
89 28
100 2
174 33
246 27
90 232
184 19
222 123
90 246
190 178
151 190
127 17
88 218
98 118
98 160
170 89
120 150
53 49
18 232
154 10
100 97
38 200
188 163
92 102
12 224
186 197
178 197
1 247
166 207
246 203
70 65
197 175
65 78
177 61
58 43
166 182
239 140
187 86
187 239
197 123
42 199
141 45
16 58
38 137
94 152
223 59
2 190
16 164
174 76
35 187
206 181
100 209
165 232
70 197
239 154
48 100
199 247
197 107
64 207
170 41
45 103
214 109
99 234
172 53
147 194
81 108
90 199
52 178
123 43
222 122
122 140
8 40
198 166
51 25
49 84
130 159
186 181
139 166
234 119
248 207
163 223
209 108
54 114
231 120
37 108
184 228
111 65
232 76
95 134
119 108
28 121
53 16
107 214
71 97
134 180
110 108
106 139
217 13
104 16
152 13
59 186
189 10
81 51
77 96
227 243
134 110
247 221
59 135
232 148
152 157
31 58
103 42
48 201
107 81
217 35
21 27
89 164
178 56
101 69
101 25
171 104
112 227
52 43
202 90
4 99
83 56
68 46
178 93
36 93
1 147
126 173
170 35
99 83
173 178
139 145
231 35
40 131
15 49
194 93
210 246
225 15
21 236
238 219
185 23
112 191
79 118
87 61
242 66
60 179
244 163
159 64
151 200
101 36
157 234
50 75
97 131
27 88
49 145
82 74
41 174
41 53
206 193
116 15
184 225
87 125
140 244
153 72
123 226
13 151
73 102
119 194
20 77
139 99
22 112
138 87
185 110
216 247
120 73
73 117
77 111
63 121
8 152
167 160
110 86
211 222
155 87
73 38
64 106
29 237
144 61
2 229
43 129
186 20
192 175
88 193
222 146
6 130
184 45
64 172
38 118
213 177
227 12
60 112
197 239
37 80
97 38
147 92
30 129
165 22
231 113
161 111
211 65
133 211
233 59
106 91
97 70
120 150
137 133
147 13
115 144
28 135
108 49
222 175
185 224
182 136
94 52
19 246
128 132
142 7
134 106
93 6
142 228
227 30
3 229
49 226
188 82
163 99
26 28
54 141
237 237
64 124
28 173
80 228
232 37
106 22
23 54
174 154
211 156
119 248
225 75
203 198
129 61
104 132
176 70
127 110
10 92
194 172
206 142
122 12
153 208
206 46
41 87
44 138
3 155
185 124
107 63
140 25
216 19
53 78
164 1
180 156
67 197
40 159
106 136
32 9
178 14
63 60
106 161
138 156
79 62
188 154
24 119
20 75
144 217
108 225
51 126
46 198
148 81
145 142
117 50
147 94
192 48
42 41
33 104
170 51
76 18
61 100
120 42
128 50
182 206
161 203
93 50
153 65
10 151
14 58
124 241
133 72
152 14
175 102
139 24
34 55
217 135
108 191
139 20
15 235
10 131
164 233
216 104
18 42
233 95
76 100
246 121
137 60
39 183
86 51
114 235
137 94
98 145
15 126
57 168
165 188
28 105
222 163
218 234
125 188
162 85
9 96
75 203
98 189
119 234
69 236
137 42
87 96
245 42
241 115
124 147
203 20
244 9
98 118
184 19
119 230
61 125
28 119
182 80
5 181
246 195
26 122
128 220
161 213
192 87
248 195
177 122
100 43
92 217
236 195
125 116
3 111
27 14
9 155
234 235
103 66
57 76
100 211
37 168
179 72
36 200
56 121
38 124
226 3
103 39
89 69
158 214
50 199
200 175
109 71
200 160
67 99
198 209
239 62
216 37
34 239
124 183
200 15
19 55
79 199
238 228
76 230
7 146
5 2
215 214
34 5
242 41
70 63
33 198
180 142
246 107
207 228
98 68
170 30
82 75
90 101
240 51
107 39
97 41
70 94
49 106
50 202
105 8
84 24
167 94
200 149
148 208
128 191
52 150
60 40
141 113
39 207
138 197
42 246
71 123
157 9
222 206
229 192
210 203
209 97
148 47
198 83
3 175
19 115
132 159
68 190
26 20
80 112
119 201
114 188
148 231
199 238
203 218
64 208
74 16
102 159
210 92
127 29
162 133
49 211
44 188
231 201
85 227
233 58
167 219
158 153
44 176
57 127
215 147
196 243
165 185
71 96
84 172
140 215
74 243
66 209
178 88
108 219
193 234
148 89
186 233
163 202
169 13
201 111
91 124
91 61
181 122
102 138
198 212
198 10
176 122
15 112
74 162
11 200
223 119
247 206
129 138
228 115
148 202
52 217
85 145
151 21
211 110
145 180
17 46
193 226
138 30
2 137
93 56
131 113
177 144
21 183
145 9
23 235
225 20
239 99
5 38
74 209
93 204
40 158
108 43
73 82
127 124
108 103
198 129
64 238
175 83
72 246
224 212
104 208
237 152
29 122
85 31
117 57
201 18
172 151
108 124
10 28
226 129
228 69
219 97
16 239
11 200
223 203
204 121
36 135
171 50
134 65
89 248
84 155
131 5
142 174
227 67
234 79
11 32
106 63
122 247
182 128
150 160
215 110
182 81
179 128
5 56
132 111
47 180
135 2
99 244
156 207
210 61
187 80
143 129
129 235
106 189
112 130
98 35
226 136
135 144
208 188
35 245
227 219
104 84
127 8
181 30
81 76
122 1
102 139
186 94
222 62
241 174
13 38
81 237
164 209
145 169
48 20
156 167
60 129
32 109
154 109
113 164
33 50
103 84
45 90
158 143
71 138
41 150
99 237
162 77
166 169
177 1
14 160
27 22
186 135
77 210
141 131
70 117
29 123
248 33
81 238
42 174
51 18
239 107
155 224
219 139
66 198
110 222
205 231
61 80
154 97
79 231
164 150
242 76
156 245
60 153
236 129
22 244
150 78
54 113
114 135
16 212
153 197
134 56
41 28
27 83
218 147
169 239
37 148
247 128
119 112
235 111
147 109
235 203
57 147
199 245
102 13
14 247
242 22
89 151
102 131
210 179
211 212
191 164
51 175
58 239
99 153
197 209
31 205
239 78
159 33
17 232
208 171
128 233
232 98
132 236
114 138
162 179
7 24
78 103
203 41
162 68
19 41
141 7
174 24
72 226
39 243
117 211
120 141
82 59
117 8
188 174
23 18
77 231
118 176
69 212
16 56
21 220
123 200
5 160
36 208
44 88
212 31
69 49
120 218
51 205
121 108
202 52
241 147
189 154
83 223
11 2
37 180
215 69
199 55
139 14
158 31
248 174
90 63
151 156
43 127
206 226
98 36
60 44
209 29
248 184
220 174
243 181
199 197
119 23
152 241
145 243
70 32
244 121
151 112
236 189
110 81
173 41
217 50
186 107
104 23
197 95
197 12
118 192
114 175
204 234
28 56
159 214
46 52
129 83
26 92
21 199
83 129
74 192
42 62
98 155
105 109
219 94
204 177
21 67
10 207
54 196
179 81
156 42
16 204
177 186
120 9
146 187
81 60
231 70
48 166
52 83
191 2
25 220
114 55
59 99
213 216
35 208
130 153
172 5
215 18
232 126
58 78
151 218
145 101
22 145
1 59
45 134
47 94
247 173
244 56
137 236
47 187
70 36
237 196
136 113
206 117
156 230
70 163
115 72
41 24
93 156
101 80
108 144
156 154
50 120
214 21
36 86
218 193
30 166
133 173
189 42
241 186
79 170
155 160
88 173
66 110
56 89
164 208
208 170
137 39
20 180
103 171
16 42
177 230
206 85
244 66
130 140
119 201
231 187
211 144
15 221
51 82
36 54
149 117
73 243
34 105
74 16
26 190
139 162
169 36
202 18
243 190
94 123
241 138
115 23
48 17
245 213
140 28
99 187
208 108
100 120
23 50
10 85
238 219
69 189
200 167
8 119
52 176
60 46
127 192
225 242
52 99
238 85
63 134
184 78
112 132
133 23
84 137
162 188
79 108
180 102
81 109
173 28
200 206
110 84
17 200
228 47
17 165
156 108
95 127
147 90
215 87
70 62
27 47
120 35
227 83
224 229
70 28
46 175
183 183
47 21
11 196
40 48
135 128
52 134
241 181
46 143
62 3
94 196
142 158
248 171
176 55
140 111
32 168
95 195
22 200
18 245
189 145
151 125
227 33
117 13
25 124
240 160
100 86
131 36
202 190
95 5
98 75
33 231
221 20
213 221
133 162
222 148
31 209
243 197
103 124
75 91
76 41
189 40
225 234
201 51
180 245
204 228
218 32
174 92
128 104
197 193
75 22
123 99
58 8
182 30
192 235
44 98
179 223
111 206
219 221
19 126
78 3
121 137
38 205
240 133
183 26
193 227
27 108
167 64
6 176
170 175
234 110
187 179
207 182
75 87
215 97
45 16
32 146
29 158
16 193
115 2
189 68
160 210
54 195
75 165
125 51
94 102
169 126
84 232
88 3
61 7
112 91
147 30
62 50
99 158
18 239
107 12
112 32
119 230
36 55
32 33
197 245
246 47
11 122
4 6
152 108
63 126
124 127
204 141
211 226
190 124
38 130
161 206
181 217
223 227
9 150
244 113
47 233
97 142
108 208
180 84
56 55
3 107
202 136
122 96
163 16
96 69
165 135
77 50
135 218
97 208
248 73
28 48
160 244
212 7
111 225
163 33
224 246
197 163
52 127
190 16
26 235
154 41
68 57
20 211
104 242
160 51
85 108
78 109
20 70
231 153
56 120
232 72
21 81
102 173
47 114
120 7
229 199
82 6
139 124
237 78
75 155
33 49
226 89
202 112
77 107
49 137
221 196
62 174
132 242
98 25
86 119
34 10
83 178
225 95
199 98
131 51
117 75
44 195
70 40
138 129
119 217
34 174
142 231
147 82
198 120
87 135
220 162
65 211
81 46
15 181
163 44
70 121
230 24
77 244
245 229
178 149
157 5
201 85
48 203
110 224
232 105
2 218
9 38
98 18
182 112
18 58
235 211
7 225
28 141
113 241
201 130
71 83
182 128
34 109
158 167
2 242
216 133
146 73
172 190
200 180
60 56
209 197
124 101
226 103
74 59
186 65
160 29
29 96
94 222
248 184
127 12
114 227
131 38
148 72
8 105
88 58
222 197
150 59
233 91
31 124
29 33
199 102
179 136
213 22
239 174
40 96
38 124
10 117
189 183
180 174
75 232
238 52
56 48
167 17
82 226
127 24
238 204
29 184
121 135
71 52
143 225
22 183
229 228
178 179
34 227
171 183
228 236
194 56
102 105
24 149
104 141
35 127
228 180
126 194
39 234
92 74
83 199
73 235
25 87
79 168
97 121
96 35
238 196
18 107
101 65
34 181
69 40
34 58
227 226
94 206
185 248
160 25
6 207
91 177
161 108
107 128
231 8
226 16
148 100
144 158
204 62
161 91
32 49
105 202
50 127
65 138
97 212
188 238
68 14
112 47
66 62
238 243
156 244
202 155
113 131
174 207
109 43
168 34
99 82
139 141
216 219
66 176
200 245
231 88
227 72
198 185
210 179
59 45
238 223
164 126
145 212
36 150
1 29
217 160
192 40
50 149
138 131
41 195
237 87
129 184
129 133
227 73
65 222
94 210
75 196
161 133
116 38
148 159
222 82
219 36
20 201
100 245
208 202
77 243
65 142
234 216
165 207
183 86
72 37
39 33
42 158
15 188
132 87
81 229
42 31
108 63
25 69
235 107
24 60
94 114
106 41
87 9
104 4
234 83
146 194
81 128
73 112
223 124
116 32
217 184
86 210
191 13
18 142
103 127
9 82
223 226
15 3
230 134
102 68
38 201
248 147
81 173
142 139
218 77
196 62
183 71
247 7
21 34
25 56
53 247
85 31
49 201
24 199
117 212
207 248
185 217
79 11
1 156
104 73
185 158
101 138
80 43
78 238
207 65
72 173
209 169
211 154
128 199
180 102
83 130
163 240
153 103
28 130
151 10
198 93
237 236
223 38
218 190
70 25
129 66
198 183
115 228
122 242
97 15
34 78
9 135
12 7
236 175
226 163
163 128
193 105
239 109
200 198
22 81
185 181
85 219
234 6
189 80
20 247
178 47
212 186
58 5
193 138
205 57
156 76
53 19
111 69
39 167
197 123
80 94
28 132
128 88
24 135
101 87
183 81
202 41
244 239
236 166
138 142
215 27
29 120
228 77
186 54
42 184
147 209
133 172
181 14
233 71
216 57
60 180
52 147
229 160
60 176
153 67
247 12
227 133
78 234
135 100
245 194
155 119
94 78
191 124
234 152
228 179
165 16
202 157
247 16
79 116
170 220
209 167
73 110
186 75
60 135
109 247
164 237
216 229
243 72
193 125
218 239
102 144
190 7
195 51
117 183
15 81
147 98
103 188
180 194
126 116
103 34
164 150
38 203
166 86
37 133
10 103
54 53
235 207
15 207
183 195
14 20
63 130
21 148
11 86
26 243
166 55
99 43
144 205
189 51
140 154
182 245
7 67
186 122
47 108
223 80
76 87
107 145
98 163
61 149
172 201
196 235
85 86
209 43
25 61
162 49
63 61
95 6
97 199
169 2
42 154
83 21
105 196
50 115
96 13
122 98
185 41
15 238
214 185
167 230
83 102
154 52
102 195
118 181
199 29
32 43
75 232
98 91
143 66
153 239
214 21
41 4
58 15
141 136
107 12
133 139
216 87
87 35
41 102
1 84
68 210
156 133
119 217
111 201
185 17
6 54
126 132
102 123
186 59
4 162
203 63
198 39
62 225
156 210
218 90
162 11
200 167
123 158
68 115
78 170
113 136
89 208
11 230
238 168
120 125
210 12
83 96
122 200
4 28
243 1
5 207
152 130
84 225
85 239
137 225
152 27
124 6
187 214
123 132
29 216
242 221
215 230
222 99
37 81
157 64
126 176
53 25
34 236
27 97
65 84
215 248
236 72
135 8
170 176
93 81
199 186
121 140
231 194
147 117
237 54
105 12
41 53
85 144
221 89
68 59
183 148
166 1
90 29
57 18
9 188
48 165
57 146
17 239
232 22
215 74
39 162
62 216
86 180
122 129
86 54
70 233
32 185
73 129
81 118
222 242
146 135
169 121
233 169
248 96
27 82
181 101
1 70
115 199
221 91
175 84
165 130
205 186
94 127
9 143
156 34
85 154
180 238
103 142
106 110
168 196
181 86
124 172
210 70
103 90
58 219
223 227
172 213
126 241
28 145
127 43
98 55
52 75
92 175
194 136
114 34
34 115
196 76
76 174
180 130
55 1
44 160
55 32
232 165
158 210
193 169
55 25
85 42
83 152
167 111
227 54
184 192
32 171
185 82
97 107
209 235
154 44
98 170
70 132
101 70
106 131
147 222
65 168
96 96
156 85
136 64
9 162
210 152
20 158
238 225
66 206
68 47
107 190
175 200
243 232
246 231
33 169
135 39
169 56
125 119
185 42
28 152
157 19
166 96
14 12
245 14
72 161
212 94
108 44
242 63
168 146
234 173
48 171
6 140
115 130
35 243
209 176
126 75
232 92
113 83
210 47
227 111
194 126
58 77
68 34
172 98
121 22
222 54
77 125
165 55
18 17
16 62
173 53
155 106
186 49
71 15
8 192
105 99
241 50
47 83
210 140
94 64
140 141
19 240
183 155
213 84
243 235
233 176
114 116
33 190
201 238
99 122
78 165
125 205
86 69
142 9
189 23
229 131
222 173
175 167
40 181
221 244
104 226
115 51
132 134
85 128
85 235
130 66
71 69
217 40
109 28
130 227
102 188
39 127
214 164
83 164
172 34
113 105
234 217
203 116
233 245
165 115
92 52
169 212
45 128
156 67
228 54
51 106
153 32
186 128
35 106
235 243
91 110
76 68
105 172
197 188
81 139
63 183
106 187
181 123
217 81
82 247
87 118
106 103
42 243
148 161
147 106
193 43
193 111
241 54
128 233
81 157
242 152
5 164
116 38
210 92
167 153
217 178
200 74
166 81
185 2
164 167
237 215
148 153
99 190
150 154
26 23
13 139
203 195
81 122
83 136
181 53
181 71
68 75
31 239
17 239
238 43
155 209
241 158
148 7
118 150
1 222
32 118
119 133
83 179
185 173
223 4
144 72
86 136
67 121
89 49
82 79
91 236
222 5
25 78
40 232
67 242
166 85
119 127
17 81
132 171
87 213
67 237
94 68
124 29
66 199
248 123
26 73
141 242
90 75
155 216
247 68
176 161
94 248
83 124
109 15
192 105
240 181
216 84
6 145
193 45
159 37
49 218
135 155
139 182
67 189
121 184
15 119
176 208
244 8
233 89
114 49
174 212
218 178
72 79
44 212
190 2
190 160
164 176
225 42
68 27
213 48
6 180
53 126
133 176
148 214
17 89
158 138
82 134
192 178
231 144
80 208
12 144
23 235
141 150
50 83
40 36
136 228
225 138
221 176
163 51
198 208
77 226
246 181
229 24
164 88
191 20
112 171
100 117
189 148
52 171
90 244
75 185
27 87
4 228
3 63
86 26
127 206
32 37
243 87
195 143
153 79
161 24
137 1
47 100
123 115
9 4
203 170
163 146
165 52
229 91
236 80
53 95
129 217
199 244
47 67
193 86
141 87
149 201
244 163
178 205
78 111
135 67
3 100
185 124
175 233
48 9
161 39
160 134
31 198
62 233
142 142
228 69
223 227
21 82
40 247
26 213
52 186
50 152
208 31
30 4
237 2
196 193
195 1
146 153
151 86
108 47
199 74
216 23
17 36
247 15
120 89
134 138
167 115
237 205
94 40
62 60
97 135
175 205
221 48
149 187
84 154
71 118
138 134
34 173
1 88
176 179
58 3
33 231
32 33
129 49
149 11
193 42
108 186
36 93
8 172
32 215
81 93
97 222
80 144
150 36
90 26
118 64
241 143
45 190
242 10
248 190
19 207
69 91
74 161
118 134
172 13
223 74
217 222
203 46
9 232
114 228
23 236
200 54
65 9
162 197
215 127
76 127
152 7
229 112
126 214
140 239
140 92
52 172
242 160
34 244
177 9
150 212
214 161
186 143
230 168
122 108
5 66
219 220
113 110
68 167
65 245
116 1
239 34
199 156
245 105
44 50
231 241
102 35
146 86
136 164
222 50
34 73
32 110
13 162
16 22
43 126
87 199
201 29
111 105
154 136
203 110
153 182
107 42
238 47
113 196
59 215
8 225
68 24
125 148
194 221
243 80
137 157
199 10
30 90
3 247
151 8
12 59
159 109
222 76
105 59
13 159
161 36
53 25
82 98
229 17
135 215
103 45
131 233
73 212
38 55
25 70
239 10
136 28
106 115
158 149
229 49
242 35
75 68
166 49
200 204
61 27
80 25
131 245
108 14
237 12
211 214
137 72
163 95
83 45
3 187
150 142
80 33
31 239
135 7
119 175
207 209
196 196
118 117
74 90
206 112
166 229
53 136
71 140
138 239
103 158
145 202
222 186
196 42
10 91
161 17
164 115
232 229
197 177
140 111
67 104
213 42
119 55
216 178
108 9
158 129
125 205
162 13
65 44
146 47
181 60
240 2
65 117
205 14
135 188
75 200
176 3
156 34
234 41
218 86
240 129
75 199
213 237
151 62
95 228
212 1
167 22
134 185
119 3
164 47
48 102
169 18
190 164
185 206
226 138
190 139
233 91
177 110
108 21
100 227
52 25
46 11
79 243
152 10
93 42
127 119
19 133
42 175
169 191
160 165
89 158
184 61
60 27
179 57
209 236
53 168
67 214
212 205
186 6
135 9
10 157
224 101
78 125
100 199
15 155
226 54
220 196
217 87
15 78
113 125
200 153
106 81
66 84
223 86
201 135
64 171
96 221
144 138
53 200
1 210
229 57
119 200
128 130
172 126
239 63
88 101
164 215
1 64
14 39
165 76
183 35
132 37
123 196
218 31
10 111
121 1
235 113
177 68
149 187
95 144
126 22
219 146
141 27
143 92
36 244
228 137
223 54
104 111
100 128
112 41
97 36
173 238
114 145
92 65
134 8
52 66
67 125
47 31
80 39
236 206
199 198
197 100
157 109
185 243
63 34
234 97
77 121
10 236
134 31
129 93
217 247
173 18
52 106
175 39
39 152
149 210
129 148
178 22
218 163
63 6
136 95
144 52
160 144
183 33
246 186
212 97
176 193
147 193
21 98
215 239
41 210
199 165
235 44
55 67
181 134
212 69
80 132
157 248
65 81
167 39
24 38
192 53
16 209
46 172
52 117
243 157
203 180
32 153
211 33
64 229
109 151
44 134
62 183
29 145
54 130
30 48
71 129
183 105
9 178
152 166
159 136
144 122
192 207
131 34
56 193
56 127
205 103
44 85
153 74
144 54
244 177
49 156
155 223
48 216
218 100
119 63
26 127
151 146
40 111
32 56
169 156
202 207
98 235
167 166
99 9
217 17
125 219
26 219
158 198
73 147
85 247
217 214
70 103
101 109
187 95
132 142
26 145
180 196
23 115
54 32
30 137
183 70
193 244
223 209
248 16
64 13
37 42
242 162
155 76
23 32
3 41
211 133
8 71
226 188
175 91
115 188
125 152
228 168
156 113
29 137
214 7
229 72
73 49
214 197
232 186
10 212
145 159
112 59
128 102
239 139
148 122
11 191
167 208
136 180
114 197
64 45
49 79
237 41
56 219
177 241
144 53
90 124
19 54
176 101
54 18
35 94
236 156
230 66
81 27
210 8
180 180
192 24
207 85
191 239
72 83
207 207
44 208
179 205
4 49
100 57
103 160
98 167
200 189
65 91
144 41
12 128
18 176
19 80
24 3
47 199
102 130
55 199
20 203
61 111
93 117
221 157
229 173
175 198
178 69
204 109
184 197
8 39
194 39
83 232
99 200
135 179
7 80
231 104
61 78
170 59
214 96
49 174
97 178
68 13
237 247
118 57
218 41
153 116
238 227
24 109
13 241
142 139
95 203
17 70
149 173
62 217
195 178
45 241
18 46
35 88
170 194
84 149
98 65
211 228
53 13
20 176
122 109
223 27
98 128
189 205
140 133
82 186
148 10
20 225
86 224
161 216
24 74
17 165
166 45
163 183
54 158
216 14
211 107
10 28
204 18
97 106
248 104
70 195
63 129
230 242
226 43
216 148
78 180
76 42
237 99
187 52
205 142
194 79
234 224
97 13
18 126
162 174
181 146
91 140
183 225
212 232
71 215
98 110
247 14
223 118
112 45
157 135
216 216
155 206
26 121
163 215
109 135
124 50
79 73
179 237
193 100
183 15
158 224
168 2
105 88
246 205
106 174
140 246
123 179
118 164
15 165
4 23
90 63
215 66
52 147
231 180
115 215
233 23
146 128
27 215
225 104
106 196
239 23
236 62
177 193
247 24
231 22
216 141
132 79
119 37
91 122
247 69
186 87
120 73
246 146
116 25
17 235
6 124
96 152
106 173
145 158
127 130
48 179
127 135
59 218
61 145
243 167
125 182
204 221
157 166
79 99
226 51
216 234
50 174
141 111
163 113
191 207
180 35
81 130
42 60
247 155
221 109
106 175
146 224
41 236
193 105
189 62
88 91
1 152
207 91
38 182
183 90
235 25
8 6
55 117
26 204
57 248
239 233
135 116
115 113
135 93
159 156
41 29
36 52
74 207
57 150
245 3
234 21
183 121
191 153
190 15
225 48
221 190
63 133
228 198
25 9
41 71
42 196
150 110
187 30
177 88
186 68
113 131
236 31
119 101
14 153
45 205
52 159
54 116
36 148
98 103
129 90
186 6
235 154
81 17
5 112
51 229
198 202
192 22
29 181
130 70
138 179
53 26
189 98
20 8
72 95
42 222
142 105
21 127
9 231
167 141
216 132
242 23
131 18
209 203
218 106
24 37
53 123
123 207
26 170
203 219
199 43
128 126
104 231
42 72
54 97
42 118
99 60
23 174
55 187
19 91
54 221
81 139
205 149
32 120
129 51
21 103
134 87
40 89
218 77
97 190
28 211
139 208
186 217
129 94
91 138
231 5
141 57
146 225
190 199
144 126
58 28
220 101
203 30
22 150
71 247
239 135
166 112
160 11
215 76
92 33
74 173
92 33
103 147
36 126
179 107
203 128
110 188
205 199
14 223
95 174
27 14
95 140
220 97
234 229
171 15
82 101
52 107
104 209
10 108
189 6
212 29
237 150
202 90
220 99
151 7
238 48
151 246
35 11
78 171
27 225
7 183
79 37
63 219
213 218
12 162
68 25
48 25
170 199
119 157
133 95
165 78
84 204
163 92
72 209
14 48
223 88
178 112
137 241
171 150
154 248
90 39
79 97
239 209
192 134
184 101
107 180
12 29
40 100
144 197
153 95
98 194
85 75
44 193
155 221
38 214
5 138
116 28
201 216
235 106
129 164
121 127
110 238
248 136
73 248
126 21
233 200
45 23
190 206
186 144
170 158
246 98
126 165
135 35
192 203
78 41
166 218
165 33
164 99
169 203
13 14
13 243
22 112
227 200
230 214
46 154
43 56
117 62
116 132
173 99
99 222
52 151
30 44
42 112
161 221
129 48
102 159
63 167
113 162
33 32
195 4
33 82
169 73
60 241
208 77
185 98
116 228
225 143
120 131
239 76
165 137
236 222
68 205
35 153
215 204
243 38
89 164
179 240
138 14
54 11
108 169
41 178
72 99
211 66
111 14
172 157
245 85
145 175
238 171
160 212
183 10
179 127
158 18
166 174
226 15
58 40
104 48
211 29
8 240
207 73
5 248
177 163
228 113
98 165
140 20
244 190
67 67
93 111
213 47
165 31
14 171
206 168
52 113
3 87
175 9
210 155
234 8
229 220
182 233
235 17
22 56
72 205
77 79
48 113
190 118
181 198
119 35
141 142
25 204
13 6
246 89
9 129
148 105
54 173
194 91
136 181
6 132
73 191
230 145
53 69
167 247
91 89
26 63
41 135
110 199
143 213
235 73
65 43
167 206
85 62
167 46
78 229
244 174
39 49
186 176
204 220
151 163
48 54
17 192
217 199
122 175
126 124
193 228
46 175
210 161
240 144
67 230
17 218
244 82
160 192
14 33
237 165
236 214
7 170
154 219
27 226
177 18
244 125
248 18
202 240
246 57
105 152
217 43
73 110
193 95
24 183
108 196
217 175
32 118
132 108
188 220
192 59
184 73
211 78
7 112
173 56
201 198
40 3
110 22
6 151
114 2
111 79
224 70
136 203
180 191
41 25
21 32
110 54
54 33
224 177
233 91
226 192
42 146
246 100
220 87
121 96
11 244
94 127
110 21
184 80
101 107
170 104
173 210
159 76
180 92
42 159
125 30
243 110
35 10
17 157
117 87
172 190
169 94
85 34
223 234
47 137
32 165
208 186
29 66
50 219
7 209
101 83
86 155
100 204
147 226
91 231
23 110
226 173
28 157
111 112
121 65
125 76
24 199
179 223
166 174
187 194
33 109
123 65
194 19
242 237
171 202
166 171
92 186
185 82
23 83
61 75
117 45
48 90
63 65
6 5
52 27
17 127
39 161
103 2
248 124
69 238
183 220
222 218
248 237
129 175
24 108
61 78
115 179
63 157
112 51
87 232
13 133
5 5
206 28
67 185
193 139
19 39
13 224
100 107
14 247
164 71
8 208
80 90
226 163
208 52
178 135
111 2
77 207
109 207
248 106
10 26
114 173
82 90
136 247
65 104
245 218
104 111
177 9
70 178
167 63
111 120
26 246
174 212
188 87
188 178
166 172
138 234
139 28
148 52
242 118
40 86
111 32
51 30
137 31
154 157
66 30
63 112
73 183
187 116
128 68
27 51
147 160
144 43
233 6
22 139
40 73
46 242
247 227
131 247
37 231
2 63
160 2
111 166
206 35
106 207
231 111
186 126
55 7
69 143
209 160
30 83
168 230
124 56
28 114
247 154
147 86
120 67
88 28
238 80
30 50
213 164
172 61
23 189
160 65
84 110
107 147
217 20
186 101
6 76
235 14
144 191
159 25
83 5
18 214
40 222
50 107
198 167
140 142
181 148
233 14
239 18
55 43
198 25
155 164
135 142
172 42
187 190
14 219
177 175
225 170
166 171
124 66
84 214
149 136
147 205
232 40
61 126
172 48
213 167
212 137
100 128
49 106
221 219
6 26
240 230
181 69
62 132
54 77
224 216
48 43
10 117
66 184
111 210
6 185
239 159
15 111
129 25
154 218
99 88
57 198
16 51
143 95
232 137
89 77
12 209
186 216
193 77
179 43
200 199
210 54
8 240
164 243
218 33
31 93
74 182
177 237
6 200
34 31
15 220
135 173
134 233
5 49
104 28
19 40
209 202
