456 1575
304 120
428 43
151 183
327 375
300 67
58 417
444 9
278 23
67 260
204 13
28 281
261 272
321 290
448 128
53 377
424 74
330 194
436 231
294 271
370 278
245 419
251 162
238 239
114 199
214 360
55 3
356 154
224 53
199 234
161 67
369 128
355 45
376 15
89 81
119 295
131 294
407 85
84 425
20 201
92 290
214 138
145 51
116 439
70 280
316 163
18 129
163 125
33 311
277 78
169 441
344 74
76 5
63 321
347 332
257 305
50 445
24 94
323 91
261 72
204 110
355 335
424 35
84 154
50 204
99 143
440 180
431 156
451 238
23 410
180 136
119 375
388 168
309 213
116 110
297 294
234 21
448 400
47 268
171 281
216 446
189 104
447 402
203 358
154 383
33 286
257 148
39 321
425 186
171 188
331 271
140 432
27 189
207 388
89 237
389 376
313 67
26 330
1 142
200 53
86 356
359 61
67 153
154 324
74 414
5 19
64 43
263 384
258 150
124 49
304 100
259 343
202 411
391 120
396 149
182 164
399 331
150 329
200 238
179 423
408 67
429 108
112 413
185 79
132 320
121 167
114 347
124 355
164 374
73 228
370 411
289 343
388 356
354 179
298 281
289 163
166 409
127 444
91 24
286 67
18 369
13 425
286 166
67 307
139 64
437 94
142 92
54 66
125 403
399 151
310 122
298 267
169 169
44 251
262 44
425 111
119 31
396 6
207 188
260 10
286 67
335 57
114 317
408 341
271 298
118 12
399 22
159 416
315 105
179 199
73 146
116 156
142 35
128 158
15 167
136 403
80 412
166 45
106 43
357 51
80 284
13 292
69 209
332 85
375 399
392 185
353 155
144 88
357 57
199 406
29 217
1 375
80 11
253 47
227 104
43 17
186 419
217 187
179 316
335 115
428 372
29 13
410 48
49 60
374 421
411 384
220 106
195 182
313 216
427 111
317 182
197 59
453 450
195 391
117 431
10 138
382 409
180 257
233 144
251 441
215 15
96 108
16 181
365 446
192 124
75 233
429 81
138 368
170 392
267 194
12 3
185 292
292 26
252 420
389 441
85 317
452 233
397 160
161 233
392 111
385 282
30 147
34 17
48 73
48 83
286 9
397 439
375 135
352 364
335 388
81 436
174 194
131 301
332 14
224 364
318 117
316 331
14 63
382 30
302 9
348 3
392 352
275 208
72 59
290 221
234 36
449 243
48 222
434 244
54 5
351 261
377 333
273 173
370 312
82 261
62 57
333 381
264 413
365 256
315 160
256 56
350 244
120 121
118 403
274 149
184 292
47 382
230 387
182 2
421 169
3 4
143 149
55 187
64 91
155 400
452 422
363 132
36 338
405 29
414 326
421 47
213 333
249 18
48 53
197 150
411 358
424 202
121 66
212 32
248 195
413 441
80 237
271 111
307 400
285 282
183 180
418 119
346 446
390 411
65 274
25 32
129 3
443 319
307 135
316 434
75 346
334 276
244 384
217 86
395 408
50 182
338 344
64 329
341 223
107 443
295 395
79 115
224 49
291 19
316 375
64 180
24 350
219 75
241 413
256 291
424 291
455 196
383 246
222 238
154 143
36 189
189 40
399 17
239 129
253 118
85 285
394 313
48 162
248 9
331 92
220 384
200 231
337 178
231 47
120 114
292 365
168 391
172 236
45 132
340 302
274 36
391 198
422 48
198 297
97 316
426 198
52 348
302 163
41 348
14 348
240 322
202 376
200 138
234 117
427 239
441 272
146 224
74 323
157 94
247 149
48 370
235 267
160 364
336 9
60 174
145 225
161 62
410 396
380 57
117 330
381 65
122 54
244 190
277 324
119 179
319 209
23 149
75 441
432 266
268 368
341 384
4 367
338 395
299 387
134 380
42 82
115 330
375 302
29 88
206 51
179 342
36 453
179 311
44 118
359 418
289 331
92 369
323 212
300 160
67 450
186 187
416 365
273 177
257 235
354 13
312 184
368 20
105 347
401 410
48 74
8 135
24 27
215 260
300 7
97 131
396 423
347 138
443 153
78 454
217 84
418 190
168 430
123 176
168 93
82 34
386 239
315 266
24 383
125 119
277 191
267 179
204 74
257 26
27 370
330 66
432 144
279 401
256 121
2 28
367 189
434 271
419 24
282 314
29 170
231 455
445 22
167 138
182 201
337 445
51 329
51 144
72 444
383 221
369 60
7 201
393 148
215 197
242 241
377 85
320 38
223 369
306 261
349 113
367 94
95 242
312 1
339 25
352 206
343 375
151 2
276 191
83 201
444 448
81 213
109 289
394 28
283 300
444 244
110 71
52 1
67 83
171 215
84 450
214 87
125 444
355 262
188 180
7 108
203 267
154 242
166 193
410 356
20 378
127 392
98 281
127 445
421 56
311 192
123 144
236 21
323 123
20 2
71 42
299 7
98 350
368 376
199 7
198 392
76 83
51 7
327 261
108 205
160 69
39 436
217 83
221 57
344 242
53 444
41 99
220 225
347 375
311 42
286 47
357 367
315 317
354 376
103 17
140 99
300 43
388 208
93 345
439 380
76 61
195 237
189 311
374 114
9 429
15 85
28 369
364 135
36 108
232 82
201 226
122 261
394 128
137 401
215 265
113 206
205 377
280 102
120 144
363 205
356 296
174 77
397 233
323 62
272 6
85 273
96 437
149 25
442 323
361 442
138 129
298 282
301 311
32 294
234 7
441 363
20 320
451 5
245 277
223 386
103 319
87 78
193 391
397 295
365 100
91 395
378 26
424 255
244 117
411 265
405 389
83 89
278 448
378 285
213 271
215 131
196 435
106 182
177 60
147 36
425 357
370 176
14 376
404 281
378 330
414 303
248 427
15 112
394 12
388 176
240 238
384 58
364 57
351 40
342 213
250 432
88 25
312 81
328 401
280 156
362 263
152 244
412 229
296 87
146 148
394 98
85 374
108 183
340 125
117 301
224 337
50 191
212 116
28 246
92 349
375 233
221 206
96 3
68 409
226 100
273 36
193 246
54 118
161 38
65 312
434 125
432 17
48 119
93 82
161 261
33 169
149 247
155 188
342 394
401 194
314 380
265 226
179 149
384 19
393 247
182 165
339 138
187 209
297 39
104 107
290 413
319 83
91 193
11 152
261 245
49 210
303 211
418 25
371 111
387 62
365 422
334 37
73 240
248 314
284 54
417 168
109 125
48 29
107 440
33 172
124 143
271 443
439 333
352 357
256 283
151 2
173 84
147 270
435 54
36 109
332 59
383 214
305 393
358 150
293 346
456 390
2 261
116 256
131 85
373 27
353 38
81 7
436 282
250 331
102 55
219 62
95 399
248 375
316 185
225 28
406 150
137 32
298 94
184 43
443 300
324 361
325 225
41 348
24 278
267 283
212 90
81 385
444 81
149 375
379 418
310 413
90 237
416 85
370 124
58 66
290 265
167 445
129 149
308 217
257 336
177 172
80 150
262 287
274 173
214 134
275 248
349 142
196 48
9 219
321 46
52 271
86 238
203 421
38 289
176 34
153 450
196 375
433 305
281 29
59 389
156 348
153 158
171 133
308 100
191 360
376 439
206 155
142 231
416 166
316 274
210 110
328 31
418 413
140 413
266 27
415 384
4 31
67 365
116 296
199 215
344 431
197 91
29 261
37 391
195 198
280 201
36 259
264 93
237 355
257 93
293 9
265 15
156 128
112 315
243 332
19 378
38 335
92 52
355 14
131 293
404 270
140 274
447 171
188 209
114 179
428 170
360 102
246 80
185 292
37 430
456 255
289 318
222 450
197 441
233 228
71 321
143 267
328 322
266 180
68 364
244 379
408 454
335 319
1 361
285 43
225 294
185 371
141 103
438 44
403 62
107 259
108 409
390 302
154 332
256 108
28 405
196 353
403 183
439 174
324 406
327 344
65 215
266 109
79 223
35 427
429 177
353 446
443 316
251 192
60 422
210 394
109 193
306 98
7 9
143 436
265 135
21 373
219 361
394 23
327 432
35 412
135 332
270 240
163 201
350 94
258 434
263 122
234 117
10 200
136 382
294 55
238 414
8 230
90 454
439 318
194 269
55 95
278 175
242 394
444 259
451 275
340 381
454 280
81 373
442 329
347 305
384 2
304 283
152 297
266 19
97 27
401 431
48 235
143 186
443 367
257 250
212 12
207 37
172 44
174 181
90 452
400 55
239 335
334 181
119 284
160 132
118 185
401 75
273 328
18 268
321 30
311 110
237 255
356 233
364 266
282 195
39 291
69 339
308 272
7 32
112 377
423 450
432 446
220 379
222 170
330 88
209 22
286 73
332 120
170 158
160 74
411 447
136 344
424 201
246 397
298 138
425 146
400 13
177 36
419 123
141 229
150 385
37 220
173 311
90 234
172 294
421 36
455 345
342 275
380 430
148 72
347 114
49 165
367 36
331 205
396 91
386 285
137 242
277 421
46 61
372 204
109 41
450 393
328 214
19 269
354 392
28 276
443 214
33 454
229 433
291 129
194 67
53 46
266 329
402 244
409 172
381 62
91 431
24 40
300 430
216 272
219 134
43 72
328 158
417 221
312 318
44 450
28 275
283 303
33 415
318 24
147 32
32 266
237 97
240 117
100 149
237 50
410 442
225 200
399 274
249 295
276 77
454 104
247 26
341 400
104 421
36 132
221 442
127 287
144 130
250 324
417 191
10 122
381 441
114 357
48 193
280 331
175 339
177 193
62 444
266 116
342 203
381 107
152 85
264 220
440 252
225 189
268 61
162 175
114 212
319 17
86 170
141 436
304 93
126 289
173 177
437 370
367 66
248 92
136 330
116 439
206 98
196 197
66 326
398 123
448 444
171 396
139 303
410 308
335 346
23 297
104 26
134 295
148 319
19 379
12 67
209 183
76 90
325 377
314 221
362 344
223 273
312 83
357 238
128 391
340 218
454 192
433 357
83 303
177 416
182 420
299 244
348 393
42 401
171 115
358 159
96 194
289 377
304 332
437 367
444 45
100 19
48 226
54 291
65 17
395 95
408 112
18 400
49 280
234 156
83 375
451 386
329 33
400 17
54 66
283 215
159 166
71 438
204 391
141 130
104 84
432 238
198 150
144 374
95 350
333 290
443 374
430 388
14 435
112 126
265 189
382 24
417 371
215 234
315 405
119 259
369 452
333 192
205 320
234 357
230 228
21 427
101 379
309 69
370 8
322 286
129 246
277 218
441 279
240 54
254 321
447 158
169 51
81 40
319 426
11 246
85 171
279 419
54 250
444 47
179 402
47 416
76 86
326 79
13 274
184 318
66 343
299 130
374 331
248 196
378 394
168 55
116 420
346 210
277 91
81 185
82 420
5 420
340 251
60 398
340 71
412 23
127 212
166 213
39 370
178 221
328 36
45 244
177 18
326 190
377 237
230 281
350 325
115 311
147 97
90 391
93 138
148 167
272 267
120 96
154 391
296 325
389 52
4 426
311 256
407 17
184 130
180 436
45 298
358 321
109 270
307 269
38 336
348 311
258 224
331 77
193 282
117 455
249 203
396 38
109 351
262 105
382 95
50 161
55 86
441 400
160 182
267 356
273 406
248 430
423 221
360 359
338 382
320 11
321 276
295 131
420 261
415 46
226 140
77 313
66 32
427 188
87 255
15 391
398 305
250 133
136 190
285 332
29 268
70 93
98 45
371 218
360 190
444 196
206 209
45 6
125 137
124 91
97 60
323 329
420 98
224 372
314 267
288 43
360 218
404 283
284 276
161 400
365 418
93 393
234 455
251 3
313 452
252 256
373 352
69 251
362 344
50 43
310 399
327 151
438 25
433 429
323 408
68 152
143 206
317 237
237 137
370 37
79 305
247 431
168 359
388 337
3 453
102 81
117 449
67 240
382 241
295 373
309 61
292 373
290 281
385 35
278 53
140 65
208 277
172 328
292 303
324 21
349 158
125 321
69 80
171 348
130 146
417 31
144 284
249 112
56 348
316 369
193 107
381 9
11 426
235 62
96 34
335 118
441 272
344 84
150 221
208 334
49 266
390 189
449 421
287 448
353 320
206 42
227 14
348 391
74 425
340 321
305 9
353 15
183 251
79 440
212 110
110 192
305 225
256 65
61 331
199 99
94 414
146 172
256 250
265 402
27 438
295 394
418 83
245 445
171 293
173 102
275 178
28 25
151 290
334 395
81 130
292 392
449 213
236 201
198 73
49 314
173 92
176 285
125 354
256 287
360 287
121 370
145 429
262 197
42 433
133 182
186 134
326 97
2 446
154 308
391 391
191 128
119 363
166 67
247 433
45 297
159 244
254 17
189 401
425 19
428 194
100 327
63 302
386 27
387 215
229 353
25 82
9 326
282 255
182 35
199 260
225 370
70 108
246 189
401 52
273 142
240 245
181 257
400 303
229 418
123 250
308 351
147 359
71 333
205 37
419 404
184 131
102 456
356 144
42 133
116 288
389 382
429 359
298 42
349 421
400 414
227 49
257 220
292 218
238 289
377 155
341 420
278 211
319 74
161 269
138 14
143 169
264 50
215 184
84 96
46 143
205 266
58 53
141 58
317 21
408 316
415 194
19 312
33 122
15 301
144 102
190 286
126 82
76 168
69 368
302 214
367 131
92 112
37 131
172 101
68 11
212 384
145 413
88 230
17 422
225 26
52 370
191 400
380 452
451 299
355 23
80 355
375 368
121 339
432 398
130 28
332 31
75 328
60 293
122 346
382 66
299 1
86 70
319 385
206 443
187 84
188 335
409 420
333 423
25 436
13 362
378 386
429 316
171 139
339 148
131 365
128 318
267 237
333 428
169 286
35 286
94 157
402 76
18 40
151 174
427 394
365 101
65 328
361 25
200 91
49 450
372 365
225 126
104 344
125 6
379 12
405 280
228 405
131 123
96 290
316 261
450 426
263 220
336 361
368 225
215 452
413 262
27 260
5 294
356 250
430 149
315 66
309 270
449 20
315 216
270 185
136 199
444 239
454 397
69 285
437 315
334 187
82 335
425 30
152 31
442 304
363 359
289 14
290 295
330 6
294 412
150 158
351 204
177 292
65 223
426 320
368 334
45 8
47 403
268 386
126 23
122 9
283 23
412 376
265 114
452 102
75 167
6 3
21 156
259 199
184 65
410 214
