422 9276
10 254
12 151
12 210
184 40
230 344
412 192
295 280
329 266
164 208
286 338
318 11
77 280
84 418
128 291
276 66
400 288
269 406
292 132
256 369
180 104
379 267
413 352
91 62
205 5
283 82
44 85
357 286
127 155
292 75
76 324
413 33
294 61
13 59
168 329
302 315
48 53
134 260
342 156
29 162
121 372
73 284
372 12
52 321
173 37
398 216
68 362
375 142
40 103
122 240
142 315
387 373
376 408
280 119
111 176
403 309
55 372
45 291
412 226
227 299
270 374
388 373
250 130
2 358
261 143
153 111
201 421
372 267
68 261
177 11
39 139
123 129
75 397
14 33
391 422
144 120
372 22
85 335
34 307
191 30
230 391
172 283
273 365
308 345
53 181
178 140
13 71
298 196
79 118
322 318
97 300
399 330
116 329
192 374
333 76
29 350
162 359
292 205
90 79
366 123
241 137
206 422
114 277
51 81
131 62
228 298
79 413
359 216
237 250
353 71
138 157
408 177
170 243
216 394
90 157
151 149
305 420
72 202
36 370
405 315
405 371
406 23
211 97
379 231
178 242
148 89
262 9
284 375
97 334
239 274
209 333
359 101
47 386
161 124
383 127
89 27
198 290
27 252
216 387
11 217
40 347
311 266
176 13
264 40
248 5
168 216
26 145
175 320
277 186
65 411
282 240
133 115
313 300
277 152
274 278
239 242
322 273
323 379
379 421
269 248
411 215
268 6
52 282
290 12
224 54
231 243
214 180
192 96
85 237
241 94
189 276
22 52
271 280
283 73
329 218
148 127
94 301
198 248
68 198
393 19
76 138
47 227
88 335
328 23
73 358
279 374
143 184
381 167
74 145
223 112
110 113
34 369
200 81
333 21
201 415
48 96
214 255
239 404
79 305
362 363
196 196
28 363
179 409
215 359
205 209
8 311
255 375
353 127
263 310
124 399
97 247
185 193
377 345
390 139
79 338
316 390
266 409
39 227
408 240
222 50
409 53
335 150
4 281
126 189
17 143
310 22
316 84
56 60
343 136
280 365
355 357
413 62
123 40
416 69
181 259
13 158
20 287
195 60
9 297
378 41
325 292
176 45
46 100
421 265
43 50
89 101
300 28
99 333
110 115
16 355
222 336
171 50
210 169
36 267
81 73
114 144
405 30
110 91
422 4
200 239
357 148
32 350
84 157
98 299
226 288
317 404
76 77
33 410
331 396
195 294
421 401
354 44
189 168
268 251
401 86
17 222
276 371
55 353
69 375
32 188
170 329
8 331
44 262
236 17
68 270
255 304
221 83
131 227
64 311
11 373
349 88
260 290
250 366
101 226
218 55
151 257
228 394
218 72
88 9
298 244
58 23
186 13
178 172
221 241
2 98
276 413
343 248
151 19
417 329
181 273
218 13
189 71
16 419
307 414
156 97
411 414
363 1
105 136
6 303
246 103
18 330
101 396
280 113
317 380
216 78
223 368
200 276
7 173
53 418
260 182
358 68
74 11
356 344
65 176
169 372
73 54
79 266
303 187
168 132
17 335
226 194
69 371
278 367
253 422
8 63
162 201
233 124
372 263
368 31
328 382
271 413
43 133
130 357
250 148
357 334
196 289
52 422
408 387
363 369
58 223
98 262
396 169
177 266
411 231
58 274
92 388
411 83
353 309
271 181
179 192
172 288
100 316
320 159
334 2
209 80
294 321
411 360
142 371
94 86
112 68
348 295
8 156
283 91
252 151
53 295
91 384
212 135
333 195
162 248
272 382
309 267
97 223
148 123
378 332
103 339
46 224
214 339
18 199
93 269
366 230
222 422
285 385
296 192
108 37
103 206
200 421
261 315
335 270
404 105
127 318
18 16
317 329
178 189
40 229
326 280
86 183
398 17
106 164
20 105
209 267
3 329
368 297
127 217
44 202
206 212
225 137
214 125
166 132
310 184
176 3
256 64
230 382
181 263
287 414
401 265
229 73
107 157
125 418
148 342
4 144
335 60
213 237
195 344
83 9
40 277
262 361
405 143
355 130
267 351
119 184
196 116
85 326
421 370
221 299
113 104
223 172
110 205
42 288
69 91
306 11
13 115
154 153
218 77
71 416
336 305
347 140
10 366
93 395
25 141
251 128
230 167
387 29
303 325
208 404
37 377
226 260
38 273
212 80
170 297
66 290
358 65
273 164
133 80
316 160
210 98
176 170
84 323
137 219
297 421
422 96
68 386
148 130
357 23
333 371
244 69
265 198
83 355
280 276
170 167
328 335
272 290
309 381
119 144
325 33
141 134
258 49
274 210
222 26
143 82
230 101
259 149
13 77
384 135
386 200
245 93
145 328
367 13
20 254
318 212
274 340
6 296
85 140
153 73
165 348
318 321
199 280
277 29
226 203
200 259
270 326
201 387
6 158
12 350
263 288
51 12
211 138
363 259
264 154
126 153
10 353
98 86
118 6
132 253
401 210
314 259
42 350
117 203
141 319
120 370
262 304
110 262
92 60
77 304
414 46
230 274
260 268
117 31
81 49
405 177
406 184
132 208
136 36
102 297
147 89
86 1
80 336
342 126
194 320
278 358
161 202
151 173
173 288
344 282
37 364
96 352
114 406
57 335
379 198
361 177
251 63
94 391
75 15
71 306
243 154
146 332
239 100
67 324
139 244
221 211
78 270
164 270
219 161
11 148
310 236
415 366
381 162
63 323
175 227
175 28
402 237
250 17
348 225
86 25
159 402
285 44
48 365
323 408
172 405
221 286
135 29
403 417
5 341
238 338
69 206
415 307
270 67
41 404
106 372
299 202
345 306
291 135
351 60
414 364
351 145
353 271
284 135
103 239
285 300
147 268
202 266
178 275
405 13
133 40
213 18
74 194
157 136
252 152
40 345
74 328
215 202
160 268
173 175
308 153
348 146
15 139
36 137
302 174
301 416
82 332
414 199
196 104
137 278
15 184
22 135
197 333
330 101
101 239
391 351
98 376
340 15
84 304
276 342
368 188
183 304
363 158
418 367
81 9
196 54
105 300
351 235
173 104
230 2
224 338
124 384
306 187
223 227
270 395
208 59
207 161
68 147
192 240
208 328
223 126
343 282
216 144
199 101
186 407
401 153
307 326
168 402
129 294
131 309
55 28
93 31
328 228
114 333
232 46
177 286
157 171
240 100
370 23
6 173
114 227
134 237
298 298
93 98
103 256
359 43
382 315
112 417
144 46
58 305
22 314
194 53
20 205
348 298
266 74
261 331
303 366
338 393
407 31
299 66
255 296
24 73
20 350
3 116
391 37
177 398
82 307
73 377
304 95
135 280
377 379
416 202
16 147
259 309
128 100
41 95
50 377
122 218
237 117
127 199
389 346
218 191
407 397
201 228
295 5
106 68
177 264
253 94
46 200
326 326
317 361
151 341
36 252
24 115
6 418
14 53
1 226
342 149
264 190
59 6
303 291
343 112
3 10
197 130
166 116
259 70
328 203
210 381
394 216
271 404
204 117
70 393
321 365
249 230
194 352
263 60
156 301
43 34
135 398
58 182
295 27
321 27
152 306
244 24
343 246
400 69
14 335
208 273
394 419
85 408
49 11
349 309
370 364
91 404
412 319
395 315
65 324
248 388
296 128
72 363
315 84
23 188
11 407
261 125
408 259
313 267
87 380
371 251
172 254
177 164
355 333
62 176
139 101
2 218
182 375
56 228
131 217
29 163
422 136
6 143
21 200
12 241
367 381
124 258
374 234
393 9
54 398
90 72
346 311
220 407
166 81
385 97
264 93
226 166
115 12
169 420
394 303
37 105
20 138
374 336
38 307
210 263
354 334
226 375
254 328
293 266
40 298
5 340
303 49
30 259
33 277
377 265
79 25
377 202
183 249
331 415
215 81
119 194
157 155
57 389
188 316
168 78
122 166
108 14
393 163
290 363
391 395
396 293
328 141
172 404
111 64
182 409
104 7
227 294
350 334
35 367
374 74
109 403
221 377
26 340
88 20
102 56
235 168
380 191
200 52
347 340
131 149
89 192
34 404
416 375
246 313
143 11
294 80
363 298
322 83
58 41
158 236
329 76
250 367
196 211
227 325
337 366
11 309
373 226
29 302
224 81
186 385
361 239
269 178
158 283
293 190
320 53
90 240
279 241
117 372
164 159
203 290
418 99
66 396
301 198
5 388
271 28
267 127
260 283
302 321
409 337
159 417
378 62
52 158
237 86
47 379
108 262
240 1
106 319
6 76
86 160
136 325
248 331
88 243
78 207
193 142
193 132
206 116
328 339
206 10
265 377
221 203
331 321
28 89
151 62
87 60
414 339
212 77
221 235
209 335
261 252
57 282
380 361
20 10
380 111
407 183
31 343
95 73
265 219
95 265
280 173
22 82
217 121
269 62
247 218
169 14
193 84
15 38
123 190
175 167
50 105
231 329
105 220
197 378
163 414
127 283
284 69
294 117
370 292
204 284
46 327
338 180
93 186
139 52
280 135
72 148
114 317
44 304
34 265
344 114
269 205
97 402
113 26
218 225
231 165
410 27
347 418
362 219
64 260
395 65
332 73
301 333
45 327
305 168
333 224
30 399
406 237
279 260
370 287
324 176
358 376
263 168
90 306
96 202
315 169
148 44
247 354
223 356
203 388
254 113
130 140
402 411
26 287
363 148
401 352
29 348
358 196
268 230
341 287
207 152
31 285
171 362
293 393
85 230
358 123
394 123
81 3
246 282
223 370
419 416
263 408
13 231
314 320
411 226
278 202
404 278
94 391
64 180
338 418
248 389
294 124
110 159
153 277
195 277
111 220
58 258
202 105
332 102
353 137
374 164
388 243
75 322
184 180
23 417
74 177
130 275
243 296
226 105
304 380
109 318
240 84
258 3
403 346
43 329
170 193
120 336
207 325
222 5
65 128
360 331
103 86
97 308
123 213
385 190
137 321
26 51
272 134
23 154
216 89
329 152
273 160
194 207
181 50
41 243
73 269
200 162
219 19
201 301
164 352
262 206
79 419
402 109
56 349
94 389
25 95
272 196
52 53
132 137
81 335
329 170
199 383
398 301
374 49
309 413
153 135
227 226
121 370
268 2
279 186
270 46
366 283
195 29
372 101
184 93
330 117
334 292
35 230
25 88
201 348
335 80
253 165
138 33
22 119
90 301
295 112
130 109
254 52
11 354
419 331
373 325
214 180
395 114
272 224
81 408
290 272
254 217
346 70
174 253
369 268
305 16
198 52
393 243
317 156
27 243
288 18
66 56
318 393
198 312
59 4
398 213
368 152
302 21
74 102
106 276
231 194
229 313
192 356
341 309
272 94
279 255
2 103
139 33
119 344
357 230
419 345
308 330
164 117
46 105
138 241
414 266
77 332
298 402
198 239
362 385
235 396
103 190
115 179
129 281
179 160
276 273
230 232
381 263
194 170
247 382
310 169
12 46
377 33
121 408
41 282
136 145
36 225
204 422
379 199
51 218
295 108
97 12
283 140
230 417
152 197
386 142
60 75
294 131
419 274
164 311
72 104
300 105
156 208
67 79
169 233
311 160
84 375
106 135
354 67
206 1
269 192
121 195
413 16
213 14
184 270
47 293
345 61
159 210
238 76
114 17
410 321
173 293
409 105
334 313
203 208
102 282
100 83
297 149
361 259
236 159
344 143
202 174
109 406
409 402
270 101
317 367
40 201
4 32
45 105
167 300
25 36
322 173
193 88
372 193
119 75
83 384
256 92
111 125
37 96
301 50
124 382
27 106
160 96
140 413
292 262
120 400
85 12
32 389
74 57
74 125
169 179
213 181
202 388
338 336
43 80
309 395
168 291
96 406
348 60
176 342
160 243
104 230
300 135
379 261
50 355
263 407
34 241
310 82
255 187
227 124
25 205
111 35
66 202
99 332
286 27
138 416
63 59
3 308
117 51
2 396
269 8
367 50
230 69
377 362
55 69
293 208
422 149
67 346
350 197
122 14
338 162
204 239
402 150
317 252
269 198
154 291
384 100
219 138
213 124
97 98
72 257
361 136
172 344
35 227
328 380
267 46
245 171
126 8
122 52
322 5
305 112
78 123
180 31
5 100
62 342
391 36
77 279
41 192
156 247
418 157
215 58
316 162
85 344
109 192
78 175
387 50
326 201
409 302
361 257
357 154
5 223
19 316
416 192
336 78
343 239
18 413
348 166
84 312
166 96
167 18
334 225
158 238
286 44
159 51
199 371
160 175
55 158
81 161
417 13
335 73
303 135
233 337
187 119
225 312
83 266
193 213
319 110
79 207
358 316
16 276
402 23
393 19
84 187
326 193
138 375
21 238
152 322
359 199
118 227
66 276
83 139
63 41
346 233
183 24
385 19
163 320
235 213
123 260
158 321
72 340
290 162
150 85
21 11
125 346
375 191
43 347
214 316
81 184
172 80
255 265
389 263
334 380
174 259
347 198
17 92
85 54
125 58
97 359
403 33
171 392
111 126
151 244
196 291
53 51
198 244
393 330
406 137
93 204
345 151
402 331
298 384
347 32
320 173
23 61
233 62
231 291
274 198
309 332
260 49
36 241
408 25
388 8
126 55
62 161
32 262
416 147
101 279
336 47
269 391
26 147
217 249
170 207
333 350
163 306
378 8
372 171
217 125
209 319
297 404
399 228
366 88
244 229
149 389
128 145
147 223
97 16
179 421
6 303
135 350
115 292
52 372
417 290
270 132
362 328
48 260
167 412
220 249
195 161
388 178
2 87
413 182
396 63
300 241
225 113
236 269
251 197
289 74
350 407
412 251
394 367
15 399
183 56
394 137
366 280
131 268
297 199
215 89
395 4
308 93
390 181
156 149
240 215
397 284
279 34
306 50
236 83
390 240
214 264
134 24
329 357
215 137
122 34
318 212
153 339
99 407
29 312
218 372
326 16
29 128
249 362
403 302
371 247
258 309
18 72
386 376
266 402
237 322
45 361
220 262
153 264
91 381
64 262
204 269
181 271
369 101
383 374
58 95
228 174
126 405
415 387
331 415
186 361
74 55
27 245
19 94
8 421
413 275
178 380
378 361
169 293
181 6
141 138
280 83
103 59
137 371
243 133
33 3
32 418
119 107
420 273
132 93
109 320
174 97
283 395
110 42
54 336
328 181
147 274
39 265
263 418
56 144
57 178
279 34
213 183
340 370
415 384
303 230
234 175
349 60
228 234
173 36
67 161
204 415
141 316
313 208
164 382
301 421
369 296
191 389
255 92
92 408
314 409
94 82
264 136
273 347
230 380
79 173
333 363
146 405
222 330
2 14
393 365
136 266
37 41
4 190
307 176
282 353
196 298
44 340
369 243
52 8
61 129
70 213
242 202
247 369
372 276
130 184
74 308
274 363
76 22
223 42
326 308
127 326
409 390
215 151
173 38
72 364
17 326
106 53
325 292
410 332
400 181
354 299
389 244
264 249
81 206
223 170
120 43
217 225
145 63
416 245
123 282
114 157
244 193
412 223
366 226
292 312
250 351
373 19
415 78
355 149
270 290
123 319
370 195
76 80
186 147
52 282
109 12
363 372
95 180
181 352
171 38
119 183
128 400
373 80
356 226
67 191
213 276
49 24
395 387
242 77
266 117
116 51
56 299
118 279
149 91
174 117
105 37
262 10
113 232
331 387
308 370
186 250
129 267
20 343
367 399
172 303
276 340
342 67
382 284
88 239
97 216
150 268
144 93
372 329
392 339
135 324
415 109
214 360
349 119
54 286
2 79
401 297
30 390
26 369
362 214
257 230
70 9
201 98
97 319
334 363
216 303
80 131
86 83
30 50
271 102
175 367
391 212
349 294
392 254
250 292
138 373
187 18
47 237
413 33
264 30
225 373
169 138
398 283
165 420
60 242
362 153
68 72
308 306
161 306
143 132
78 421
414 111
78 410
345 187
402 35
188 356
213 288
121 383
134 84
305 364
212 240
55 123
390 362
381 136
262 264
342 26
414 151
42 225
111 32
371 374
134 134
366 12
154 419
261 405
4 337
168 418
97 18
5 131
421 304
77 294
294 250
164 365
167 106
131 385
332 227
28 110
208 374
344 255
315 52
173 149
375 396
218 319
375 369
1 340
212 376
130 111
360 253
133 179
269 194
2 110
95 295
67 180
342 162
418 170
80 119
166 115
239 319
96 222
328 15
123 18
152 167
44 85
130 414
197 253
352 74
76 296
209 76
324 372
270 69
104 374
394 15
263 103
136 138
402 42
321 354
33 324
229 132
57 397
180 208
81 33
292 176
128 300
220 106
49 43
411 279
111 68
148 289
94 327
330 375
189 12
413 138
91 197
283 201
259 236
13 82
31 404
23 306
364 255
195 138
275 261
208 91
214 49
102 176
188 300
181 308
17 163
294 414
325 138
24 380
154 133
211 176
285 231
178 134
28 108
265 196
74 259
354 328
83 95
205 2
250 102
345 119
26 214
352 240
409 227
110 84
98 267
84 284
19 412
254 399
259 94
319 173
235 330
334 109
324 419
394 179
223 267
400 324
312 255
23 324
57 7
388 53
422 286
300 202
11 107
157 286
31 36
340 220
223 12
267 310
47 225
330 367
214 39
171 270
89 223
1 130
374 345
313 247
31 84
120 113
55 101
142 218
108 274
365 130
142 278
135 40
275 265
9 332
151 62
79 226
323 267
358 78
209 263
189 243
150 258
110 124
277 102
342 93
258 82
137 354
127 389
245 12
212 178
395 130
105 313
216 14
311 408
122 215
310 280
179 17
77 211
67 31
214 278
178 172
269 81
377 240
293 340
296 59
372 211
33 278
21 80
140 119
86 5
83 68
180 10
180 313
195 282
176 408
57 395
68 32
173 22
26 45
402 13
323 351
239 168
13 193
104 147
308 390
7 115
254 76
301 415
46 189
100 111
360 155
152 360
209 203
81 262
55 420
285 182
232 93
242 145
266 244
285 174
232 109
293 389
273 365
159 73
389 190
19 377
11 307
120 72
8 187
151 328
344 11
400 15
161 183
29 332
409 231
133 94
16 225
70 274
226 2
148 419
216 215
42 8
128 86
88 250
365 349
151 328
228 132
273 377
130 44
79 201
416 113
81 222
252 176
388 148
305 80
279 135
289 159
309 320
360 230
286 341
155 263
183 397
173 131
22 202
358 337
56 188
91 134
267 171
239 268
127 392
351 374
147 296
202 200
352 387
379 252
269 315
281 412
41 128
35 397
411 237
367 181
411 121
181 163
260 218
354 94
414 409
75 91
385 318
261 146
25 137
273 94
342 379
140 246
380 299
6 159
277 383
103 393
335 129
83 199
293 262
361 218
10 112
275 252
55 108
274 300
181 13
380 301
135 131
66 90
336 105
285 239
255 261
40 100
365 401
63 260
134 382
246 311
257 149
285 144
235 128
322 303
220 227
163 191
222 119
156 135
30 30
264 197
201 138
312 73
107 181
220 115
391 184
123 30
287 4
352 246
384 101
91 410
323 23
53 125
264 274
252 154
204 271
223 139
232 410
364 398
83 157
322 82
50 321
106 326
302 62
82 381
279 412
152 362
152 110
388 260
183 94
374 11
60 363
78 261
261 359
60 69
196 359
278 373
359 370
301 50
233 340
319 4
324 421
185 115
12 369
369 26
408 151
339 220
149 272
374 320
133 60
133 345
98 66
161 10
155 326
9 146
215 279
222 293
150 95
373 362
300 410
226 42
263 320
203 83
387 72
93 359
134 46
211 160
49 398
81 114
414 87
25 310
174 355
53 178
374 29
47 260
307 412
37 383
180 192
88 391
174 154
66 168
151 106
139 378
387 360
211 401
266 50
327 284
247 337
166 146
310 358
108 208
240 333
237 291
204 27
409 391
220 262
384 49
199 292
105 2
100 270
378 150
130 31
404 282
161 267
14 319
263 380
39 369
380 214
223 6
245 339
116 198
193 55
245 358
234 245
98 371
140 26
167 217
85 49
312 124
368 237
367 263
53 400
158 172
93 319
249 311
162 160
161 85
133 135
97 303
367 348
14 372
274 49
4 275
31 172
342 300
393 206
418 318
253 391
239 328
187 14
38 226
198 150
340 262
108 341
271 281
350 176
128 143
39 84
55 212
349 309
214 121
325 170
125 395
100 232
191 272
267 302
7 413
138 237
232 378
222 205
307 95
251 275
181 63
16 405
309 140
332 68
88 239
285 127
322 340
161 242
68 355
238 217
111 81
13 113
126 405
63 390
207 220
62 36
310 421
394 381
348 300
271 141
305 170
145 100
195 328
151 262
327 422
389 274
85 252
205 231
312 393
64 195
98 88
89 39
143 56
100 415
405 178
89 421
181 144
71 81
341 62
102 266
382 209
399 170
110 382
131 143
387 4
360 322
203 367
350 153
377 285
169 310
50 349
384 209
402 371
42 35
403 2
14 270
104 312
266 383
400 9
333 207
274 298
284 57
297 393
36 354
346 358
394 139
241 282
312 317
183 377
69 312
9 332
216 349
261 225
269 322
422 180
399 125
103 59
279 386
17 57
135 70
403 418
272 32
15 376
70 206
339 410
68 54
330 212
308 319
118 271
415 239
222 138
87 417
274 256
58 124
143 75
389 261
106 114
262 161
205 223
91 402
207 204
208 85
125 273
379 413
291 78
251 369
263 92
13 390
395 55
218 166
6 63
358 176
325 209
400 43
331 191
191 247
193 334
225 408
13 70
2 396
271 332
302 233
19 163
62 292
2 328
21 88
178 272
21 90
180 224
81 366
168 372
306 353
237 359
18 354
74 355
201 328
299 107
111 74
96 68
58 175
368 419
49 381
214 120
280 46
22 94
313 161
362 313
106 110
98 99
297 172
334 417
307 330
162 13
226 107
214 7
329 315
58 213
252 256
367 410
290 77
358 397
385 260
419 20
358 242
49 352
285 375
257 197
234 82
341 174
224 130
174 53
232 90
168 226
57 31
49 241
276 412
412 161
352 40
67 48
254 52
27 360
399 226
85 311
109 83
155 179
411 415
222 177
339 289
51 140
251 266
273 226
105 158
247 106
82 138
214 150
39 387
387 93
252 141
84 182
312 305
321 315
61 250
97 421
227 154
167 110
334 273
181 280
174 364
333 350
82 169
178 146
59 413
416 243
118 18
90 295
52 308
408 141
120 286
58 156
191 274
139 234
189 132
73 282
129 154
171 421
1 159
95 174
395 312
21 315
378 10
16 49
397 16
269 253
147 375
116 365
51 189
394 371
308 140
371 165
123 318
238 254
286 225
381 154
275 252
407 250
326 389
178 155
317 190
74 5
231 310
403 232
135 277
323 403
344 136
125 6
366 199
122 49
306 31
380 264
200 308
223 238
77 125
202 163
287 271
399 337
362 1
61 98
348 143
157 333
396 396
150 368
305 181
93 183
44 124
183 352
328 90
179 162
416 197
350 266
404 37
212 403
16 1
56 201
266 101
390 304
347 298
357 20
98 316
224 209
406 71
296 177
237 116
262 275
277 343
265 353
271 335
82 379
322 267
162 261
385 48
417 73
291 63
81 77
76 153
407 226
389 124
361 304
271 304
264 384
376 49
167 342
5 267
161 326
347 155
402 176
297 350
338 344
305 70
104 176
221 14
171 366
2 175
314 342
229 316
95 252
191 34
238 111
14 409
162 146
380 314
128 374
389 16
30 309
187 398
13 388
75 120
257 65
360 148
86 135
9 303
340 52
118 28
28 324
187 148
151 310
125 4
387 223
306 102
37 167
362 352
306 321
51 5
109 403
35 215
310 71
56 21
179 90
393 380
339 389
310 283
74 295
411 52
52 315
299 301
71 394
150 344
30 278
70 350
125 192
165 119
346 226
366 79
60 313
230 62
69 52
394 213
122 260
337 23
235 309
325 397
378 323
211 258
140 160
308 375
301 122
241 215
149 114
238 397
176 418
349 64
99 298
19 97
259 90
237 97
406 154
167 6
97 194
251 167
60 301
193 43
259 150
348 249
330 293
213 310
164 250
167 208
325 371
124 182
276 196
361 247
201 296
305 56
113 401
140 409
74 215
75 96
75 12
393 233
85 172
320 138
325 396
5 171
320 168
187 123
259 273
311 376
222 45
356 53
210 375
225 308
66 97
343 14
215 60
264 118
203 413
314 260
362 366
203 163
5 9
352 214
13 261
74 210
173 49
93 122
262 29
245 206
28 353
20 145
301 405
414 261
182 35
364 240
304 267
375 141
241 363
13 88
345 420
52 268
40 323
13 221
185 204
19 152
189 383
376 200
182 43
178 413
2 238
266 209
106 154
386 87
187 389
406 296
331 220
77 33
321 250
185 283
194 278
250 200
291 223
136 283
156 124
351 37
12 107
104 359
15 243
371 344
406 112
330 95
142 45
49 8
272 223
299 416
157 382
284 323
235 183
13 214
27 66
249 366
378 23
376 149
308 204
257 410
350 319
76 215
223 254
66 91
287 218
359 380
157 97
185 292
308 205
253 6
395 76
84 351
54 76
363 253
187 378
100 398
279 245
304 382
253 322
43 128
277 166
43 188
284 404
332 292
392 305
105 397
96 260
324 359
138 298
329 30
319 232
222 413
345 260
342 132
108 344
279 157
4 421
77 262
234 146
64 114
109 241
261 134
268 124
327 162
148 146
388 142
298 81
411 50
200 208
304 129
391 365
278 291
115 94
200 65
406 190
274 282
421 227
319 272
168 368
58 239
66 73
227 228
342 345
206 112
149 312
44 361
208 229
308 146
174 418
327 266
334 253
378 316
31 8
31 378
131 161
404 186
295 75
118 18
370 104
95 142
245 315
80 100
227 382
405 193
270 4
292 365
306 407
163 43
344 108
128 409
257 40
167 49
333 178
60 331
46 421
316 202
8 77
211 168
18 92
160 420
212 168
175 197
67 184
18 167
100 110
340 214
236 379
65 159
370 229
160 306
415 166
308 329
303 379
181 390
143 124
90 75
140 231
196 155
21 228
262 16
243 277
258 111
130 223
272 172
208 142
82 387
36 346
162 309
217 28
159 6
101 377
341 266
331 313
159 98
378 385
100 142
319 297
388 209
373 361
75 201
13 246
132 333
226 185
300 326
109 326
310 80
178 255
411 86
252 250
124 299
322 48
192 348
371 51
30 397
199 120
228 379
387 244
30 304
65 150
135 346
140 303
366 142
211 381
202 73
327 106
132 282
274 383
247 105
243 125
183 55
287 120
12 335
187 261
397 344
49 183
420 75
282 347
64 86
314 372
227 75
36 200
236 311
406 125
67 4
263 230
118 4
371 210
240 59
4 102
56 370
144 342
311 303
234 240
96 315
313 366
37 122
79 7
385 331
53 217
387 60
357 265
119 26
393 127
24 139
416 119
125 174
31 353
371 196
194 134
125 180
409 373
311 254
170 18
414 111
338 175
178 3
412 390
401 164
137 122
167 239
77 309
89 54
91 252
15 24
121 18
52 47
418 346
13 242
153 97
153 25
87 120
107 91
326 239
125 237
102 285
153 399
14 67
319 205
371 166
66 142
245 27
410 165
65 214
109 338
6 105
113 264
227 105
355 9
47 45
164 68
98 9
10 286
35 260
15 123
124 64
230 216
47 293
223 31
248 224
367 317
163 251
185 265
141 224
224 117
187 182
63 138
351 276
366 146
71 337
150 289
420 324
143 257
26 40
392 17
120 32
419 91
46 368
322 96
118 71
250 137
337 205
377 359
200 119
138 164
274 214
152 311
252 170
184 364
78 254
399 63
61 294
236 158
204 256
80 373
202 369
285 116
285 248
62 54
32 349
400 136
406 362
203 148
190 9
272 270
338 157
107 125
234 337
315 249
249 245
164 172
215 312
160 300
299 147
405 384
76 79
369 255
147 89
418 368
419 207
379 322
245 143
394 253
102 104
107 121
113 111
112 134
89 24
291 245
237 238
22 170
354 293
107 211
371 313
388 3
328 170
149 371
300 415
187 271
315 28
96 193
140 166
64 202
124 133
297 67
422 297
376 331
4 39
186 208
19 285
375 312
60 234
370 129
221 318
167 127
403 46
268 87
39 40
138 153
190 342
2 70
381 231
99 245
19 89
30 145
266 185
324 319
206 149
18 406
79 123
139 73
243 38
85 197
143 278
225 326
113 251
325 26
139 260
363 126
93 194
406 169
114 298
325 190
158 97
419 394
185 341
153 282
226 417
363 243
291 333
48 57
366 400
394 249
105 112
305 323
397 194
116 171
420 176
53 318
174 86
291 239
351 182
234 50
145 44
227 92
236 290
150 374
277 226
240 224
388 6
272 295
46 322
170 181
315 159
103 225
313 44
96 305
283 36
184 277
80 129
341 208
359 31
350 53
179 413
354 215
246 376
88 232
52 306
291 330
327 404
131 230
309 4
375 321
316 48
195 96
363 248
361 322
304 124
101 232
308 179
7 77
46 97
371 129
15 197
12 267
129 144
147 363
92 314
90 32
324 175
166 49
49 118
103 309
254 259
143 167
29 109
329 145
206 19
326 204
90 360
80 279
189 402
331 321
61 174
25 141
239 274
90 363
401 148
413 261
111 335
178 57
258 396
20 335
25 399
170 42
36 175
379 354
418 354
331 251
124 125
170 77
241 105
399 65
266 262
366 86
393 35
131 64
144 209
279 14
117 259
409 331
238 276
141 418
66 331
113 380
395 252
385 272
215 155
268 397
333 362
312 144
154 257
218 219
178 363
392 154
348 188
345 340
291 105
305 278
233 416
402 201
247 280
113 378
356 169
313 2
121 277
375 92
310 255
184 397
33 133
202 115
23 290
113 153
9 408
314 208
58 372
40 147
299 117
201 334
216 265
354 55
401 192
323 327
398 200
173 215
404 369
237 323
242 139
267 53
243 392
72 74
245 130
264 289
151 287
315 41
417 355
146 240
148 355
367 354
415 257
243 145
228 240
399 166
184 188
368 266
370 388
311 45
337 121
149 140
163 48
110 271
190 405
304 98
210 8
203 43
367 90
286 172
108 204
220 162
180 60
308 400
130 281
156 367
318 204
383 322
86 65
330 160
371 55
170 101
22 360
25 315
412 384
369 140
283 242
266 202
346 242
413 330
216 9
299 243
100 182
239 354
143 202
127 265
324 348
416 90
28 85
97 286
339 20
422 105
374 256
262 66
396 292
167 232
149 260
70 151
270 220
421 63
56 349
404 36
75 389
335 258
266 63
24 294
328 125
258 98
307 234
170 275
422 420
205 90
17 66
172 288
410 213
52 250
169 209
417 32
207 194
403 22
82 289
20 286
218 386
298 205
368 34
75 377
384 237
335 145
209 306
55 52
398 381
253 138
309 269
286 359
75 218
130 252
133 378
118 50
41 137
203 337
344 417
50 90
374 377
212 20
322 419
46 67
295 83
356 291
64 319
52 83
166 309
178 300
363 261
373 357
9 344
208 168
336 301
414 379
252 193
357 78
365 268
354 257
327 208
386 144
109 411
315 372
144 216
341 303
46 358
40 323
275 152
232 422
327 307
63 90
297 114
163 276
27 267
394 258
61 3
15 91
24 357
57 219
209 218
387 354
63 354
143 120
136 112
348 145
41 160
133 255
230 228
40 21
17 17
57 201
135 396
283 130
390 163
75 123
251 353
355 159
408 348
314 302
64 365
99 284
228 239
380 45
204 353
99 16
392 421
291 186
126 93
200 250
361 138
201 261
387 392
278 354
316 225
69 415
342 229
342 207
36 398
327 280
160 114
155 338
144 380
64 393
109 358
329 176
124 264
201 135
280 208
153 378
408 155
421 187
237 332
112 46
400 407
138 68
237 153
117 255
53 226
120 372
298 98
282 185
49 333
339 193
305 88
342 22
286 220
156 380
107 115
58 257
305 346
117 412
140 422
47 74
369 365
376 318
309 54
376 422
164 385
367 3
162 403
296 352
142 114
393 329
307 140
384 113
340 4
282 406
331 273
334 398
192 47
224 126
275 341
79 222
297 270
15 113
350 219
75 123
92 19
406 357
150 235
398 9
160 134
127 293
119 328
109 276
106 41
147 252
403 279
291 326
234 337
57 282
135 222
104 351
276 367
422 421
217 11
140 39
273 25
332 270
49 153
324 99
148 305
282 101
174 300
3 321
327 211
70 340
397 415
147 254
371 309
319 108
290 356
17 44
307 313
341 370
272 318
285 241
419 179
137 272
104 66
374 223
230 18
408 141
166 314
143 73
199 44
42 38
265 264
340 75
212 183
15 252
4 119
177 246
216 284
174 257
132 104
166 266
154 187
280 420
145 361
168 2
165 183
227 259
58 307
88 236
241 148
402 26
296 21
123 350
401 33
323 59
105 276
93 309
396 94
244 47
66 106
118 148
372 53
421 212
53 254
55 212
327 59
30 77
338 119
220 121
376 383
42 317
25 270
411 392
373 83
193 343
29 222
75 41
253 126
15 26
89 48
13 329
261 131
96 142
225 230
372 88
42 59
325 175
238 68
399 94
2 370
98 205
320 255
413 366
254 420
100 72
43 107
312 341
7 369
23 405
112 44
198 307
11 224
165 295
38 158
7 345
240 85
304 91
139 212
183 384
252 82
255 16
162 5
308 232
272 300
406 291
126 407
396 373
101 49
387 288
106 299
91 146
63 83
18 117
282 240
33 234
178 154
382 257
412 104
361 358
183 14
282 103
349 100
77 297
272 358
116 360
229 340
422 138
82 63
152 348
310 201
43 247
267 213
212 21
185 211
12 353
348 206
147 213
411 196
165 325
32 261
327 30
2 310
180 83
312 139
56 259
184 412
28 28
85 190
73 308
379 287
41 420
90 147
70 201
101 281
320 4
8 301
81 46
123 38
299 377
115 246
210 109
141 92
59 115
37 84
176 299
150 221
53 290
357 237
242 326
38 126
237 224
307 215
420 63
25 45
358 351
301 209
23 124
82 224
111 282
118 375
194 330
24 270
356 361
364 113
11 80
20 377
270 157
82 162
137 413
192 153
158 218
176 218
258 69
236 121
227 153
400 184
5 160
320 64
304 367
277 190
309 289
285 6
118 73
110 203
357 11
76 287
252 188
237 225
379 227
233 240
36 149
420 78
53 97
138 399
153 160
300 413
53 261
20 263
132 8
214 355
229 109
301 221
58 109
262 167
399 70
265 388
140 5
46 98
131 109
338 236
121 333
73 23
308 226
62 185
377 295
292 222
138 356
59 195
175 342
315 316
405 197
186 208
166 207
294 196
282 410
200 422
21 184
233 141
134 93
166 351
156 210
55 249
211 267
61 56
220 6
116 108
340 77
152 182
395 384
70 174
118 129
33 263
122 329
33 45
280 76
402 32
5 247
220 307
142 1
270 370
422 100
349 362
35 188
387 327
328 33
42 185
264 285
175 383
131 282
239 383
55 396
150 91
32 400
175 269
85 232
332 109
314 340
421 397
251 70
352 261
396 219
137 33
406 16
120 102
65 378
125 324
39 318
332 185
187 352
133 333
32 41
80 53
105 281
31 364
179 98
148 3
103 93
238 56
234 370
273 156
128 57
196 298
190 24
278 247
274 399
26 366
370 177
43 401
401 315
154 258
285 360
125 166
152 190
334 273
379 360
210 422
108 120
173 212
65 221
222 418
230 282
223 380
382 403
348 149
130 93
414 422
273 46
341 403
134 67
34 416
71 143
234 110
142 324
381 203
57 44
42 295
94 201
366 229
361 183
411 95
364 349
340 251
79 89
91 77
240 168
413 110
196 404
302 106
89 32
138 36
366 291
15 224
99 28
21 376
110 28
97 381
148 382
300 249
275 15
126 299
163 334
366 206
77 258
395 405
250 200
347 222
298 214
185 263
8 383
19 289
293 305
98 128
289 256
217 388
150 202
41 375
309 268
370 200
398 275
394 141
221 373
230 130
190 397
66 1
353 370
256 22
235 132
262 3
96 237
219 12
47 263
342 17
373 45
168 378
274 297
161 411
82 395
60 226
258 136
133 353
232 76
187 292
172 112
46 390
87 26
60 371
94 347
338 166
85 76
45 289
312 220
162 189
293 80
55 344
362 382
256 157
5 231
198 198
181 343
272 139
174 82
181 55
231 224
173 147
67 165
381 193
401 282
80 41
26 418
7 91
122 347
357 413
32 99
191 274
79 168
335 20
286 386
389 185
11 267
65 225
385 314
212 249
38 305
205 128
232 362
123 402
186 74
196 130
342 5
376 175
206 57
341 24
393 91
219 390
265 134
200 35
307 331
8 280
390 38
167 330
202 201
186 309
85 283
155 401
233 318
211 96
241 324
279 132
245 222
26 243
402 90
217 401
233 410
153 340
257 54
92 420
50 72
257 51
57 236
147 58
122 350
353 46
104 382
344 196
216 46
82 106
356 104
321 302
384 191
106 201
415 110
357 414
46 156
34 387
183 371
51 161
190 202
336 185
193 131
158 173
406 374
228 47
233 126
270 132
229 402
377 368
295 106
71 289
369 199
195 323
39 67
282 127
363 47
334 233
53 165
208 338
158 55
338 112
140 39
254 69
188 97
376 35
4 370
219 229
60 85
223 181
296 150
354 5
359 298
148 15
8 52
398 293
147 228
44 148
256 343
356 33
105 421
322 283
66 125
148 43
232 245
138 217
167 361
295 278
410 65
208 158
51 142
68 78
299 328
1 381
72 334
130 122
291 103
146 304
399 346
383 135
178 144
200 160
356 418
233 223
30 170
230 303
366 40
276 295
144 128
330 133
201 125
247 125
157 120
102 114
295 241
154 73
218 399
52 247
78 234
331 104
173 95
278 386
17 306
277 135
68 419
53 148
244 20
144 4
347 17
182 393
3 230
186 373
328 207
232 83
195 168
387 372
78 418
393 202
13 381
7 97
393 64
163 163
56 167
153 406
116 68
128 59
96 263
278 149
279 161
266 348
361 412
86 192
238 234
20 174
201 316
103 77
97 253
407 315
48 305
333 114
287 45
78 327
133 205
281 240
79 169
412 404
343 201
199 368
377 175
17 168
216 246
380 214
304 213
259 134
12 111
388 48
152 129
134 54
60 65
124 128
158 417
285 83
355 414
116 172
111 416
98 197
245 332
232 136
192 107
225 243
232 199
178 5
404 237
80 388
167 306
45 406
111 69
329 63
227 212
353 282
176 414
53 20
412 1
68 264
298 155
139 117
295 51
228 329
364 307
392 132
306 395
347 122
419 127
249 135
344 147
130 191
201 336
389 256
128 408
100 181
309 88
337 15
415 232
401 377
105 195
192 133
341 33
382 99
274 45
210 402
88 354
377 76
28 150
119 175
349 230
373 350
284 70
155 215
120 61
216 53
154 110
75 358
59 73
416 208
358 63
397 364
85 9
188 160
232 359
72 237
333 229
118 396
130 171
314 244
28 151
203 106
151 358
345 196
286 362
6 242
173 9
132 407
406 30
360 274
327 239
230 166
224 119
390 109
248 55
361 191
200 63
249 14
53 415
179 135
300 267
215 229
192 73
134 369
60 248
151 140
128 215
336 154
296 102
300 205
315 126
141 220
400 43
69 2
8 169
363 98
256 179
302 375
384 407
318 234
400 198
186 387
103 109
33 292
410 390
417 181
331 33
360 131
94 338
9 273
211 18
387 155
231 219
398 380
164 220
305 298
234 404
47 139
339 25
377 100
40 354
248 209
418 292
277 2
31 28
322 416
86 178
362 264
228 59
107 356
180 327
100 45
349 121
273 12
385 235
50 112
367 136
170 366
320 264
262 142
179 264
151 154
195 279
28 199
318 25
264 222
51 61
270 328
351 172
379 127
322 386
56 288
17 69
93 333
256 390
19 358
201 289
234 137
96 201
303 359
304 351
286 364
271 100
225 346
398 240
193 214
402 99
41 120
298 50
228 312
166 341
2 107
304 59
375 361
351 155
66 229
239 303
145 312
71 374
366 339
212 80
36 407
256 322
102 398
55 130
25 28
380 189
288 277
397 28
198 186
17 80
16 387
11 253
84 387
231 343
348 254
35 87
117 128
325 332
141 150
244 144
8 77
365 390
286 242
297 124
351 137
273 190
277 213
409 174
292 2
340 148
300 219
409 340
320 354
202 246
406 367
282 315
48 284
339 221
130 28
311 93
256 196
137 60
56 407
397 99
263 264
138 49
224 192
218 406
1 417
142 244
140 358
277 376
116 125
305 371
314 44
81 164
269 96
53 57
320 130
18 65
211 247
156 161
171 400
367 218
354 403
414 167
153 294
241 135
271 270
395 109
107 265
174 208
392 328
20 114
52 149
269 8
120 322
335 21
39 123
31 63
31 171
85 197
187 195
332 167
359 303
124 352
289 323
197 164
84 298
349 302
9 59
178 392
119 43
38 190
6 398
327 285
370 238
296 336
413 365
29 219
79 215
26 184
309 328
374 259
100 220
295 335
35 291
198 221
60 14
304 216
105 379
368 350
213 152
195 24
85 99
204 286
121 358
57 75
33 118
295 233
200 64
97 8
194 26
35 247
92 15
81 11
30 13
83 154
289 384
349 199
335 349
269 56
235 19
56 210
3 250
403 63
187 359
118 106
241 359
311 350
143 166
88 135
124 110
375 347
326 211
277 253
374 161
179 171
175 306
35 419
399 42
207 33
138 18
281 168
351 397
381 114
192 140
61 375
352 76
309 182
237 222
11 269
58 356
415 74
93 402
235 6
216 34
236 29
112 7
233 357
85 12
156 378
280 139
137 81
164 246
225 330
89 8
283 208
102 262
215 30
39 142
150 257
4 309
251 86
418 40
295 57
279 136
400 342
386 317
410 167
142 349
326 189
297 361
12 385
60 85
202 128
273 26
334 291
41 237
322 18
190 121
193 288
364 222
306 117
42 228
133 75
30 129
46 290
115 229
39 290
231 309
200 403
206 237
289 125
62 350
286 162
249 33
93 28
104 270
162 170
415 176
7 325
167 242
77 4
205 288
236 51
241 366
236 387
171 178
95 324
55 208
280 381
360 386
27 1
50 263
87 290
33 134
92 402
382 218
403 413
233 294
307 248
311 244
206 63
369 126
135 234
344 239
53 199
61 367
216 19
266 363
267 265
197 261
248 179
419 297
178 89
202 371
392 417
251 422
198 24
246 346
102 186
278 260
353 136
387 175
11 64
76 365
276 207
402 338
245 96
321 267
51 407
202 347
177 390
15 228
50 50
214 226
181 238
31 153
109 95
126 368
235 360
279 411
182 342
121 335
380 264
119 281
87 343
315 319
47 379
120 246
101 200
104 350
201 287
4 263
209 241
179 45
109 298
60 38
345 43
155 192
352 24
366 103
6 366
269 399
285 77
71 260
269 126
204 231
13 154
87 198
114 343
161 24
133 207
175 182
25 211
336 91
196 341
392 201
112 377
340 31
413 225
217 226
373 303
316 279
134 389
370 47
265 121
229 243
306 8
247 376
101 251
367 184
105 31
327 372
372 215
46 62
235 264
213 31
292 258
358 130
5 153
79 335
121 91
49 23
51 408
169 229
65 368
11 305
105 68
21 28
208 86
298 269
55 223
325 286
31 86
397 200
114 318
139 418
37 386
244 54
229 139
87 290
408 182
118 177
293 391
71 229
319 414
367 379
283 412
315 306
320 225
24 359
261 243
130 243
207 140
380 154
168 343
285 87
285 170
197 93
291 234
57 401
165 60
361 6
301 178
297 13
263 312
320 153
58 70
37 217
78 54
275 334
305 14
262 67
28 247
414 414
325 137
388 108
23 59
126 231
392 348
296 108
280 333
180 178
331 290
395 225
375 218
390 102
190 33
228 237
314 333
165 155
218 342
186 314
30 401
264 101
374 194
238 253
396 192
83 220
192 109
297 367
395 23
334 76
124 132
69 368
403 206
224 131
40 168
4 261
11 45
296 152
185 374
357 411
365 128
228 299
211 63
141 95
214 94
233 199
30 155
50 352
340 371
101 83
70 293
348 333
315 189
120 335
250 109
168 239
187 27
276 360
50 291
45 287
336 243
224 334
106 56
132 219
293 207
167 185
239 100
174 79
359 369
29 137
159 325
261 66
105 125
33 7
84 209
34 169
419 58
244 228
218 170
314 164
300 391
198 61
219 270
319 395
319 43
407 418
40 26
63 271
31 405
112 346
404 77
199 399
205 380
32 228
399 403
299 351
34 343
332 389
260 219
103 216
235 334
259 38
294 402
201 15
330 343
392 418
261 383
16 14
186 120
111 70
51 354
229 47
386 84
197 30
336 267
20 374
268 49
141 141
256 47
327 80
27 273
228 66
331 352
402 273
363 151
17 307
358 275
312 147
3 321
144 361
214 294
26 346
397 31
287 395
200 132
144 403
142 194
84 250
160 264
304 257
6 62
188 359
397 60
189 185
129 52
360 139
170 142
120 27
412 367
146 104
142 294
409 55
190 313
249 210
341 99
59 218
277 145
205 273
263 1
376 216
235 330
269 147
66 114
254 393
157 95
118 31
187 184
81 398
81 411
127 169
151 296
87 88
227 256
250 159
329 112
262 265
399 50
208 302
54 189
56 378
361 405
246 107
68 73
118 244
126 258
121 167
14 368
176 270
248 102
251 9
316 252
69 10
253 92
131 122
190 182
294 375
242 79
242 326
114 388
411 153
250 280
368 283
185 339
124 45
72 209
146 222
99 220
17 68
392 195
294 34
329 382
393 48
310 238
159 74
355 223
153 105
250 292
46 7
368 309
125 419
401 121
306 383
61 73
396 261
98 75
244 45
369 40
379 248
137 219
56 25
18 47
262 297
209 284
77 77
7 324
308 32
191 371
307 8
363 365
25 393
323 103
393 157
26 269
268 310
389 387
98 87
118 128
80 332
356 75
32 230
67 199
39 228
352 138
257 172
338 71
245 320
7 15
118 3
68 41
255 421
107 372
188 223
55 11
332 168
370 204
341 295
335 252
176 154
186 316
81 193
219 321
186 109
416 299
59 259
354 412
249 39
213 271
94 415
166 107
277 379
288 215
274 111
26 120
325 48
13 68
216 123
32 158
62 121
148 101
293 306
288 192
248 323
48 415
195 301
255 270
123 101
241 177
258 165
238 379
342 276
125 247
36 103
351 308
332 405
309 34
200 99
43 344
56 251
293 286
422 349
53 229
338 34
347 181
349 116
292 42
85 266
387 375
100 212
255 83
310 98
189 282
205 12
206 97
20 234
210 336
318 189
43 351
187 288
41 80
291 388
135 198
328 241
319 62
97 157
152 249
196 77
195 255
339 210
156 176
243 226
161 28
270 41
113 318
316 243
54 392
324 325
243 29
138 122
161 23
14 290
301 212
185 129
198 36
374 35
68 3
80 154
69 261
126 169
360 347
401 349
91 177
138 187
82 361
263 119
317 368
394 345
414 305
133 227
85 123
39 293
242 42
173 278
224 31
380 275
201 50
207 219
213 239
385 80
377 76
318 250
389 24
37 35
325 10
72 50
320 82
66 285
365 400
333 44
83 402
283 164
134 225
307 324
64 41
388 198
403 169
352 361
285 238
227 413
6 130
240 418
302 65
36 260
362 147
144 98
398 212
231 192
62 214
326 70
128 112
62 196
345 71
268 52
30 352
118 202
302 174
36 226
85 142
56 130
187 262
393 414
138 198
195 74
2 85
25 103
93 108
362 212
209 174
75 118
142 374
80 332
366 18
21 137
34 288
335 169
359 258
312 73
102 271
159 401
224 20
26 365
142 104
194 284
59 31
217 187
21 58
232 7
83 25
49 92
47 341
399 186
16 98
147 385
163 304
75 45
328 98
15 163
65 38
238 89
321 256
208 420
161 237
376 325
360 422
335 43
389 405
373 243
311 228
185 324
3 214
140 25
22 301
100 11
165 144
178 415
95 362
354 323
50 71
153 223
287 265
388 290
273 330
324 193
355 371
362 287
399 269
391 420
222 188
178 42
226 402
326 193
112 195
120 236
402 47
74 40
226 26
260 329
314 210
220 208
320 81
182 54
329 190
167 302
197 284
395 404
156 26
22 66
78 421
183 176
34 55
360 241
251 411
401 217
411 79
174 422
234 40
328 64
4 246
163 362
371 46
242 106
4 375
281 25
266 306
10 298
358 45
49 361
27 64
324 109
374 63
320 19
98 52
272 72
235 120
169 44
207 210
388 212
187 204
291 127
96 352
393 154
45 292
39 190
48 122
34 302
422 141
309 13
238 209
375 139
17 112
295 245
112 45
391 154
90 323
186 330
310 214
30 124
131 362
347 138
412 201
114 375
181 104
366 200
21 273
387 76
414 266
384 277
136 77
49 50
237 393
400 216
87 342
238 335
93 90
51 349
53 192
141 87
280 325
404 124
170 234
240 117
308 188
369 107
4 197
206 175
100 33
178 381
327 194
368 232
189 1
11 362
169 180
275 362
186 388
313 102
372 204
91 88
103 217
57 303
299 246
336 50
206 359
194 336
8 116
8 232
124 306
324 299
258 29
9 91
268 253
384 41
107 151
298 33
143 32
292 137
137 303
353 397
86 1
21 393
9 241
39 31
337 113
237 213
240 205
136 195
157 317
247 303
7 22
64 188
252 5
155 103
76 184
146 302
336 67
380 247
405 110
337 277
190 288
338 147
48 130
384 329
217 62
143 121
267 48
3 238
55 1
131 277
349 197
54 375
236 106
62 142
201 41
120 188
149 234
63 338
338 288
307 107
288 397
121 207
388 118
122 2
83 190
229 147
146 238
292 134
372 173
155 202
123 213
34 380
380 137
148 18
315 325
194 34
158 386
159 233
135 5
319 412
371 300
56 201
375 29
17 282
178 222
417 141
264 289
332 405
223 413
351 212
173 238
417 216
233 267
184 221
35 119
176 83
352 128
220 41
239 328
251 25
284 258
201 308
338 401
135 90
245 263
194 331
301 401
302 295
338 404
46 21
344 263
266 357
307 23
350 49
195 49
289 371
175 261
363 282
213 44
12 140
48 95
1 4
240 50
148 136
171 174
207 339
368 12
51 93
274 208
403 267
346 259
369 366
385 353
51 143
356 271
338 92
60 395
287 354
110 254
113 415
370 109
150 327
232 289
359 273
336 102
142 365
109 261
211 32
210 384
398 343
53 65
22 153
3 109
386 232
189 188
266 271
116 401
46 394
35 359
265 111
287 238
392 318
216 160
228 208
367 300
141 116
339 56
164 202
97 160
110 209
12 211
350 97
405 200
31 355
108 57
401 307
55 72
258 159
19 135
94 409
18 110
185 190
137 205
382 145
99 111
237 314
234 219
110 367
114 265
60 220
174 156
76 157
378 377
291 94
246 320
154 135
192 345
46 407
216 84
231 303
380 188
258 292
282 32
30 20
219 170
83 282
204 210
285 285
58 9
156 203
165 128
351 151
74 62
420 28
198 346
298 315
75 151
8 158
188 197
161 108
172 78
29 66
208 127
338 62
73 392
127 92
72 259
236 182
77 1
280 177
213 38
397 400
419 187
111 39
408 276
330 72
304 290
38 312
378 320
88 303
264 130
414 180
300 39
152 164
296 232
282 217
129 15
350 372
258 214
73 307
54 273
281 51
77 192
196 124
129 288
149 141
152 389
137 364
236 391
173 261
392 132
327 278
106 141
182 20
118 214
10 273
275 16
239 186
299 290
280 266
6 334
73 398
272 376
357 363
81 185
38 184
70 200
312 359
45 366
308 282
51 23
303 214
362 214
155 303
46 79
123 407
391 298
94 130
189 77
180 420
261 126
157 85
299 233
280 198
314 8
60 348
378 421
105 299
2 153
14 41
213 3
276 410
142 308
386 334
169 22
107 179
135 396
230 329
361 390
281 331
275 340
146 418
254 287
127 376
350 421
209 385
314 21
149 392
76 268
346 163
260 258
259 361
390 110
227 370
232 11
389 239
366 153
353 88
403 406
239 335
4 212
128 261
340 190
338 57
249 28
165 184
255 65
325 218
352 116
356 252
293 280
263 179
257 147
361 318
190 204
411 117
230 37
161 327
221 101
308 56
422 44
22 225
255 266
195 147
154 196
104 411
85 103
290 264
381 236
298 287
368 240
246 221
337 65
217 311
337 137
233 81
135 366
292 357
287 353
4 335
21 376
244 166
6 115
345 39
87 378
172 119
21 189
245 206
218 225
373 83
176 230
198 5
401 106
47 27
63 393
100 132
250 64
305 229
118 421
382 131
17 67
236 343
102 34
25 253
268 93
23 35
210 412
346 251
256 23
377 150
276 95
227 26
397 213
1 97
57 50
355 207
234 269
371 313
177 246
381 4
233 66
131 47
80 355
155 403
170 208
323 36
230 2
220 406
166 48
243 355
385 179
272 94
240 188
234 148
331 348
71 129
180 245
263 383
290 289
263 284
397 340
220 196
338 243
97 185
357 209
298 386
184 263
283 228
403 384
42 336
219 5
371 164
364 23
354 73
197 117
263 142
154 5
414 131
288 234
67 208
412 194
100 373
46 194
252 191
120 408
49 42
53 202
300 98
253 218
25 381
158 342
244 246
318 331
64 181
50 73
352 77
59 49
250 298
310 54
358 354
175 159
247 276
288 46
95 69
136 16
79 158
389 136
376 125
74 420
303 61
89 112
153 336
192 373
363 380
413 128
168 249
91 49
273 200
417 118
283 159
120 52
241 166
412 179
405 28
292 216
2 208
387 119
295 107
145 381
253 85
340 276
368 83
310 319
295 290
200 227
274 250
175 381
46 156
178 173
301 142
116 128
124 107
288 280
54 202
39 206
298 44
130 266
16 357
178 252
95 264
198 17
368 263
251 173
162 152
331 95
172 175
230 40
32 419
413 114
298 263
211 200
174 41
337 33
68 238
393 103
76 320
297 82
304 149
92 47
266 408
151 74
23 125
37 215
234 223
125 23
384 238
102 121
43 340
341 15
278 231
312 329
245 272
283 284
45 240
383 58
314 130
202 380
75 114
171 128
272 1
325 156
399 193
134 148
352 101
335 242
52 258
252 163
380 361
256 83
253 33
344 309
234 242
72 389
123 287
399 359
347 294
345 14
144 119
266 35
55 306
234 219
30 335
30 154
91 142
244 364
35 347
10 415
252 405
358 408
196 72
202 257
293 52
338 30
221 333
214 141
148 384
9 105
383 198
256 276
90 365
160 328
189 63
106 180
46 245
313 6
74 398
72 173
242 225
243 113
64 328
80 46
93 323
267 349
201 373
110 200
203 112
7 416
317 297
327 176
107 96
1 333
108 35
91 144
60 387
77 309
97 13
105 172
5 193
416 26
244 116
308 217
320 407
94 264
265 161
341 373
59 380
259 23
17 59
34 316
251 17
172 112
374 58
200 140
403 8
264 206
109 201
117 405
309 282
354 234
173 353
16 350
385 170
74 299
49 309
33 373
407 3
55 161
197 220
273 199
139 336
216 112
194 197
372 245
395 100
9 110
9 334
18 43
6 192
62 328
146 331
63 105
91 202
212 12
398 5
152 123
32 421
261 7
395 280
155 420
226 358
388 381
76 235
47 298
197 216
14 93
49 370
94 141
278 161
377 216
75 202
401 140
17 93
418 279
364 110
81 404
81 239
49 398
87 16
129 1
26 66
188 355
325 179
84 205
199 181
393 419
93 330
395 54
20 82
268 12
395 199
393 174
412 53
100 199
193 208
244 194
306 323
212 191
229 317
272 6
27 232
258 87
367 13
246 222
401 209
243 133
354 167
59 68
67 113
75 49
176 50
388 137
196 326
166 72
112 263
267 285
284 252
353 44
9 273
323 146
86 246
386 149
205 416
374 266
159 147
385 137
42 110
417 165
4 334
286 326
237 34
78 381
39 253
290 399
13 260
232 100
189 283
72 49
240 148
198 31
101 345
383 283
343 96
133 137
13 116
245 244
231 91
204 129
190 33
401 362
75 11
6 68
47 178
348 411
317 389
94 212
64 398
41 333
218 224
104 375
18 216
70 343
222 323
236 373
287 146
402 381
299 340
270 88
116 180
105 320
10 367
95 410
295 383
388 333
79 397
111 309
53 182
168 196
351 143
280 99
92 399
78 361
417 264
125 148
109 8
145 183
77 340
292 56
414 64
368 309
256 240
382 145
368 352
230 160
238 180
395 278
212 178
292 122
344 203
99 103
320 184
162 87
4 257
290 131
257 267
270 311
288 422
282 322
214 304
412 234
150 317
156 122
287 338
306 7
238 19
135 345
261 407
255 321
383 397
72 358
181 91
410 173
55 418
360 45
90 225
275 33
293 202
402 78
387 285
21 112
176 379
166 114
211 156
191 418
251 373
99 353
87 187
251 148
100 261
164 21
189 246
213 371
218 250
345 28
193 91
265 418
163 120
336 261
286 381
400 42
73 217
212 272
321 90
29 285
28 285
97 51
78 414
241 7
215 55
239 365
263 184
108 165
391 318
140 58
135 171
182 37
228 15
262 327
346 3
270 297
376 301
391 122
9 352
199 364
108 338
397 87
352 27
85 23
122 395
169 73
21 406
407 87
267 193
109 240
272 228
32 365
71 217
185 361
347 161
284 323
260 187
298 133
173 28
195 241
113 93
213 12
28 81
296 137
34 357
37 309
414 335
322 160
301 289
81 37
284 31
274 3
206 272
163 236
78 263
53 28
303 247
402 128
297 124
344 45
354 110
125 318
327 54
100 289
355 8
233 212
205 1
33 25
198 5
422 239
298 58
205 386
313 377
112 129
57 8
350 163
290 220
305 395
342 282
314 141
93 382
56 106
87 224
307 297
92 115
266 302
407 271
405 162
187 174
393 115
355 328
341 367
87 2
189 184
230 184
38 14
371 361
338 75
7 49
192 325
259 206
138 411
75 201
340 261
392 149
156 375
372 260
288 36
288 376
66 169
198 15
156 359
168 153
285 308
43 308
209 35
52 135
354 343
249 295
217 51
373 165
131 122
329 112
165 56
56 125
93 89
53 300
105 354
184 348
356 178
74 382
104 213
240 417
111 348
249 369
168 91
49 400
303 317
142 297
168 388
73 404
317 16
344 190
382 1
422 4
122 28
290 168
45 206
114 397
115 7
32 292
47 280
381 299
74 56
233 395
412 376
102 297
184 225
390 66
325 56
239 159
59 396
364 404
380 401
391 159
134 293
351 249
182 135
314 322
289 272
393 367
118 198
377 159
198 174
400 279
202 136
271 207
228 418
397 2
349 378
418 239
254 26
122 243
19 120
321 418
31 78
162 50
193 184
276 16
317 354
305 173
319 120
379 221
253 270
79 74
2 32
54 233
96 149
86 336
103 106
233 158
181 337
228 394
380 287
338 316
217 292
119 417
417 296
261 3
370 211
175 277
418 109
179 138
47 38
131 14
406 128
350 174
125 176
52 39
357 105
352 305
227 314
221 387
80 57
254 6
138 325
191 258
228 262
404 11
343 4
64 393
229 6
301 33
379 235
315 344
360 391
405 106
179 242
362 7
209 200
181 81
43 169
243 224
22 120
270 119
380 214
201 167
174 421
372 209
155 348
139 144
63 357
20 172
346 105
262 279
305 234
148 171
157 12
176 130
89 242
84 35
221 151
301 209
207 225
254 372
159 98
85 86
10 261
217 90
90 99
382 177
358 378
305 323
333 94
74 5
116 292
138 284
35 413
22 295
297 46
116 116
402 159
141 48
282 14
77 126
307 355
288 147
88 251
368 364
141 47
100 39
352 2
89 343
251 78
411 418
245 375
281 67
340 307
268 141
178 183
32 23
377 256
142 9
145 298
399 154
204 245
24 106
113 130
31 102
311 359
68 376
130 421
421 387
7 343
160 200
208 135
171 136
184 165
325 244
108 74
373 103
107 60
351 292
201 13
10 55
215 80
81 108
222 415
341 274
281 268
370 216
199 60
123 97
6 86
47 344
65 149
400 47
315 208
170 406
138 363
355 121
79 8
282 58
107 302
209 374
180 179
364 7
15 315
185 21
387 286
274 142
240 20
334 181
234 103
1 289
189 36
379 344
406 21
208 214
340 380
371 369
80 162
156 279
29 300
269 376
66 41
226 356
396 269
29 286
275 221
17 15
364 289
365 198
141 407
132 387
318 331
187 75
181 67
42 49
374 177
333 8
172 309
223 266
8 71
270 141
246 107
110 169
253 342
383 72
262 154
266 110
399 110
305 151
24 350
267 36
294 169
284 163
408 135
352 338
199 321
204 143
126 249
289 340
272 190
120 69
163 166
254 270
178 179
386 4
236 128
337 326
364 72
101 301
91 267
276 219
161 190
199 227
332 395
67 52
332 134
195 257
37 21
88 40
64 282
304 177
288 281
214 274
285 95
311 109
138 69
40 356
139 9
294 354
401 143
226 289
297 13
354 248
171 32
206 113
168 295
310 365
267 221
289 217
286 153
103 227
369 331
218 166
147 51
147 195
41 194
77 293
116 30
62 179
318 119
55 43
132 346
402 73
245 232
352 281
411 415
397 352
244 336
223 116
359 185
221 133
67 308
266 114
357 200
147 52
49 248
394 407
124 381
145 409
174 211
19 171
219 168
413 244
299 106
403 315
250 353
55 313
321 259
401 259
259 131
127 123
205 100
211 372
81 179
93 160
40 268
115 22
285 92
413 251
7 249
388 422
166 416
273 297
274 251
47 338
338 92
79 7
415 265
73 227
381 61
258 275
216 56
383 219
211 146
367 410
277 79
26 21
411 419
364 124
58 139
353 304
92 50
295 125
26 271
75 340
303 345
280 49
237 197
337 217
387 127
389 11
178 69
274 206
365 383
103 216
283 359
156 112
362 125
372 142
120 277
233 222
293 412
411 88
306 34
419 39
91 378
368 223
172 308
188 42
136 164
205 357
127 216
10 275
29 150
153 4
160 105
141 412
108 37
235 2
340 90
106 240
43 48
394 381
15 403
418 103
252 395
328 223
404 368
386 19
383 65
241 55
245 255
79 84
55 414
68 366
26 124
135 374
138 265
367 421
53 154
192 358
323 213
229 90
403 380
275 169
21 384
165 242
166 111
263 46
414 118
307 120
135 137
167 163
419 323
271 29
308 390
5 24
341 398
147 422
247 184
315 261
285 43
98 355
312 273
168 108
263 152
279 298
113 183
38 294
107 334
332 405
367 318
261 358
299 353
388 259
177 225
52 48
202 141
131 87
249 98
250 121
129 111
175 218
318 312
17 225
410 70
160 279
225 349
220 65
282 72
244 302
43 349
267 226
411 102
212 39
396 360
220 44
410 243
402 61
109 382
5 175
225 306
24 363
160 175
261 196
419 254
113 13
341 191
381 301
415 274
382 343
287 307
415 232
40 240
181 171
351 3
280 406
401 408
194 301
235 210
2 208
177 383
220 67
230 391
194 354
153 295
4 102
404 415
231 293
178 106
46 254
236 408
10 234
293 150
165 5
201 212
212 71
285 103
193 147
48 118
170 203
195 113
296 182
14 186
81 212
419 2
139 60
124 42
350 131
399 291
185 184
195 263
187 256
213 268
179 130
130 330
67 6
76 80
133 63
274 86
252 15
310 387
277 52
50 99
55 362
51 319
398 280
38 75
77 348
190 330
298 215
9 305
31 181
170 400
49 123
104 244
347 399
146 8
382 305
376 294
357 269
412 284
290 61
328 252
68 199
1 75
130 136
401 100
200 257
213 406
40 193
350 350
89 155
231 72
5 333
268 49
273 417
100 5
257 267
118 7
79 345
160 2
395 75
96 60
27 234
171 120
39 110
406 29
380 408
31 91
207 388
74 30
21 422
360 172
378 322
125 19
261 348
337 96
402 189
294 174
164 355
308 18
222 132
191 15
250 194
165 368
258 350
183 76
334 409
29 11
106 302
94 63
47 352
135 351
330 419
81 64
43 110
122 409
148 315
210 196
199 108
387 82
163 290
390 328
343 184
275 150
307 129
288 244
264 86
251 102
232 275
379 8
44 201
35 399
122 111
16 142
18 199
232 179
75 109
394 155
282 342
355 255
381 300
230 17
280 385
347 252
169 254
92 66
255 43
129 326
6 418
146 153
114 320
71 76
110 319
8 59
381 265
86 32
186 323
297 56
331 154
55 291
415 195
337 131
215 419
77 131
388 406
385 221
86 367
273 350
238 402
382 150
346 283
276 408
154 295
76 389
363 183
242 77
376 191
226 107
141 316
151 317
333 49
129 353
63 167
301 338
45 369
267 253
165 419
284 252
228 36
264 320
21 338
391 40
377 79
308 2
21 381
418 366
229 265
133 244
191 283
226 117
139 313
298 221
345 109
18 389
117 81
30 204
137 352
34 13
140 66
398 285
332 227
350 215
232 148
289 134
328 286
46 26
156 399
329 164
309 374
96 97
33 365
140 279
147 280
375 332
289 85
163 407
235 77
24 100
318 88
134 412
126 413
164 390
27 306
80 262
389 280
220 229
368 56
128 238
147 289
76 127
414 235
304 58
200 198
325 11
170 381
246 313
252 167
110 13
103 314
152 97
409 158
94 211
361 406
216 351
294 345
170 51
124 199
300 397
354 46
269 311
275 384
177 390
243 312
186 234
395 107
328 113
343 297
344 16
320 6
48 228
416 16
200 281
322 305
356 406
2 66
401 338
258 335
392 418
193 402
376 175
247 120
135 171
138 122
263 219
150 287
202 336
92 329
309 35
345 416
330 406
123 369
174 220
243 61
91 232
398 318
272 81
41 68
135 124
303 385
386 90
175 211
123 380
387 396
92 338
150 358
149 246
176 258
288 200
350 344
92 365
403 328
335 143
167 342
233 410
218 229
39 401
266 193
218 376
32 248
198 115
256 142
249 361
62 140
251 21
248 117
96 294
393 199
369 211
57 354
151 293
104 417
205 346
79 365
235 172
144 421
309 92
335 340
221 298
281 306
335 132
194 58
415 179
104 329
145 310
15 215
153 194
108 333
265 136
86 357
272 178
16 265
44 10
352 245
114 136
261 221
182 341
184 140
113 8
210 408
308 173
277 261
161 255
176 205
109 134
354 277
53 38
118 195
111 48
57 27
301 135
161 345
340 25
328 293
397 55
117 383
370 347
11 79
324 405
136 72
148 281
247 181
158 99
337 243
220 199
84 311
211 121
144 335
306 349
171 204
5 99
172 304
258 163
197 103
281 179
152 342
200 175
341 111
284 229
82 251
187 354
315 410
11 355
195 60
116 420
273 310
356 71
151 54
263 285
143 30
166 275
246 74
180 182
268 252
152 299
214 11
153 304
264 335
108 69
149 158
56 59
64 16
5 382
286 73
39 174
138 27
170 85
290 196
38 365
235 144
201 247
97 202
185 110
264 89
15 204
353 339
360 157
136 387
288 23
99 405
213 45
289 213
267 98
200 56
70 200
282 116
64 348
408 153
40 322
283 406
45 185
93 378
415 413
42 135
44 69
369 50
96 95
371 296
86 250
95 290
106 137
70 156
209 102
391 67
288 157
358 43
105 39
158 8
217 308
274 126
78 16
113 407
7 313
153 293
303 167
59 37
327 239
85 79
179 111
263 226
226 167
25 267
222 60
307 30
132 360
138 397
266 381
345 411
268 180
185 306
152 17
3 208
92 41
136 25
42 68
369 200
173 228
98 86
177 201
378 20
270 356
413 284
197 26
409 224
109 363
69 16
331 397
83 270
251 141
120 162
55 367
243 299
39 48
282 92
389 199
12 172
95 385
249 315
198 234
193 215
169 49
370 117
417 249
237 344
350 43
116 274
38 284
381 331
393 33
40 208
354 175
416 138
280 44
71 337
419 210
237 414
287 288
386 112
271 263
332 2
188 292
248 317
110 135
224 160
228 316
181 238
73 312
84 226
72 285
70 51
215 116
376 112
309 146
277 303
267 370
407 130
311 165
150 395
254 179
73 295
123 12
172 361
308 108
221 137
355 158
346 211
287 14
107 397
268 165
380 418
211 258
270 272
50 27
81 391
273 149
181 312
295 400
197 252
259 57
116 5
383 356
393 290
327 8
80 265
319 358
281 402
43 380
389 58
130 318
422 212
193 38
351 183
64 171
243 236
326 361
352 207
22 210
164 170
147 261
188 30
388 233
145 170
196 362
267 197
406 92
247 29
93 417
61 397
215 150
20 281
114 371
109 381
268 380
207 29
161 62
19 369
72 320
93 92
244 51
374 270
378 135
122 252
182 414
27 94
11 59
234 233
130 321
60 208
150 319
178 280
18 408
387 6
98 306
366 212
52 290
219 406
313 256
4 350
317 11
226 293
63 217
104 36
342 258
186 107
226 353
37 284
53 387
389 190
311 40
138 146
128 375
287 205
178 132
134 375
317 132
178 257
292 332
181 267
353 170
30 213
132 231
93 376
253 79
284 5
379 121
175 222
393 409
161 92
198 288
360 358
60 96
91 351
127 422
141 326
250 342
306 12
294 101
257 419
278 388
353 120
317 207
30 171
260 348
148 81
45 163
4 55
398 12
243 51
262 212
417 354
213 281
167 412
100 404
2 240
278 8
154 30
364 335
56 135
1 124
280 136
226 369
115 398
27 407
338 302
251 330
88 228
149 141
19 204
147 73
203 272
381 152
316 165
347 297
101 41
18 158
278 159
198 258
350 327
409 419
3 74
341 210
106 11
252 239
125 96
132 232
141 233
160 289
337 380
200 68
310 419
14 339
105 99
89 32
35 311
360 155
222 197
155 402
310 267
81 208
353 284
360 388
133 410
32 312
125 18
417 157
306 327
62 163
6 83
238 358
387 115
405 35
390 141
315 271
327 346
236 404
139 103
34 249
276 336
253 125
351 317
321 395
166 152
112 216
107 308
147 325
414 352
309 182
341 215
87 104
292 60
418 344
2 111
40 228
53 143
401 262
184 92
296 254
318 191
190 417
389 117
45 44
398 38
103 282
17 413
186 130
368 14
216 308
318 76
283 136
215 294
282 157
108 323
186 391
304 266
415 399
336 110
308 259
235 262
72 241
7 372
145 401
245 390
261 376
376 393
111 105
36 174
404 38
86 358
233 196
234 402
354 198
136 277
402 70
135 263
331 408
209 153
315 306
143 375
217 340
357 398
162 49
275 185
158 202
105 118
33 227
311 378
348 178
56 205
41 278
361 322
43 133
131 171
305 353
310 182
297 175
67 281
187 255
275 192
105 383
135 12
324 10
41 270
318 9
360 237
131 10
78 284
393 21
96 348
277 28
372 323
407 188
362 353
92 182
232 223
304 239
250 45
135 113
296 387
335 232
125 243
25 295
15 224
37 348
415 359
103 217
45 339
388 19
418 97
335 17
351 255
13 195
79 47
119 82
42 92
22 184
108 322
166 132
235 59
207 54
239 73
23 98
357 278
137 224
243 403
358 14
278 207
349 211
332 141
344 331
113 37
121 378
277 315
84 111
110 386
17 332
75 233
255 305
48 270
115 369
15 67
203 87
165 294
194 250
363 87
324 154
130 54
279 408
402 163
40 85
112 332
56 273
127 201
220 106
326 399
254 246
193 223
280 205
390 282
155 418
147 380
146 14
138 35
333 43
170 144
19 206
79 346
204 116
264 170
11 349
120 413
254 111
376 391
261 82
64 412
147 95
124 344
338 275
257 243
374 342
290 212
371 369
112 366
350 223
105 14
84 421
186 360
212 325
223 226
195 213
210 398
365 370
376 304
35 216
304 217
314 361
259 340
261 318
241 123
344 94
288 229
202 28
265 243
195 6
104 80
118 249
239 69
144 261
142 36
172 342
252 420
223 129
118 208
402 327
186 60
272 394
351 147
369 129
196 162
360 389
303 393
75 297
197 311
152 145
43 385
288 92
362 172
14 359
237 118
320 46
91 102
156 302
304 393
192 202
88 411
361 345
153 334
188 129
307 295
127 252
88 335
96 191
34 129
275 367
33 94
185 54
95 211
115 249
243 359
221 285
200 150
92 284
4 33
338 254
293 395
142 310
326 298
288 354
26 376
161 381
126 112
343 43
406 253
98 271
211 308
342 190
28 4
303 88
317 26
278 124
156 33
252 158
267 235
238 128
326 98
321 343
306 240
280 305
86 390
192 37
267 205
212 118
184 93
105 245
37 138
373 355
230 217
284 222
25 157
171 115
69 316
129 255
211 171
325 148
409 344
337 52
362 47
244 81
296 93
197 102
255 70
31 412
2 127
303 199
303 149
58 287
399 193
124 368
369 336
292 12
54 413
310 162
409 337
119 289
149 215
382 93
333 150
215 244
350 359
257 339
409 256
170 81
230 28
366 52
187 356
285 109
161 15
121 12
91 26
314 379
233 401
284 211
393 14
389 317
273 210
208 198
89 36
40 117
363 171
281 75
331 163
353 246
349 392
415 156
81 132
354 376
314 121
245 158
381 169
172 387
233 69
16 5
410 350
301 294
141 188
95 284
380 297
22 90
157 244
320 339
144 301
250 377
150 31
184 419
344 21
392 415
47 59
4 225
260 112
58 298
72 212
332 133
231 25
272 19
366 381
189 69
401 174
170 328
119 221
401 322
124 24
53 280
82 175
44 251
340 247
151 179
334 215
264 31
67 357
220 120
92 109
90 377
198 326
367 307
142 219
90 307
392 386
350 126
315 354
237 98
413 370
244 413
171 252
205 55
7 274
211 383
161 25
54 26
252 365
268 360
142 108
269 227
311 409
22 29
401 395
282 421
402 174
109 221
205 326
34 415
226 272
184 401
64 267
421 257
272 53
13 152
388 377
368 183
131 226
206 209
14 392
330 190
333 209
201 16
333 371
235 163
211 120
90 272
156 98
7 100
360 370
345 136
171 46
193 65
20 82
73 349
133 133
354 56
147 242
63 375
7 350
145 134
272 323
196 264
27 176
315 193
71 43
203 235
156 128
120 29
85 36
231 415
224 350
420 147
269 215
254 371
103 211
210 400
284 264
64 284
204 216
88 16
120 277
206 368
196 303
419 242
147 283
121 139
158 267
314 360
372 170
278 40
71 295
298 189
47 150
241 22
346 368
55 125
146 43
164 267
108 170
127 334
104 157
168 291
421 309
214 261
186 297
163 139
164 198
117 27
372 239
322 233
395 64
297 155
217 5
158 198
91 138
130 406
291 14
350 336
357 80
174 23
389 421
158 157
36 84
159 142
204 272
413 111
35 164
55 150
212 114
173 339
171 185
106 215
173 407
289 345
279 180
315 399
192 206
336 306
410 241
310 57
93 53
286 124
74 89
1 396
144 309
295 5
402 243
322 119
199 422
71 27
340 188
139 177
329 400
352 408
147 72
162 358
310 73
398 414
171 323
144 54
301 357
86 197
54 350
86 125
276 85
11 358
297 276
45 372
407 149
177 100
104 232
158 316
150 157
194 135
19 178
51 313
77 162
364 214
281 275
276 276
369 322
206 44
122 180
70 125
261 384
382 10
256 233
235 109
187 215
10 409
149 250
329 179
338 156
81 401
422 416
54 188
64 342
340 407
407 351
74 379
211 122
269 10
210 339
75 256
90 222
94 7
326 372
418 196
380 417
378 398
280 322
52 62
308 219
378 381
391 352
322 241
80 376
5 395
1 345
329 239
73 293
342 421
370 2
49 14
242 127
172 40
409 350
355 399
165 8
364 362
348 97
348 31
182 255
39 169
354 58
235 190
187 336
365 253
83 87
403 405
179 278
367 109
174 150
240 208
233 329
181 22
409 176
104 164
392 27
264 358
242 254
297 187
379 326
328 25
211 72
330 276
182 15
137 264
237 418
167 85
391 47
51 233
207 281
407 30
182 257
406 381
359 353
271 307
114 54
51 108
125 372
373 247
190 363
342 11
417 266
95 383
237 291
66 26
13 355
211 130
410 383
158 269
419 233
63 301
74 138
359 42
197 355
286 128
162 73
258 9
267 380
328 35
258 88
335 57
132 145
103 14
285 294
384 301
352 215
11 250
343 18
225 232
397 146
183 249
232 144
357 26
52 323
56 158
75 341
26 84
372 25
200 236
43 348
348 318
421 113
137 65
201 50
308 364
167 43
60 385
320 405
341 72
156 60
265 253
17 269
358 304
160 166
407 208
320 411
226 316
364 33
296 46
250 102
267 236
36 249
69 219
164 321
157 401
255 234
376 64
145 42
405 226
11 79
87 162
180 257
265 41
224 286
135 400
1 349
340 393
70 284
129 385
161 44
51 319
65 158
219 366
298 269
307 141
364 391
6 334
190 396
32 52
421 245
258 83
218 227
1 239
95 387
317 280
109 175
283 65
323 371
350 366
384 271
180 365
268 281
198 243
159 185
27 121
326 128
416 229
401 340
286 234
12 394
90 122
417 115
115 392
215 93
29 62
57 341
275 292
146 145
158 141
120 279
70 170
213 234
416 76
361 269
171 157
299 60
63 407
358 85
158 126
157 366
223 254
214 135
164 23
286 421
382 59
112 289
157 290
280 203
404 97
268 102
195 143
301 141
286 208
36 189
126 146
37 160
33 283
194 418
223 126
72 97
209 130
337 383
192 168
283 134
14 117
203 170
132 51
269 40
89 418
166 399
284 288
190 14
399 357
190 135
275 248
168 134
108 292
210 173
300 166
239 130
86 144
271 319
282 156
4 229
244 396
390 394
365 29
353 197
283 230
383 388
20 315
72 216
394 42
366 233
347 391
46 414
143 227
9 412
183 412
228 375
178 141
18 231
153 297
87 223
283 312
89 126
343 188
199 399
343 223
281 26
364 34
314 328
390 212
388 367
113 168
55 18
400 379
65 261
131 20
402 378
133 289
83 24
378 24
82 116
114 271
368 364
63 180
344 364
88 296
417 30
187 411
233 185
91 329
3 99
421 309
10 339
203 390
399 291
45 189
264 103
133 379
284 301
326 216
397 128
30 27
167 146
192 63
301 272
80 207
38 113
411 207
267 9
411 93
391 17
255 126
301 161
382 154
307 171
6 396
327 383
161 74
103 295
267 345
13 174
97 252
61 149
152 193
183 280
23 148
82 197
395 106
165 252
131 18
8 407
69 343
354 292
228 321
277 402
73 401
166 310
41 308
412 224
173 56
52 316
33 196
47 182
315 93
35 242
154 358
278 209
347 112
379 303
280 338
422 261
241 262
75 102
414 14
7 169
165 292
219 272
80 275
267 397
99 167
186 245
37 349
384 304
352 259
17 179
332 77
276 158
269 33
7 231
26 149
140 251
287 119
182 46
102 29
98 219
63 113
322 395
103 328
323 217
132 307
47 172
141 174
183 29
309 91
173 286
413 280
408 308
95 355
47 301
226 39
385 385
379 267
234 204
229 256
157 208
385 143
251 24
185 98
68 207
379 343
214 84
409 293
393 373
286 363
294 88
268 287
269 412
206 143
283 76
259 404
105 304
209 210
6 377
224 51
227 287
215 236
330 369
80 161
79 52
411 147
108 125
165 314
117 290
265 389
396 59
409 202
232 170
27 87
108 33
221 216
56 142
195 94
315 308
125 314
77 306
363 61
84 236
185 334
312 373
234 309
161 67
422 399
363 237
338 228
125 10
135 373
147 299
270 99
111 290
281 57
305 284
181 246
26 376
400 256
69 212
350 408
187 168
331 315
101 333
17 235
10 284
146 189
278 209
51 148
286 322
152 304
318 396
106 149
17 410
229 365
104 70
107 129
176 169
85 217
147 93
69 210
359 49
218 388
25 164
78 266
33 338
334 15
43 143
173 383
49 351
217 269
170 143
15 39
59 207
354 270
386 421
422 306
163 214
27 347
330 154
88 122
403 384
112 188
316 321
315 67
211 372
277 295
160 87
231 211
112 180
190 278
35 127
175 291
357 321
330 57
339 131
25 232
341 271
17 128
182 207
404 47
30 172
340 214
292 167
315 238
184 134
111 242
76 404
375 226
231 100
154 138
357 122
5 87
262 208
5 273
411 235
368 130
285 362
346 156
264 411
99 107
369 109
29 97
26 3
1 421
275 370
117 305
64 310
180 407
82 129
344 195
260 269
93 2
305 250
15 37
18 110
52 318
112 413
161 386
210 60
38 333
177 376
307 35
339 308
237 127
105 284
159 254
190 46
203 231
163 342
152 53
8 286
341 364
57 6
189 148
208 189
97 66
219 234
105 35
31 173
67 197
169 98
422 239
380 28
101 340
116 402
355 306
240 319
112 65
305 412
62 101
134 34
398 137
213 186
210 240
200 212
185 405
93 36
234 385
13 374
309 303
383 39
21 356
330 146
240 178
157 46
323 386
119 63
399 150
60 83
90 218
143 52
398 392
287 286
351 117
399 406
278 84
324 13
314 158
143 372
43 136
199 63
220 380
250 75
393 351
281 389
294 290
292 249
414 107
331 15
329 311
108 308
322 131
49 123
162 395
56 150
221 400
182 408
215 396
99 59
88 389
235 194
161 59
365 68
164 43
220 421
168 225
410 269
50 95
312 390
83 1
57 243
374 158
91 402
418 381
142 87
88 358
153 68
149 190
181 323
353 165
182 316
64 190
414 267
369 57
60 21
402 225
47 276
18 188
13 155
31 275
73 313
318 28
30 17
160 263
250 234
313 77
22 107
132 61
100 211
227 117
230 190
61 185
140 222
89 122
384 386
31 40
61 383
405 414
221 121
332 32
48 287
115 317
77 351
340 352
406 284
283 37
125 383
29 343
319 91
26 57
57 222
274 147
350 138
134 318
259 11
415 361
69 202
101 315
89 272
329 222
59 278
17 110
242 295
305 256
266 224
368 349
309 85
232 278
83 378
354 214
363 244
379 386
327 359
199 32
27 297
344 225
213 79
158 80
32 171
1 279
313 159
107 101
75 243
403 253
20 255
212 308
408 254
401 352
275 357
7 110
245 200
290 366
161 398
386 171
316 67
235 22
307 225
179 227
233 401
114 30
355 159
419 349
299 282
402 186
194 23
225 364
95 198
342 258
389 1
294 117
150 399
348 260
370 247
380 127
77 92
134 283
124 56
28 88
113 71
244 48
194 6
146 390
390 128
272 417
209 142
317 81
317 359
241 154
129 324
317 168
393 280
30 415
179 363
83 417
244 326
411 26
192 389
406 281
263 148
180 199
57 276
70 130
289 79
90 348
310 374
235 33
267 127
277 137
258 89
58 163
151 177
309 12
392 125
137 85
362 59
297 231
187 1
196 4
292 359
240 297
222 230
374 174
47 113
278 43
89 312
159 354
300 18
185 158
286 419
297 169
219 370
325 14
279 12
351 369
299 231
279 259
165 413
98 84
384 226
98 197
234 218
76 412
262 269
75 170
238 255
87 255
418 85
201 370
148 416
287 330
158 330
289 72
259 276
302 92
67 179
192 148
335 411
346 111
80 252
323 148
287 268
414 415
129 257
118 295
199 18
202 187
318 205
298 359
2 282
25 122
19 138
60 120
387 151
74 374
178 179
271 241
73 7
201 231
13 188
218 241
90 203
305 223
78 123
191 39
352 268
58 200
228 197
406 58
283 403
85 107
217 416
321 94
87 216
252 6
371 124
352 118
184 218
25 107
243 263
27 404
182 252
50 204
53 106
288 414
367 52
20 366
262 408
368 76
136 166
81 317
121 125
365 186
90 83
207 298
82 186
223 379
407 32
40 23
166 332
407 243
102 127
149 331
135 114
23 191
222 210
126 212
341 115
150 321
331 402
222 194
288 158
6 293
31 200
152 81
31 406
341 26
214 286
267 209
90 121
34 252
371 164
315 220
11 5
170 299
197 166
56 298
353 366
215 395
281 115
410 58
385 53
379 47
37 367
377 234
270 16
213 245
253 415
21 396
362 86
91 360
132 363
193 131
40 189
170 272
217 213
391 83
418 419
306 189
111 382
413 172
379 342
286 135
86 293
158 226
20 37
377 354
194 228
83 150
106 297
383 281
278 99
329 14
117 220
15 186
98 320
305 57
202 273
78 31
227 331
411 297
208 410
370 173
409 356
330 41
314 283
187 78
367 345
57 237
194 27
389 83
302 179
406 177
73 204
15 27
100 104
189 338
296 131
273 66
292 320
193 107
