321 5968
12 76
228 156
215 302
167 44
34 59
319 105
56 255
99 214
59 168
173 274
7 6
258 92
119 1
251 216
33 267
97 236
208 219
275 197
279 275
14 114
165 221
66 320
236 35
51 178
146 309
236 150
26 104
43 295
222 262
242 127
1 128
39 308
226 204
113 6
124 232
38 20
127 171
61 269
136 229
48 172
79 172
180 107
158 282
228 44
115 127
151 125
288 80
294 260
136 77
75 274
269 147
68 127
283 40
57 38
248 262
2 60
22 65
171 230
152 121
243 197
202 44
60 220
305 304
173 23
230 133
177 54
272 62
168 307
46 6
150 267
202 252
169 104
308 109
81 42
295 115
163 188
229 286
250 58
99 129
161 56
31 245
142 102
165 319
179 138
137 205
51 167
64 306
118 83
70 63
146 203
283 117
273 262
151 123
185 12
86 188
94 68
212 315
108 89
313 266
115 224
3 82
251 249
310 319
237 172
158 288
252 36
164 315
247 123
288 279
174 85
320 252
106 45
289 23
175 288
69 13
162 299
235 68
48 74
36 172
18 215
220 78
212 250
302 212
177 42
243 283
99 85
198 266
16 158
101 59
264 1
179 105
207 315
51 113
56 140
51 112
198 117
131 43
297 305
254 16
165 133
265 169
317 62
275 295
240 250
295 192
265 175
305 74
285 208
318 237
237 41
266 257
46 196
44 178
143 169
306 117
319 178
19 183
180 278
18 289
151 238
308 8
162 181
273 169
132 123
216 31
176 218
236 262
92 225
252 178
113 9
71 143
121 208
224 261
265 218
173 110
35 244
213 200
24 206
220 118
66 273
7 103
171 144
14 58
26 149
137 69
126 84
35 144
257 52
278 110
8 279
111 288
36 58
302 320
265 68
48 86
13 184
281 147
70 307
61 101
39 307
278 49
25 219
162 101
43 209
252 15
227 150
185 20
32 93
267 290
45 138
34 122
279 290
127 276
81 101
93 159
209 317
300 27
198 37
1 222
125 186
212 140
284 200
129 195
62 178
182 189
80 185
63 178
239 178
271 52
245 210
162 35
177 186
272 295
105 209
145 163
260 304
87 254
187 84
191 47
64 57
244 47
52 175
260 237
320 262
77 186
71 263
10 213
116 105
30 153
104 21
122 80
148 169
88 72
70 202
144 143
118 98
102 214
147 220
99 283
149 141
140 207
231 69
91 199
260 90
310 7
19 247
103 291
196 163
40 78
292 302
180 222
22 214
177 271
191 87
212 30
306 105
276 149
231 289
34 244
118 185
118 269
116 244
174 200
291 156
179 102
237 127
88 152
110 193
315 224
239 127
137 162
318 30
247 205
177 144
30 231
182 113
238 198
193 6
233 97
76 129
92 243
93 30
192 232
10 277
148 239
116 135
67 66
180 30
31 128
138 202
215 84
250 261
130 108
124 64
96 97
17 185
169 93
10 284
213 114
71 80
128 266
46 225
70 254
1 68
107 72
153 127
22 77
7 90
138 215
78 65
305 245
243 309
275 116
130 259
60 306
176 234
276 78
38 81
313 249
140 25
219 232
317 18
161 61
155 118
35 136
295 149
193 91
238 122
276 231
261 162
173 321
263 106
124 80
255 136
56 203
236 154
132 200
177 63
89 110
176 15
224 156
185 170
192 43
183 149
42 154
220 174
189 93
157 293
95 161
303 133
129 256
297 276
117 182
77 170
171 130
138 205
205 145
238 151
213 198
211 254
10 170
191 68
6 140
274 277
8 313
212 21
307 189
108 86
107 294
16 38
136 75
21 296
28 302
41 174
125 259
114 243
197 31
299 160
178 16
101 228
178 278
300 133
186 127
129 14
157 37
98 217
29 223
97 9
108 122
112 222
256 316
230 256
263 258
73 185
186 117
158 150
313 143
206 250
279 253
30 208
41 217
244 145
112 92
220 51
261 297
273 111
180 202
121 34
247 34
319 131
136 277
157 321
35 90
81 57
222 280
194 248
49 141
126 295
139 179
267 186
109 50
96 61
183 304
191 284
22 105
193 304
118 134
8 112
135 250
141 15
231 209
279 253
184 190
210 32
209 39
159 18
232 203
88 140
293 52
59 48
41 37
44 29
263 78
305 285
284 145
207 53
164 131
111 239
132 33
184 12
175 49
65 200
42 175
91 199
25 137
182 280
69 125
205 116
280 48
121 38
258 31
58 118
37 251
92 2
174 291
78 274
192 170
260 253
300 273
274 267
112 194
268 238
30 87
226 212
137 182
308 51
247 222
105 61
147 13
202 314
141 112
110 45
134 309
1 164
129 240
287 8
132 233
60 210
114 255
138 298
118 233
160 102
48 165
271 42
321 30
248 47
76 28
300 84
188 102
247 143
239 49
8 39
100 13
52 136
212 108
58 318
62 131
27 93
263 102
180 279
50 76
39 243
258 18
103 270
12 302
252 34
307 119
162 119
320 308
273 75
124 77
216 14
246 203
66 43
150 142
250 92
165 319
65 104
15 198
166 17
15 258
34 134
46 84
288 102
80 279
101 46
97 255
165 207
42 303
117 131
42 319
303 61
83 80
145 31
288 169
268 228
244 141
73 298
234 248
73 109
61 271
109 146
309 39
22 137
187 289
135 211
114 250
110 264
280 5
52 291
154 30
268 307
119 85
137 317
126 53
118 241
262 219
221 249
244 101
240 308
276 237
63 254
36 238
130 27
44 208
13 159
49 320
181 247
203 233
206 251
69 54
106 51
191 9
228 238
280 20
181 149
193 40
279 206
178 131
17 233
67 201
2 289
42 27
22 92
10 17
172 7
80 12
82 47
17 22
138 210
18 160
285 154
174 203
191 267
71 210
144 23
29 4
20 277
258 41
319 104
201 93
247 282
70 4
135 102
82 248
11 314
154 152
169 17
98 37
271 125
192 277
268 222
92 10
191 108
123 312
246 154
91 97
161 6
83 227
216 209
120 166
228 98
265 163
183 130
205 285
129 106
217 15
157 262
138 271
48 203
80 68
280 245
183 102
169 179
66 102
307 107
131 61
56 296
170 119
22 200
25 34
103 18
92 250
31 53
193 2
183 234
188 191
302 195
273 313
44 263
282 142
174 110
70 153
109 134
211 150
26 83
294 290
256 160
12 1
298 288
137 145
314 276
260 15
221 145
23 202
282 83
270 157
101 164
269 192
275 55
195 20
133 305
212 208
131 84
246 115
262 78
213 298
70 53
230 247
145 240
307 202
9 152
207 265
258 54
84 132
249 137
54 127
182 36
187 96
132 170
301 61
275 51
238 254
46 316
210 228
162 182
141 21
211 33
302 301
209 238
254 310
321 282
46 220
46 88
64 260
97 34
50 243
234 274
60 32
132 49
119 218
289 136
47 294
256 101
52 23
132 34
303 209
94 39
35 281
25 184
138 295
217 5
118 100
96 196
294 174
279 267
42 128
72 308
97 224
3 127
119 126
240 16
118 60
73 277
298 202
244 168
101 169
80 275
50 6
86 206
16 262
122 105
33 237
278 8
3 224
48 133
299 9
26 219
265 86
224 90
190 30
209 85
84 277
121 228
155 148
234 44
69 115
293 3
187 136
71 288
113 183
31 230
196 156
32 87
158 15
277 67
252 160
159 10
283 203
9 41
164 207
148 152
123 216
304 91
43 18
246 223
134 167
260 319
187 152
161 258
164 19
61 72
10 33
267 183
289 177
272 106
160 202
308 275
178 249
266 202
218 298
257 256
27 283
300 41
179 31
131 73
117 178
299 108
32 291
54 224
43 101
235 65
218 125
212 144
223 266
127 282
276 221
32 193
118 321
21 275
18 228
16 123
61 157
187 200
45 167
105 172
144 298
120 24
278 246
2 137
51 236
50 254
3 264
168 70
305 288
306 29
170 33
316 8
211 126
122 61
40 265
33 47
291 192
142 284
185 96
104 258
110 159
192 55
229 307
233 192
73 159
206 281
299 211
128 224
161 225
35 312
187 286
185 276
130 194
252 232
217 304
25 131
90 118
252 170
182 132
186 20
5 65
22 74
209 152
77 68
294 19
244 318
292 145
133 174
236 165
230 219
44 294
310 316
152 306
277 136
46 74
203 284
127 179
187 116
296 194
128 267
295 86
301 68
16 172
86 98
8 85
75 56
128 206
14 128
225 153
13 5
293 139
138 256
262 119
272 39
271 101
212 258
87 233
171 307
199 245
243 224
317 180
162 154
303 58
151 250
202 95
294 60
240 155
234 95
251 49
244 100
168 212
165 248
88 294
210 134
221 136
223 308
23 214
26 99
1 16
267 101
131 311
261 77
158 162
295 31
123 35
260 311
313 88
212 132
122 265
14 67
186 187
156 77
195 160
277 37
300 190
227 5
72 131
127 43
101 201
193 113
50 98
43 131
111 309
59 109
264 215
296 71
270 215
67 271
71 159
168 106
207 43
317 210
21 147
91 22
10 8
31 238
260 15
268 132
34 276
161 16
298 109
165 3
220 99
58 258
47 175
97 274
191 231
8 220
113 158
317 72
90 218
240 150
230 101
290 88
246 227
27 289
133 141
222 107
40 89
222 87
39 10
104 321
23 75
245 129
265 49
16 33
41 238
157 99
139 129
1 128
288 273
319 301
101 318
63 224
300 41
291 13
146 55
179 11
161 26
307 251
305 235
156 50
297 151
52 93
37 222
7 95
123 32
130 54
80 311
252 233
175 253
121 78
18 45
214 125
181 203
146 276
129 250
21 55
262 224
16 245
129 18
267 242
308 305
5 85
168 66
42 37
162 248
229 154
188 154
116 177
86 280
230 171
40 195
224 124
225 289
106 300
127 98
244 47
213 132
299 181
244 241
16 46
221 154
170 289
212 171
160 311
39 179
263 313
159 155
159 153
79 30
103 92
289 32
12 151
273 207
141 83
79 79
76 95
134 244
4 205
276 34
305 32
38 130
19 77
79 229
199 115
121 305
69 149
172 226
21 56
122 253
210 167
227 55
231 120
1 178
11 57
178 243
270 157
210 30
58 253
245 258
270 151
189 81
188 311
42 81
199 101
245 142
148 156
317 134
215 125
168 298
137 113
200 9
142 96
247 240
19 228
126 163
315 193
172 312
221 237
235 314
211 116
84 144
176 85
27 231
96 79
186 7
290 298
126 202
13 271
77 166
121 317
301 213
82 317
316 133
22 215
193 148
211 81
175 215
102 143
59 64
136 14
124 71
13 92
279 246
89 242
298 71
250 8
306 121
131 143
112 189
94 209
318 50
180 224
112 27
161 164
60 115
237 28
279 196
263 291
200 22
279 40
286 296
124 241
94 87
90 61
311 231
310 174
36 258
213 119
297 113
77 144
44 106
197 79
74 32
51 189
315 190
4 231
26 311
27 267
37 226
79 92
11 99
246 75
227 144
118 100
130 123
85 90
192 150
187 34
67 315
259 210
77 185
190 50
109 278
129 263
29 108
205 1
282 234
292 177
64 255
227 39
35 303
193 268
48 180
8 272
150 77
164 53
197 56
143 92
98 314
123 220
279 293
1 306
303 43
278 14
62 254
186 93
245 148
18 87
275 320
132 54
152 68
87 16
132 302
98 10
145 202
238 83
59 173
232 306
184 149
166 52
287 91
143 172
317 254
124 291
46 298
12 175
79 193
94 168
11 141
318 104
295 252
221 96
26 104
74 321
192 186
135 112
115 281
12 190
4 194
127 193
172 301
143 14
197 165
309 223
231 10
259 106
159 121
179 280
91 249
93 299
113 306
250 191
49 127
24 269
188 60
280 155
114 14
309 261
155 55
195 111
81 53
129 88
230 32
89 184
257 169
35 227
96 135
19 294
197 240
269 119
251 68
299 70
122 199
294 239
207 74
268 216
247 294
57 139
103 28
69 213
303 32
245 109
104 262
233 206
289 119
272 270
81 319
293 106
137 47
226 117
148 283
144 174
76 193
50 310
72 153
247 287
61 235
70 205
33 91
179 7
104 51
196 207
262 192
58 282
59 103
26 246
146 111
168 56
94 66
148 13
169 96
161 76
125 301
171 105
159 230
108 78
73 52
230 40
208 321
47 8
264 269
183 182
304 295
62 138
264 42
7 6
206 95
69 57
243 13
279 273
82 225
254 284
145 43
61 164
204 321
54 61
159 52
298 75
301 279
6 183
23 303
284 191
291 102
290 115
317 50
10 103
22 253
77 267
318 60
248 205
106 165
219 59
181 73
129 283
97 28
268 102
96 195
139 220
157 270
219 66
149 232
244 318
59 304
100 278
35 293
126 21
311 150
196 86
49 202
238 139
100 314
318 141
31 304
94 138
313 220
96 52
25 303
79 104
272 160
127 305
276 88
117 16
319 100
162 101
198 230
221 36
24 80
44 51
125 112
306 92
123 33
3 38
293 64
173 19
224 289
170 101
273 18
241 302
117 81
318 39
181 315
20 215
225 136
136 122
311 86
237 189
163 91
169 249
71 251
202 124
164 34
54 48
2 143
316 93
38 251
176 79
212 155
245 262
139 199
112 105
250 154
37 176
65 213
11 60
289 284
219 196
110 234
55 309
5 264
175 281
100 266
309 84
33 293
279 274
14 134
8 82
26 123
191 264
57 296
12 75
94 307
134 304
112 258
303 242
84 59
91 146
300 159
289 302
318 289
203 14
124 285
69 304
266 4
89 178
38 44
309 63
145 110
193 144
195 10
141 172
164 192
201 166
194 200
90 178
179 199
271 119
317 116
66 161
76 158
106 195
1 99
157 56
241 192
190 141
263 125
103 9
281 44
243 214
297 98
28 162
173 2
140 242
39 90
56 31
176 247
272 186
280 28
21 27
6 269
99 43
30 111
82 60
85 307
105 9
118 320
121 38
97 208
6 9
21 73
251 264
311 92
187 213
19 201
148 83
198 104
162 83
291 31
166 306
316 39
53 220
27 134
138 314
125 280
206 283
121 301
12 241
151 256
72 33
95 45
176 133
119 20
212 269
31 71
304 244
213 111
109 88
124 191
183 24
125 122
317 302
45 259
3 92
288 208
112 290
321 106
7 183
115 87
78 142
217 94
16 125
178 184
208 287
235 212
56 176
31 60
307 289
151 35
189 273
153 262
116 259
265 224
307 285
317 258
64 18
254 137
94 75
53 91
6 150
38 67
217 267
16 193
230 155
261 199
320 244
278 107
102 146
215 121
144 23
318 38
180 268
287 108
63 222
239 208
64 131
181 76
30 121
264 53
180 12
136 95
298 74
65 165
37 316
96 134
95 26
79 304
244 228
155 304
92 271
83 105
63 210
122 20
13 19
19 238
63 246
291 261
65 132
23 29
217 109
4 71
15 155
276 32
163 58
162 125
80 299
87 20
259 316
230 81
93 31
215 298
137 122
50 84
272 258
47 249
161 134
160 60
125 273
153 145
315 55
237 165
56 134
194 296
155 254
1 77
197 250
237 64
123 155
19 16
219 96
57 162
158 127
166 44
73 212
106 44
312 198
8 188
4 244
313 10
9 10
307 132
142 239
59 239
263 156
316 282
57 257
275 56
176 157
30 32
240 113
140 60
252 48
316 58
126 95
128 73
151 287
242 173
152 103
158 229
64 215
159 19
221 274
116 40
88 134
59 108
99 130
242 155
171 96
94 28
249 276
138 176
311 163
68 4
80 191
265 195
87 117
98 315
255 272
184 227
281 40
321 51
267 157
204 136
197 304
32 2
48 43
106 263
286 158
177 42
143 203
318 318
66 80
156 90
187 253
230 80
69 271
213 306
62 224
236 7
129 171
246 149
181 72
262 289
313 296
188 211
117 38
152 186
78 35
60 296
204 91
130 101
226 295
9 295
127 17
38 206
81 111
107 224
252 160
255 92
191 282
272 217
62 89
218 246
177 5
290 156
239 277
81 221
183 181
307 64
163 2
45 73
88 208
61 245
26 14
70 298
264 112
232 243
196 203
292 23
204 80
90 306
230 210
6 173
267 12
36 299
261 26
257 83
231 186
42 173
224 305
135 177
213 161
262 73
308 291
87 184
81 308
119 49
87 238
181 62
152 233
182 140
269 225
154 135
210 291
48 189
109 243
73 7
26 85
284 279
142 272
298 22
168 174
48 50
263 72
12 65
115 146
158 206
33 32
78 284
92 252
120 111
66 127
198 297
130 204
227 192
4 224
12 151
68 227
24 144
304 19
72 214
307 266
112 137
251 185
92 18
63 115
125 73
54 156
182 128
215 159
117 215
41 270
263 236
242 255
119 123
242 154
55 5
230 84
261 139
59 125
184 73
278 225
153 132
201 105
218 177
128 197
43 107
181 138
213 266
214 82
226 165
280 81
98 44
106 231
104 173
285 92
287 2
61 119
159 118
296 274
54 290
281 51
150 181
140 45
78 48
36 142
38 203
225 6
98 175
61 201
67 247
33 178
288 86
242 42
229 241
128 180
248 98
265 218
50 119
307 43
215 118
46 219
289 118
200 175
232 311
304 42
157 19
27 157
291 96
166 232
65 149
293 14
299 124
288 153
149 53
34 167
50 292
310 35
320 238
212 139
208 234
158 193
10 286
198 91
83 135
193 208
83 192
110 148
159 220
184 149
19 251
248 118
49 240
78 290
293 234
98 238
248 237
46 207
136 247
279 206
214 273
148 28
52 143
230 241
9 249
204 185
93 232
164 306
29 15
74 295
142 40
25 205
177 53
217 96
289 206
314 321
14 111
272 78
180 131
30 133
261 274
309 204
119 320
15 305
195 190
31 24
83 102
164 187
296 236
250 11
53 14
238 100
41 197
281 253
191 32
37 306
76 188
310 104
185 2
15 286
98 237
93 245
32 234
180 39
276 251
176 214
190 145
37 311
129 233
148 278
119 1
23 240
34 178
119 179
108 177
59 144
12 186
307 110
166 67
44 240
310 255
279 180
165 18
256 105
141 113
258 69
25 157
16 93
313 233
17 77
160 288
53 287
138 101
88 156
213 297
295 32
243 136
242 82
274 164
184 3
11 17
15 262
55 282
179 32
41 312
263 215
167 33
244 132
229 107
26 36
311 161
243 134
245 265
290 31
292 260
317 234
271 73
70 115
114 100
232 51
21 14
201 257
163 42
123 23
316 240
286 153
22 24
56 284
233 287
69 295
70 48
40 287
34 49
301 241
120 8
99 155
43 183
229 262
258 195
180 262
273 67
210 247
32 246
86 313
74 106
94 132
39 106
267 211
248 158
219 176
147 245
24 290
257 89
152 18
69 65
221 116
298 55
105 276
146 18
267 258
106 63
196 185
174 20
283 209
48 312
240 305
258 224
176 40
207 284
183 203
243 268
183 18
249 35
108 212
143 286
261 318
118 75
283 257
245 14
130 202
82 211
6 285
126 238
137 281
65 216
314 283
3 113
110 262
15 219
123 279
200 272
91 171
308 192
186 194
125 147
234 173
198 141
265 133
242 268
99 190
32 212
8 317
171 1
231 87
107 261
137 100
164 189
99 10
265 49
84 69
93 113
175 222
115 4
311 232
133 210
107 253
241 242
102 74
306 90
142 306
50 272
301 24
51 139
294 52
102 6
12 109
239 93
275 63
192 143
294 122
186 174
135 112
164 19
259 107
287 181
69 277
99 118
112 241
306 277
122 252
148 245
312 255
281 258
189 155
256 269
76 131
272 48
75 315
257 149
72 33
302 212
292 1
92 253
78 146
91 217
267 191
174 179
55 174
65 237
284 198
266 182
45 294
55 288
140 279
28 46
309 173
191 296
125 71
2 301
78 203
242 26
126 28
234 274
220 5
115 172
134 309
285 29
307 95
173 143
263 185
19 178
171 286
13 294
35 233
49 142
59 220
296 145
302 183
78 95
25 84
117 152
43 15
5 44
245 100
264 143
304 202
183 303
141 204
125 229
206 222
115 118
56 13
24 309
86 45
281 118
280 38
40 202
293 4
143 290
262 115
99 234
246 128
186 305
59 153
281 266
281 54
186 217
246 113
264 178
319 296
110 75
310 6
155 35
55 202
15 123
94 237
70 199
166 256
63 148
218 18
245 32
226 164
78 241
82 107
97 164
229 182
217 41
66 153
171 155
80 49
161 172
278 1
196 193
96 107
214 162
251 91
187 191
89 286
65 190
29 313
303 169
307 34
30 163
102 61
43 163
1 142
312 247
235 74
160 67
118 250
120 275
220 215
81 200
38 186
105 114
307 219
250 14
243 249
261 3
122 62
174 51
56 301
13 32
163 57
9 160
200 70
105 213
83 215
187 244
206 90
288 52
56 28
303 175
110 225
194 81
138 10
42 218
312 132
245 240
211 137
29 304
2 141
135 213
34 272
192 128
184 142
197 217
249 49
67 25
316 320
235 267
238 62
20 318
189 177
199 182
227 282
303 236
173 7
158 70
159 49
58 97
149 70
199 55
184 251
97 56
289 276
8 312
305 99
18 101
68 66
252 144
183 181
260 246
134 270
272 197
174 21
70 165
152 47
59 231
58 101
164 116
196 20
250 141
185 68
259 152
316 232
183 75
238 163
121 100
237 51
191 124
296 124
258 109
160 112
241 64
317 134
63 166
175 191
161 13
182 264
198 270
103 222
163 44
289 297
73 105
187 180
111 239
150 135
273 190
308 139
53 58
167 187
7 206
246 92
221 226
108 236
290 282
22 245
185 136
114 85
258 35
291 26
4 97
302 263
307 84
289 310
227 90
94 235
167 197
230 56
262 35
277 263
73 305
198 214
211 107
300 50
98 288
36 27
304 155
22 125
267 33
255 268
115 278
175 304
286 191
310 109
113 317
43 111
273 11
243 254
160 303
51 215
100 103
132 125
291 201
108 50
252 247
56 288
34 200
112 315
30 287
2 210
150 289
232 97
122 106
81 249
304 156
115 303
159 77
141 175
115 234
270 91
228 304
114 157
266 90
206 7
307 172
226 182
172 89
180 315
66 65
278 319
321 238
42 62
212 199
307 218
55 69
113 64
180 173
122 320
236 56
261 107
207 152
230 136
292 75
46 28
228 256
141 216
279 257
235 10
3 299
289 101
54 57
116 314
5 319
230 251
5 169
163 210
3 212
310 10
155 251
80 78
196 180
226 2
288 170
276 183
1 239
123 117
246 308
244 167
169 256
47 135
36 65
152 76
234 188
149 264
275 283
92 204
253 144
184 291
284 291
43 217
43 241
43 76
316 304
260 311
165 127
25 47
216 48
215 281
199 242
289 103
119 233
302 170
291 178
98 305
306 293
46 195
34 317
175 80
245 176
19 316
136 102
157 196
142 48
153 196
20 43
201 271
301 189
272 311
36 155
195 289
145 254
14 25
18 39
177 175
251 141
161 308
222 201
266 168
280 262
205 208
253 81
30 313
100 133
131 80
43 153
68 98
161 247
114 321
43 206
191 223
113 290
137 311
272 307
64 306
76 298
303 19
63 74
235 19
131 116
114 106
295 7
19 310
131 151
19 171
277 129
191 320
143 219
307 245
201 138
228 83
7 144
1 244
250 265
310 258
145 7
301 252
155 86
58 255
31 3
283 144
21 140
251 275
124 45
32 85
309 18
224 197
89 61
35 156
81 31
6 56
102 212
106 60
321 33
32 251
191 204
308 147
15 66
253 251
10 190
49 49
186 302
162 142
259 151
35 142
235 120
134 177
256 60
240 191
90 222
66 222
118 247
113 64
228 222
4 279
50 215
171 164
129 71
321 85
32 34
105 123
172 74
111 292
181 165
215 8
45 293
163 319
248 254
21 290
84 217
231 136
144 171
62 238
314 263
244 247
67 53
105 151
59 131
84 20
236 227
274 68
134 43
273 175
237 8
81 104
300 17
84 163
298 118
190 111
312 221
312 245
67 272
249 28
54 37
69 115
196 207
152 289
231 49
265 286
64 104
143 15
215 198
46 40
117 94
1 290
315 142
258 223
270 287
31 38
200 145
91 90
98 216
240 78
307 119
133 83
9 296
179 96
244 251
301 174
282 153
145 155
183 201
314 313
290 193
283 119
189 282
126 103
35 52
98 290
79 41
258 198
188 26
175 274
42 230
211 122
88 141
201 23
299 33
113 229
286 302
44 257
263 201
60 97
172 32
168 22
50 165
222 126
136 285
186 292
254 42
29 114
25 115
176 79
225 119
14 170
85 164
298 124
62 250
142 317
279 246
120 232
110 6
119 102
23 79
110 230
69 294
296 286
4 291
32 278
3 140
205 47
171 103
95 21
161 83
252 132
119 303
13 77
260 61
138 202
38 261
205 7
154 250
238 175
88 35
247 9
149 47
240 76
186 24
225 314
189 168
183 211
112 229
101 94
288 157
166 207
81 23
13 48
256 204
267 70
139 300
265 318
266 210
316 247
139 47
310 248
260 148
215 252
203 93
230 279
132 269
164 2
280 174
103 187
101 316
50 41
52 191
296 240
31 265
28 196
254 183
145 231
84 133
106 303
309 32
86 175
259 123
20 272
293 89
75 280
185 216
250 144
87 289
308 310
270 163
135 31
95 192
240 214
244 107
82 316
185 204
220 321
88 43
243 157
269 291
62 160
188 165
309 189
235 313
138 43
159 138
234 230
306 314
193 191
36 136
2 42
79 14
249 310
303 80
66 65
259 175
190 51
128 227
179 24
237 72
260 32
227 244
304 156
89 64
280 157
237 321
7 23
148 253
207 247
46 267
111 213
254 130
48 119
233 181
109 20
180 274
239 47
118 268
151 110
220 317
30 201
226 32
165 83
140 149
116 20
245 176
105 233
75 283
119 21
258 282
90 48
133 290
182 16
316 234
215 113
99 131
32 62
72 320
213 47
2 295
232 163
293 261
250 121
133 214
195 72
88 243
286 56
4 86
184 178
125 107
284 138
124 91
193 312
242 280
113 85
274 287
121 106
90 17
69 27
144 52
142 285
213 251
285 14
181 150
187 17
250 39
286 108
256 152
252 242
167 92
288 273
120 82
165 258
43 184
70 56
130 46
238 273
97 264
213 200
58 170
28 63
109 268
46 89
270 183
49 300
190 42
2 224
231 52
196 206
41 195
73 228
91 254
6 118
49 80
290 97
31 18
252 183
103 86
81 43
40 237
252 253
189 1
6 111
70 159
112 283
120 161
190 157
53 293
212 163
179 122
10 233
143 36
281 77
152 195
240 190
44 169
225 34
291 243
161 206
268 92
86 139
205 135
315 29
292 220
46 180
106 250
271 29
137 195
169 306
149 251
98 44
169 47
91 255
140 150
75 108
98 15
127 109
296 229
220 28
37 98
315 155
31 28
32 193
308 2
264 6
283 55
122 7
133 78
87 157
258 168
236 180
205 32
25 305
160 54
78 277
39 312
142 62
172 250
75 275
222 238
69 1
97 117
96 162
109 118
280 58
268 153
75 17
151 297
108 39
204 99
308 250
252 301
207 113
136 105
273 90
256 173
183 29
318 273
66 16
168 85
137 166
113 236
9 258
113 252
153 270
87 49
261 36
173 244
306 28
131 177
64 283
126 80
217 153
302 158
112 153
274 13
97 200
234 124
212 254
276 102
256 145
273 37
135 85
285 137
311 41
203 217
211 4
144 163
157 151
207 264
191 81
145 253
219 9
26 163
145 129
145 83
54 183
248 288
36 156
274 238
269 111
162 301
320 15
99 117
283 308
27 240
155 136
278 143
120 297
233 318
274 75
320 186
53 86
129 79
265 214
20 197
95 200
132 110
100 158
239 209
309 117
93 237
28 40
306 113
211 285
46 171
45 299
259 196
271 29
238 98
260 101
155 141
214 85
45 49
163 35
81 87
182 232
259 186
56 192
192 197
171 250
52 250
49 154
64 6
289 284
246 274
191 69
218 33
202 89
79 214
209 58
244 258
267 200
119 146
61 183
7 75
178 28
79 241
97 181
302 25
39 65
270 110
236 259
315 272
228 255
29 195
206 175
77 169
32 312
306 191
26 5
95 24
274 63
50 38
142 53
262 296
83 255
266 183
188 250
208 64
240 182
130 287
61 275
314 29
282 280
212 313
61 132
242 288
215 299
14 202
288 226
28 22
66 171
303 270
55 125
224 46
193 148
15 241
31 20
136 15
289 210
186 214
270 146
172 30
96 52
130 268
12 238
54 184
231 301
305 244
194 303
153 278
137 184
223 20
34 248
115 153
16 286
223 149
103 308
172 212
57 87
96 317
170 155
251 237
267 292
243 243
159 244
272 218
140 62
321 177
26 231
199 73
65 292
250 279
166 300
321 4
65 25
247 107
71 79
182 53
320 87
278 54
99 29
10 91
174 63
135 99
71 236
183 66
8 216
106 22
47 85
309 109
92 256
136 149
236 210
61 94
288 163
203 295
191 105
80 45
293 111
138 125
216 299
180 211
193 260
233 278
45 293
113 194
167 7
6 21
251 8
321 306
77 48
65 148
207 119
16 204
294 119
297 52
236 273
219 269
40 197
288 202
212 31
65 48
173 136
261 22
243 263
266 283
173 125
121 17
162 275
118 180
15 177
298 304
72 17
271 122
285 119
264 95
254 148
115 224
168 237
184 178
36 260
311 269
39 46
45 187
62 313
44 8
205 230
320 85
238 285
122 56
1 153
257 173
99 151
137 250
95 173
228 78
227 230
218 189
100 4
301 158
152 301
211 149
312 174
304 57
161 188
193 32
156 220
112 201
72 117
308 137
74 102
268 315
318 117
307 107
23 39
105 170
12 159
275 242
6 56
124 238
295 108
248 256
143 281
186 27
236 135
65 59
51 300
141 121
132 114
316 15
238 99
305 158
181 2
156 239
157 213
230 237
110 321
2 118
313 265
146 262
98 3
159 7
227 62
62 123
232 241
251 117
206 105
50 43
113 40
177 257
124 182
32 20
200 276
217 99
182 274
256 103
5 108
40 91
111 179
261 193
288 106
159 261
32 133
141 50
244 183
30 219
55 144
196 40
225 321
253 280
167 77
185 90
108 287
124 43
216 42
220 296
191 243
295 233
285 266
125 139
148 254
9 275
264 177
81 17
82 188
126 306
183 163
189 102
294 199
162 164
158 210
315 276
160 301
247 25
224 63
84 301
50 88
18 227
282 202
83 146
77 316
241 11
270 292
123 247
271 143
262 259
270 308
214 253
263 215
137 90
221 190
15 272
198 26
158 245
46 237
92 280
108 141
189 31
11 22
232 320
89 223
132 269
204 204
100 268
152 95
280 245
170 12
153 108
62 203
46 261
102 277
71 131
112 305
298 88
182 90
132 298
85 214
270 115
280 152
290 292
265 204
148 233
99 202
286 75
95 255
190 172
293 10
163 34
34 261
32 299
183 263
27 167
269 233
148 7
65 246
140 76
289 207
319 119
139 292
305 162
280 90
237 217
270 71
251 276
246 311
13 118
200 128
10 315
65 104
181 251
251 42
175 52
112 72
68 35
74 304
252 163
185 22
101 58
319 39
28 253
87 275
66 316
255 152
161 145
99 168
113 313
255 254
177 123
257 42
209 68
274 301
182 66
108 173
89 73
115 180
296 72
308 97
190 222
282 122
182 104
176 204
89 241
135 147
36 317
18 79
230 198
149 80
207 137
144 93
256 95
142 66
143 261
230 80
270 204
210 160
291 161
78 291
179 37
248 252
309 190
154 175
68 213
110 21
84 190
272 143
41 274
75 253
16 116
195 111
276 16
131 105
121 312
75 296
221 227
135 86
209 76
312 279
76 47
59 29
107 29
268 14
87 308
85 259
164 135
15 125
175 135
145 311
315 103
231 95
98 83
41 182
131 174
119 81
221 207
192 211
101 18
252 201
186 173
203 294
212 191
141 214
242 289
148 76
248 170
174 274
159 232
85 143
192 15
189 33
230 266
308 299
181 191
221 130
269 196
37 157
254 183
313 20
314 315
1 179
116 47
117 116
253 47
196 292
319 308
105 170
67 223
90 98
217 274
110 4
151 106
64 195
16 66
307 264
167 119
283 192
192 153
249 5
48 266
160 289
84 104
259 30
220 46
152 308
237 219
49 183
61 137
317 54
2 276
283 110
277 82
222 126
177 293
75 156
217 307
296 268
231 174
276 303
169 240
291 290
90 4
282 317
140 110
173 303
138 48
257 288
199 286
65 310
242 266
308 281
298 195
248 234
129 136
173 154
91 10
277 155
24 152
71 115
107 183
148 259
193 12
25 76
102 203
73 121
250 98
234 130
297 202
61 82
211 172
184 270
104 151
242 316
48 254
58 86
305 110
30 12
28 18
84 68
204 213
279 160
272 149
39 64
212 207
50 61
270 117
200 40
2 245
125 171
179 308
57 136
168 186
27 295
238 144
133 14
74 10
170 142
292 38
174 109
319 26
142 59
82 150
163 92
89 142
219 35
223 243
226 198
149 316
166 95
309 79
209 65
101 260
6 129
78 169
7 120
36 50
237 227
24 316
26 150
205 156
53 296
105 58
141 15
235 125
91 299
140 179
315 293
49 127
92 48
249 128
69 215
199 234
255 253
273 102
304 136
262 169
68 245
124 203
18 64
90 289
139 45
44 201
105 211
240 88
122 2
90 102
179 242
52 89
265 277
306 295
298 116
131 180
47 305
116 118
138 18
64 7
164 70
193 311
146 83
33 220
166 310
111 163
217 191
186 288
192 140
39 310
250 111
298 197
151 207
190 85
270 130
316 8
178 122
72 318
8 274
147 148
173 86
221 222
129 87
305 114
190 189
51 303
68 286
205 47
71 288
34 300
9 142
226 300
104 155
111 233
116 170
270 303
130 45
249 270
247 296
218 126
5 223
246 179
141 105
207 2
13 84
147 112
142 263
50 103
5 172
313 231
124 129
47 62
200 190
78 293
295 66
253 215
314 131
47 208
58 250
7 316
37 242
231 236
49 225
62 193
310 218
47 93
246 272
286 168
227 244
283 243
258 72
306 150
21 162
298 200
248 320
89 70
50 163
215 125
200 224
160 52
256 160
144 103
92 186
318 17
173 154
224 80
141 265
192 290
187 46
88 35
280 237
62 46
89 282
195 272
313 190
296 148
204 238
30 279
15 237
75 209
145 319
257 239
17 231
248 74
2 282
251 19
45 72
52 56
85 172
79 53
39 143
191 189
129 273
224 177
62 44
311 313
273 271
155 268
61 200
176 81
244 216
24 54
61 83
58 278
93 29
98 125
8 176
95 289
288 162
180 56
167 93
175 253
91 182
277 208
243 238
239 213
261 30
138 182
97 146
239 312
281 283
72 10
258 204
106 73
75 180
16 308
298 260
263 295
142 166
298 181
177 225
63 245
137 274
227 127
111 22
245 311
122 223
158 25
26 281
307 69
165 62
118 172
224 235
62 257
102 208
51 132
207 143
121 296
141 51
319 24
161 14
301 154
194 144
216 312
292 126
59 255
231 58
207 291
23 242
260 101
282 302
57 222
233 149
79 187
263 233
86 289
234 246
199 194
75 77
212 6
245 4
108 217
90 275
246 291
6 286
112 314
180 147
303 153
79 155
242 8
178 266
279 191
113 232
71 192
40 289
179 246
238 312
72 13
47 43
160 282
284 180
25 271
103 90
242 269
78 300
70 230
83 305
314 252
303 68
9 51
224 268
127 75
204 126
243 321
114 195
284 157
46 310
225 211
16 195
193 202
189 84
268 66
17 61
229 264
224 242
294 257
246 14
18 156
316 310
248 205
237 143
83 53
8 194
258 23
291 276
114 49
142 64
121 215
230 166
298 321
193 198
256 9
81 114
305 27
19 256
27 294
228 131
276 205
219 247
131 99
276 236
84 91
214 73
164 267
84 18
233 259
193 235
290 54
104 41
93 145
171 262
118 245
104 122
108 120
48 212
241 22
304 243
309 210
255 83
156 71
7 26
108 300
158 283
87 182
218 128
209 101
249 174
212 305
148 105
286 222
245 195
120 82
147 43
149 183
281 165
83 185
12 83
78 177
295 36
217 139
90 4
270 217
213 312
128 222
85 50
92 313
285 83
188 117
132 47
186 55
18 121
83 166
167 91
14 279
23 171
4 171
252 45
292 3
48 277
206 145
285 276
295 61
286 168
203 315
253 297
213 167
147 139
67 277
155 176
263 193
229 9
22 235
144 170
50 81
18 190
69 320
105 161
180 222
63 277
38 34
221 199
243 172
20 163
86 10
129 146
83 259
185 210
244 143
320 288
92 163
40 104
141 27
232 43
170 173
305 312
86 139
131 39
281 86
290 268
285 179
192 174
59 75
26 144
62 299
77 264
76 321
132 186
309 248
248 161
101 21
289 18
35 177
225 163
34 257
45 83
211 111
191 39
292 319
206 105
132 138
309 127
126 53
130 184
301 319
155 254
23 295
208 30
30 95
8 15
169 114
299 294
23 230
173 216
40 273
115 110
73 69
129 39
170 280
26 127
72 218
271 128
268 196
50 155
197 288
244 113
304 105
236 311
243 3
300 230
210 248
281 101
151 36
175 220
131 147
106 94
293 214
205 268
254 203
206 136
107 8
186 213
129 294
287 197
127 132
222 257
189 163
9 304
174 6
12 81
153 82
112 301
46 121
6 238
250 189
67 244
285 42
306 168
295 15
21 306
205 241
27 173
104 73
246 223
7 205
167 243
77 308
27 177
137 11
40 172
270 261
109 297
320 146
273 113
59 272
54 251
111 201
207 299
240 270
242 174
72 68
181 211
214 137
318 175
286 12
155 312
88 27
304 83
101 148
31 64
129 114
146 142
178 10
98 66
138 126
146 211
228 70
118 198
251 321
256 140
219 291
117 18
95 223
282 230
180 103
293 242
226 320
312 264
89 115
19 285
44 243
145 216
185 15
267 1
207 94
286 151
73 144
90 122
49 144
88 190
282 12
135 167
287 158
184 299
274 306
297 302
237 145
140 136
308 210
183 117
294 219
238 240
230 292
32 171
242 223
16 210
160 179
23 21
115 202
163 309
193 282
115 153
68 124
52 207
114 282
277 242
121 187
168 169
75 8
280 195
316 303
102 261
293 160
316 171
254 305
130 250
75 194
267 176
298 190
53 103
79 258
13 91
56 167
281 79
96 188
74 216
159 47
119 254
56 149
78 30
255 16
51 36
127 31
282 157
121 196
191 133
37 177
9 32
43 275
195 88
129 303
278 88
20 38
108 246
137 26
186 194
96 119
255 87
314 197
128 311
281 308
258 168
256 226
135 314
55 286
50 146
203 101
221 225
236 100
140 159
46 104
171 92
74 25
27 316
243 221
144 148
208 259
185 294
138 21
286 275
151 318
116 242
243 27
243 213
258 196
282 118
213 203
234 146
302 36
68 313
279 245
295 4
316 84
143 156
11 121
61 46
191 272
60 188
313 154
132 127
227 34
2 302
129 109
14 118
68 44
186 321
205 206
135 22
78 115
73 141
94 42
255 197
242 122
156 217
129 119
159 282
272 90
240 115
25 24
161 215
314 310
158 201
214 165
261 169
145 105
317 291
124 10
237 41
314 282
87 254
163 187
195 114
137 4
79 57
216 289
239 11
1 298
98 306
43 119
206 158
298 150
310 38
34 146
84 167
71 24
97 92
204 232
246 67
12 199
105 101
172 9
122 301
75 130
116 96
73 81
248 159
165 181
116 314
291 182
190 256
71 262
300 104
52 279
264 268
51 55
263 60
21 302
60 28
297 165
235 116
279 242
40 315
266 39
266 28
201 208
307 209
155 149
102 106
175 131
297 175
293 160
191 238
171 301
136 165
172 178
144 224
60 14
316 236
34 100
146 247
258 217
145 117
312 294
11 46
85 160
136 166
118 182
234 79
253 9
236 43
40 223
285 270
307 227
116 125
39 277
310 113
81 122
275 270
263 168
96 15
72 252
21 113
113 183
292 122
26 210
317 259
109 294
61 62
147 196
29 131
27 296
67 3
45 306
209 171
27 37
134 85
233 93
142 292
227 144
306 301
241 156
10 127
271 120
238 246
146 71
60 51
315 146
16 140
59 226
49 46
96 320
112 240
135 12
238 269
22 180
172 42
267 200
280 92
95 262
91 226
4 257
143 36
130 245
282 34
258 305
237 252
14 174
81 52
281 195
63 292
176 80
122 40
305 130
280 38
44 160
307 108
104 316
262 260
284 83
305 42
227 16
230 232
55 109
163 255
293 304
110 192
174 67
65 115
200 230
273 110
108 87
173 309
55 51
37 245
35 46
256 173
107 56
165 186
133 236
284 166
250 37
265 182
8 244
171 43
272 50
21 52
29 261
247 14
53 116
176 2
155 254
127 201
229 106
288 13
56 29
119 223
221 272
102 18
62 299
39 295
103 197
106 204
100 11
257 303
139 152
266 273
122 127
91 32
164 315
10 159
26 280
29 107
88 22
47 94
262 168
35 45
43 230
99 188
207 11
274 272
232 245
12 144
222 264
241 275
10 32
122 258
82 155
177 75
120 238
76 33
37 16
83 252
143 219
224 5
293 315
74 164
192 114
231 265
55 84
32 165
48 62
285 93
275 60
269 100
40 129
292 1
92 69
310 310
55 151
17 140
146 295
186 249
66 135
126 13
32 215
265 292
120 191
294 120
282 40
274 316
72 320
103 229
24 188
43 127
83 232
55 138
193 35
240 188
188 164
175 162
65 123
156 207
14 188
101 58
153 301
199 48
310 204
184 229
106 178
265 23
311 13
200 225
176 81
14 283
163 121
251 51
319 201
180 89
172 189
203 107
18 100
40 151
277 239
80 68
312 136
63 123
278 154
59 203
107 297
239 66
302 109
222 209
141 140
64 282
73 269
79 131
74 209
301 100
23 169
192 94
76 144
80 98
320 316
64 182
118 301
252 113
262 156
157 227
9 50
31 222
62 32
316 131
321 63
160 82
250 217
316 232
143 176
140 130
241 107
132 310
189 65
132 178
218 56
13 102
211 62
312 135
209 34
26 22
123 185
255 144
190 162
301 80
213 201
36 178
73 84
118 115
183 35
268 263
187 102
163 288
132 165
66 167
183 69
264 93
64 309
188 72
237 54
19 47
97 14
162 135
127 245
211 314
142 7
50 53
83 303
24 64
103 164
166 317
63 26
71 139
37 131
286 321
261 249
123 127
207 268
117 76
260 42
280 101
217 142
110 193
150 272
12 10
263 183
40 12
47 132
112 105
9 52
98 176
195 211
289 274
183 149
317 112
98 156
77 10
188 283
68 254
222 315
258 83
237 234
76 308
21 8
296 190
122 192
2 121
298 71
210 125
128 248
207 312
23 148
78 38
179 278
84 225
156 49
104 216
54 13
117 71
7 109
79 152
18 27
134 140
269 202
245 170
285 182
39 169
308 31
204 119
268 270
132 205
59 34
314 289
195 300
186 2
119 175
94 261
87 308
225 207
14 319
43 97
153 277
16 35
152 300
28 252
157 211
81 146
7 13
219 107
58 212
309 188
282 49
120 159
21 113
124 306
284 102
36 166
110 130
208 256
264 222
108 230
2 84
166 313
39 99
153 317
101 216
309 71
193 284
170 215
288 252
196 83
209 8
134 41
201 60
111 59
176 197
1 17
306 167
101 141
257 120
212 230
9 126
125 63
112 5
204 298
181 175
171 49
283 14
280 101
40 199
238 57
102 89
279 193
75 91
123 208
227 217
98 86
89 149
137 162
84 319
182 80
185 12
66 212
177 191
295 94
24 189
289 136
49 139
292 218
193 311
313 8
14 6
306 320
164 184
188 313
14 136
7 292
227 271
70 57
132 84
86 88
287 178
60 174
68 142
65 285
253 183
105 34
6 317
173 248
248 4
33 285
43 180
249 154
71 304
77 105
274 304
211 195
236 163
204 60
112 133
216 244
48 127
263 201
132 276
151 123
212 110
216 292
57 190
31 140
304 78
192 9
197 147
11 212
314 143
76 117
196 166
187 175
191 136
174 219
297 115
146 70
231 39
40 303
169 303
13 117
234 176
16 259
320 20
91 218
264 59
239 278
299 178
161 4
79 158
145 45
244 267
236 31
126 245
191 70
311 71
206 119
83 231
37 142
2 307
144 49
288 187
316 297
60 47
280 258
300 121
24 28
83 192
143 304
162 274
11 182
113 107
63 118
187 234
282 218
179 181
301 287
80 50
8 129
16 45
220 231
12 198
249 282
235 139
167 10
90 298
228 300
267 98
312 200
3 174
104 58
80 122
239 164
217 264
19 111
84 35
112 135
220 28
285 233
151 56
293 270
108 277
24 58
84 73
282 117
180 169
125 52
210 306
231 165
131 182
145 169
41 37
242 57
263 92
226 205
71 36
121 80
30 28
11 87
22 226
169 280
9 154
223 107
45 164
57 305
266 154
128 307
178 70
26 125
28 299
7 139
243 297
204 225
198 126
185 216
248 149
321 68
238 98
281 116
33 85
204 50
306 230
218 98
207 252
172 33
303 294
124 311
106 191
85 61
152 85
272 176
150 227
215 87
190 16
312 19
268 115
81 174
267 166
39 264
71 147
168 236
71 268
161 121
170 292
194 139
310 219
292 107
319 233
177 192
267 117
318 224
40 121
107 192
229 58
60 117
135 214
240 160
80 280
113 244
138 44
201 107
107 40
230 171
304 172
159 279
155 159
299 84
182 208
264 286
140 199
26 80
118 290
29 105
258 319
318 321
13 203
160 256
207 59
195 110
53 231
45 50
49 131
102 311
21 168
205 120
33 299
173 243
171 253
84 247
247 1
140 134
273 65
275 278
272 74
98 221
302 124
63 84
181 244
167 273
20 226
131 193
202 167
24 74
312 305
190 194
65 165
64 184
48 103
76 293
206 115
112 259
274 147
101 6
136 118
286 303
304 256
280 43
294 247
247 37
161 145
2 292
242 272
318 109
199 217
132 237
48 244
104 92
307 66
87 87
35 236
175 220
98 50
41 139
112 293
21 129
75 63
62 190
23 109
60 84
293 134
312 186
210 131
258 73
65 132
235 22
45 239
217 210
174 7
250 219
255 60
123 41
288 132
320 3
174 221
26 192
127 53
192 158
267 224
313 143
67 281
207 160
297 16
152 81
43 202
154 185
65 17
277 130
215 284
214 172
120 3
247 131
250 229
263 146
44 42
318 216
184 321
229 181
255 163
123 19
266 139
175 252
186 160
91 113
115 304
190 10
289 74
199 179
206 42
44 234
319 126
71 66
287 35
6 247
151 263
252 127
263 27
170 249
228 13
226 292
262 303
21 256
321 209
17 142
305 128
271 271
42 43
36 158
35 114
179 89
209 276
308 234
189 201
275 247
79 44
142 7
118 203
119 271
17 64
188 159
76 143
319 317
318 103
71 26
26 63
229 125
288 132
84 245
261 295
291 310
172 43
2 59
16 252
193 318
290 109
15 83
237 136
213 27
161 50
135 266
29 124
169 220
259 24
217 35
256 202
295 78
67 100
211 236
60 106
212 83
143 91
159 184
296 283
42 179
250 115
258 41
77 48
48 214
132 187
105 247
95 199
157 262
56 21
277 86
217 61
213 199
149 36
196 186
261 52
26 281
82 300
140 124
30 35
31 213
134 289
198 2
128 93
320 176
128 34
307 126
117 16
49 312
98 173
308 139
26 262
231 310
266 288
231 44
129 28
87 234
41 212
310 190
269 201
169 154
79 240
288 162
117 285
99 246
118 48
7 119
244 207
73 149
225 240
15 192
76 59
48 304
89 248
27 200
106 109
26 262
269 14
216 3
290 237
220 249
234 144
97 62
267 31
8 160
142 8
291 231
22 258
155 220
193 4
239 91
207 169
315 238
319 15
199 314
209 87
3 131
243 33
90 95
196 320
69 218
128 223
74 135
219 157
283 270
321 108
208 188
244 198
153 256
34 142
181 113
301 238
241 133
45 161
58 208
269 44
254 169
45 150
131 100
288 309
318 161
96 165
27 151
189 128
276 85
72 90
57 118
31 24
27 3
256 317
2 235
96 113
184 183
17 279
206 201
140 188
280 174
137 284
221 47
266 43
49 179
140 280
144 69
192 69
305 138
193 2
150 70
85 60
73 300
267 123
121 83
117 54
217 122
275 194
257 163
109 32
115 138
212 196
112 268
152 59
131 78
207 236
134 62
248 203
256 138
11 176
27 252
207 216
200 319
146 245
317 143
294 146
16 248
11 11
145 209
41 217
293 297
132 57
205 64
125 222
6 152
283 131
186 79
61 137
281 169
49 126
136 203
113 146
193 43
301 36
15 59
267 265
49 280
1 160
175 109
245 71
304 196
196 73
234 261
304 257
249 203
47 89
294 270
28 43
264 51
34 178
134 69
321 192
95 218
193 252
13 210
269 132
274 48
283 121
56 171
133 20
18 301
40 168
258 148
194 254
293 295
154 128
298 176
53 127
117 70
157 172
141 27
196 245
77 149
299 258
303 227
85 248
68 293
210 163
166 102
271 187
57 209
295 242
144 120
309 249
44 58
75 41
171 80
235 170
2 238
310 46
245 215
36 72
234 66
274 129
94 251
60 240
216 126
30 162
156 84
221 8
168 311
10 296
151 66
88 84
249 97
279 32
170 186
284 55
215 183
29 155
34 19
189 155
161 149
210 270
96 101
90 96
25 104
194 212
206 32
23 297
319 108
98 128
231 302
296 61
315 155
270 227
70 171
178 197
16 233
148 203
155 234
163 163
73 162
36 169
34 75
60 76
103 209
275 273
95 146
221 33
234 210
244 320
254 115
12 150
147 205
261 43
112 284
302 314
205 97
168 298
199 217
256 106
43 24
213 64
73 290
28 258
143 172
303 115
186 106
293 240
66 108
66 151
54 249
255 42
73 260
289 15
144 88
153 49
45 80
215 271
311 4
242 280
53 187
242 204
29 101
2 124
140 118
223 44
183 284
125 57
301 183
256 285
204 281
250 198
68 95
299 88
73 41
4 281
16 106
317 56
183 180
54 263
113 33
207 196
206 192
106 264
46 141
193 153
293 160
2 305
182 195
74 227
242 222
3 259
250 99
185 315
9 26
80 48
143 200
263 157
222 317
283 239
234 77
274 31
274 183
11 277
154 312
315 179
11 249
150 185
90 200
197 300
304 198
155 65
7 30
194 69
158 196
255 128
138 139
120 309
284 206
23 274
68 226
66 93
70 305
84 19
63 8
312 254
310 164
75 124
50 46
139 124
183 113
249 117
90 144
26 228
319 28
249 192
63 145
274 9
192 321
64 240
178 274
165 119
79 228
275 207
39 120
246 176
183 92
221 310
4 205
249 255
54 255
34 145
256 263
3 7
135 75
154 216
1 253
316 178
295 12
103 195
124 194
97 42
15 178
126 291
115 238
313 165
127 235
70 49
78 69
263 194
24 212
36 92
220 44
255 315
45 174
148 36
250 118
111 321
14 124
55 203
83 78
114 229
317 91
163 236
59 21
80 127
190 178
198 273
208 279
32 165
306 27
237 307
256 31
308 79
149 120
35 251
189 289
274 248
89 313
77 266
14 51
156 251
318 250
201 81
221 274
197 258
97 107
276 35
258 274
162 27
150 21
298 261
320 312
261 141
20 270
63 307
235 277
28 148
178 262
80 48
239 137
315 172
178 179
17 43
302 251
77 229
301 164
12 207
241 116
93 306
41 120
215 281
231 304
267 207
139 58
299 84
49 77
97 198
105 89
54 321
145 220
261 35
259 237
308 167
166 40
160 105
317 203
230 154
259 284
122 321
168 9
63 123
79 260
193 192
282 315
182 136
147 44
301 107
319 17
75 163
175 215
265 144
143 260
279 269
115 164
10 205
243 105
193 296
186 295
290 207
128 40
1 166
120 268
278 319
159 219
116 77
169 201
147 223
304 214
55 92
12 53
115 89
144 309
86 54
232 21
188 287
17 262
291 271
7 84
278 30
92 8
279 112
289 146
46 151
259 166
25 268
128 170
225 121
94 243
232 221
72 104
90 241
85 239
63 208
224 239
258 243
122 49
78 78
137 71
311 285
159 282
142 8
10 243
181 313
282 196
168 283
238 252
304 131
107 202
175 20
141 134
40 43
253 213
133 127
284 7
6 34
295 230
185 128
244 66
93 126
23 167
216 165
122 256
224 49
313 318
96 224
10 193
295 296
200 250
163 192
70 188
139 204
172 23
6 47
304 107
274 207
80 123
292 277
52 208
98 191
119 186
227 184
127 189
312 252
130 319
248 98
12 207
268 189
118 153
100 113
319 309
89 321
189 13
241 164
51 228
116 72
67 8
166 306
298 197
85 120
313 242
229 36
179 272
296 298
221 304
221 184
82 27
126 120
62 27
177 228
300 321
62 268
10 158
38 268
4 278
300 118
40 33
256 159
112 131
267 298
184 261
82 175
10 224
288 228
39 259
92 167
226 278
33 291
251 134
180 122
210 235
281 176
179 52
38 204
80 132
293 100
9 251
145 137
246 118
95 152
110 255
315 263
26 132
26 153
241 40
214 164
95 206
227 119
177 319
62 82
114 235
262 59
159 2
318 290
195 288
288 58
66 8
273 61
15 147
272 45
170 56
15 162
94 233
228 245
151 130
104 145
54 235
304 24
101 243
148 48
37 199
173 29
248 20
182 51
241 101
236 79
320 217
291 23
25 225
183 306
259 223
250 77
288 87
234 128
144 200
310 199
202 247
36 39
274 224
193 14
132 101
99 153
99 123
214 206
91 54
252 46
284 192
8 237
238 46
263 195
274 45
173 178
303 226
80 300
31 57
50 53
167 10
269 12
27 290
71 10
267 185
286 4
92 65
85 63
253 55
308 255
293 222
20 59
48 317
210 320
139 91
208 249
223 87
3 183
185 290
33 175
114 127
12 231
159 189
129 208
172 152
124 309
178 203
231 1
7 47
137 225
135 150
54 110
237 271
320 217
140 80
257 66
192 73
31 69
147 18
157 258
200 217
4 254
250 287
132 201
186 71
151 101
140 264
222 300
65 311
116 285
321 213
241 247
209 216
32 91
285 48
156 1
121 192
184 122
179 292
179 245
34 223
308 294
228 102
179 117
13 153
