499 4974
151 243
311 81
182 246
258 459
416 249
187 88
420 473
438 113
93 85
10 90
472 311
90 407
92 253
194 75
27 108
160 211
145 223
142 327
351 192
309 406
126 449
10 320
180 176
474 440
161 335
40 479
450 119
137 16
304 212
423 394
27 469
491 50
499 11
470 326
97 483
162 168
345 73
470 262
482 263
91 414
214 246
340 455
493 164
276 498
219 461
257 362
55 444
431 413
376 472
13 104
342 236
174 53
109 221
323 116
299 330
183 33
248 368
383 75
308 482
489 140
259 261
50 257
411 100
3 347
100 180
18 274
466 426
64 373
238 44
248 179
229 282
43 69
3 184
93 463
464 137
308 114
260 403
475 101
311 334
57 5
497 285
57 254
11 97
100 119
406 332
80 310
390 313
16 416
254 325
131 87
488 427
172 21
241 395
204 381
194 97
319 321
224 486
222 418
51 340
84 267
88 328
136 406
382 132
105 167
386 338
133 104
112 52
109 321
162 150
416 194
457 391
212 42
28 339
62 485
141 220
127 154
403 85
398 214
25 83
141 274
153 439
93 486
170 400
33 384
53 94
327 366
63 343
27 230
6 113
221 283
399 313
59 180
335 240
77 329
326 92
377 101
407 396
179 141
15 74
101 309
487 268
404 479
379 157
274 446
345 158
342 123
132 351
414 394
5 21
145 208
250 344
285 434
143 404
481 347
91 399
51 86
317 272
300 75
283 27
328 252
400 137
377 261
149 199
391 234
325 259
459 176
362 165
89 238
254 93
492 344
76 276
280 342
130 416
375 321
260 253
406 301
211 466
471 260
45 445
13 281
32 106
128 6
456 196
70 268
174 98
299 126
498 120
455 385
119 32
33 349
170 490
381 82
110 40
478 36
294 176
167 60
47 167
450 258
19 314
453 97
49 423
88 112
167 91
310 489
276 255
480 110
79 95
457 208
359 320
241 195
314 24
262 362
182 262
395 252
421 9
492 41
157 39
361 99
228 305
499 20
5 5
464 251
134 246
381 285
325 7
87 21
50 113
3 194
472 214
241 448
130 227
185 223
208 399
147 457
479 210
443 376
132 72
226 125
19 64
374 413
92 299
259 414
84 440
62 330
276 150
114 234
488 335
388 57
72 292
72 391
450 61
52 274
238 149
188 446
346 410
247 69
5 407
274 442
327 307
375 82
234 220
126 148
262 122
463 83
125 352
41 68
483 261
87 27
391 221
29 26
291 473
419 468
319 68
208 151
13 198
96 471
484 17
410 321
51 2
366 455
352 369
456 480
106 440
369 408
234 194
64 172
438 311
499 309
433 352
138 431
127 154
409 428
132 292
357 218
358 384
106 483
471 408
444 194
465 11
151 180
280 32
315 202
404 330
244 26
496 250
98 221
111 147
323 406
90 282
89 274
20 331
261 212
428 395
333 100
50 128
235 317
213 380
178 156
410 46
294 113
222 302
298 382
472 395
325 328
160 77
220 451
241 278
76 468
420 205
448 304
386 90
175 173
136 406
89 156
165 384
52 129
342 122
1 304
266 164
380 2
333 160
270 290
14 12
321 371
185 84
59 212
449 169
79 325
384 248
306 31
23 399
63 444
146 29
202 226
154 188
227 284
239 212
401 393
112 232
352 165
286 456
78 378
178 233
309 418
59 243
378 153
339 432
176 482
41 401
447 236
357 213
446 119
327 309
323 209
426 16
460 465
384 223
266 444
100 288
386 8
130 155
300 103
121 369
279 222
10 406
343 453
63 329
26 496
387 73
8 375
117 442
337 316
366 223
142 42
411 342
430 240
226 50
414 362
410 44
214 88
382 155
173 426
258 353
469 54
462 363
46 173
275 338
322 168
456 190
401 123
208 451
356 83
494 205
242 79
337 393
439 380
3 465
161 14
56 277
497 86
178 154
57 356
17 212
84 72
107 63
393 206
279 491
360 224
449 392
473 296
92 36
308 495
96 498
56 158
322 497
408 39
83 228
198 458
309 365
131 35
155 353
24 494
155 330
489 56
24 491
366 328
371 75
121 36
315 403
345 253
255 50
145 455
23 49
353 237
277 66
241 499
312 366
36 416
336 371
383 33
375 339
83 122
399 150
227 272
102 306
116 3
410 456
494 67
210 446
214 343
140 22
99 465
443 31
130 459
491 280
478 59
423 496
498 86
173 430
69 435
85 66
407 371
391 150
320 151
135 224
449 380
412 250
121 320
272 115
98 45
28 106
337 363
271 256
189 5
391 475
235 1
353 414
121 58
326 174
417 131
62 23
58 115
106 220
277 246
418 48
281 344
303 462
85 68
185 410
304 382
237 392
3 282
189 458
277 262
19 468
388 252
60 315
113 36
415 390
409 116
27 62
137 56
459 74
142 325
77 189
52 367
368 25
485 458
210 329
442 315
25 255
455 53
437 144
116 376
152 357
44 379
230 331
79 119
177 58
408 387
243 498
333 271
170 106
306 413
272 498
120 42
425 224
214 37
359 462
16 288
279 480
392 97
318 2
233 175
363 372
430 48
487 307
290 271
94 349
176 315
393 297
137 172
357 338
379 56
301 48
309 176
114 224
244 221
253 383
463 108
320 120
333 180
78 406
417 209
282 44
86 4
55 227
401 265
347 103
395 198
423 482
403 40
69 244
445 443
275 107
280 471
144 496
92 64
491 313
333 268
360 127
320 78
171 443
141 237
89 338
207 188
47 246
33 179
6 474
469 332
493 401
112 99
239 194
56 54
283 153
77 400
49 13
189 377
66 344
372 159
154 205
235 451
397 55
118 10
434 423
492 325
311 407
102 332
44 150
72 265
158 109
85 211
199 378
232 296
234 340
18 253
105 73
426 329
304 313
23 230
22 219
210 455
51 414
55 135
71 13
41 303
466 467
386 346
263 398
50 316
5 22
375 197
238 240
476 117
208 331
114 376
111 375
25 418
272 5
147 211
133 48
458 286
187 486
212 61
50 113
409 444
315 390
467 294
319 401
324 1
98 432
226 20
448 257
34 173
141 139
327 25
69 490
417 56
115 119
277 180
302 381
64 297
293 416
329 220
474 320
204 256
159 101
323 90
333 92
251 199
336 352
305 155
280 225
264 430
221 260
359 392
29 468
127 151
90 16
210 184
134 208
88 266
292 166
252 225
472 173
185 152
377 424
77 434
332 104
44 423
348 60
336 136
227 128
75 448
352 87
404 137
373 147
173 169
479 221
130 279
40 474
33 460
38 480
325 204
58 185
483 292
63 487
241 42
493 255
145 283
298 298
143 294
239 271
79 147
158 142
17 114
491 333
357 394
67 233
168 185
253 499
278 352
400 361
430 291
58 310
402 455
176 185
318 302
499 210
201 461
430 16
117 8
360 216
368 31
127 188
412 78
86 353
275 81
116 289
420 30
204 345
317 289
150 193
339 95
121 87
275 285
479 163
186 463
260 413
41 195
229 466
274 186
236 442
377 65
391 244
220 488
423 438
183 129
185 334
299 55
150 326
283 155
312 370
195 486
205 152
21 137
491 196
396 191
133 170
453 13
29 122
460 334
363 464
15 240
220 479
365 307
27 15
184 5
207 3
87 145
31 16
84 450
400 97
278 203
418 234
482 298
424 171
279 107
201 270
323 1
457 26
414 415
435 344
391 227
128 141
282 468
191 205
270 50
65 25
207 436
1 137
190 139
466 274
323 106
469 372
452 202
397 51
343 178
333 107
194 443
455 189
249 171
358 55
327 73
129 66
252 210
86 80
477 475
129 316
218 309
6 296
465 215
118 240
77 150
247 438
282 371
270 225
64 322
75 115
297 308
215 102
201 167
77 396
315 336
175 482
5 283
346 390
235 393
416 182
240 134
302 413
98 428
161 200
264 416
284 362
181 146
236 340
73 407
453 76
93 158
456 249
115 216
151 411
454 152
36 80
199 180
42 398
146 164
492 296
77 122
220 208
402 370
284 498
91 456
311 245
137 423
366 454
426 161
211 122
324 440
47 198
331 336
246 400
215 447
326 26
117 339
201 246
75 180
333 429
37 493
410 75
17 396
438 206
460 361
311 241
58 256
266 392
427 432
92 69
266 167
117 251
304 199
124 277
258 151
424 468
106 173
439 333
181 427
159 134
81 284
478 288
292 446
376 395
436 25
303 357
194 61
315 393
400 438
29 467
458 42
226 135
208 74
480 13
56 181
261 409
385 92
381 444
52 248
128 401
167 164
438 341
268 339
227 201
58 427
98 19
236 87
43 199
59 109
247 332
53 71
97 336
249 487
439 363
230 188
75 226
230 303
123 441
305 449
290 228
438 316
336 332
293 265
249 299
227 329
370 118
487 316
308 117
21 371
262 143
418 239
446 105
383 12
255 463
219 6
413 218
397 110
428 234
410 311
169 241
134 281
325 168
343 474
367 412
47 220
256 99
294 268
331 143
384 275
73 292
184 32
55 122
44 432
423 451
433 487
43 139
350 447
445 16
46 21
357 35
203 140
145 379
6 255
468 248
122 247
321 151
94 423
150 126
414 270
35 387
478 157
28 461
135 470
86 355
493 459
489 436
67 420
492 225
92 464
202 319
209 357
191 162
339 449
310 275
425 454
202 188
43 414
154 351
405 398
392 356
333 430
71 425
64 321
121 86
156 332
377 315
196 6
293 302
179 377
252 439
383 54
450 322
137 422
458 399
483 92
11 219
440 324
432 118
23 439
148 217
436 361
67 36
25 438
247 388
170 208
440 114
411 231
223 326
225 320
446 64
162 470
477 165
240 484
364 427
153 52
329 485
71 24
279 365
113 456
183 69
468 38
48 329
359 482
97 130
65 191
206 456
478 425
446 223
186 344
319 455
106 453
315 329
259 285
133 288
273 227
304 41
244 436
459 79
57 338
237 312
313 301
166 279
286 384
419 307
302 499
354 56
159 63
419 382
318 220
360 9
383 252
422 137
273 253
424 116
240 68
289 72
389 18
46 241
487 415
344 7
381 459
242 117
454 451
126 282
387 445
125 468
269 147
62 127
299 309
186 20
181 90
42 422
474 31
395 129
179 198
350 448
287 494
313 3
212 493
170 48
367 138
190 239
89 166
456 53
389 189
292 393
322 323
232 399
316 125
455 35
309 470
3 7
134 94
17 42
106 35
234 205
120 485
69 315
97 400
321 56
364 287
439 328
148 270
379 323
8 131
371 29
160 442
119 132
372 95
166 152
189 107
102 376
470 201
240 64
197 149
492 101
250 384
250 438
339 255
241 378
259 487
146 359
169 477
408 318
56 233
197 38
118 291
265 45
298 7
319 71
5 241
335 499
206 334
450 408
427 97
65 410
19 22
337 125
176 460
427 20
305 449
236 67
345 352
90 461
294 397
34 23
466 349
300 422
345 185
43 498
259 309
107 344
348 306
409 260
389 421
153 455
352 29
40 51
65 362
398 220
318 291
477 491
17 373
466 17
169 29
321 199
469 119
143 318
147 264
61 495
306 373
434 402
220 294
319 185
466 221
39 389
469 420
155 213
131 348
135 147
149 51
432 6
414 141
237 462
370 18
45 446
286 84
362 160
470 231
374 303
416 45
387 174
401 183
438 440
40 382
409 197
413 41
91 495
41 77
138 404
444 422
493 343
302 251
358 145
391 7
425 107
19 472
237 207
185 22
468 198
224 54
394 308
2 152
344 304
299 33
252 423
159 192
338 283
296 295
417 181
493 243
424 295
60 496
473 248
117 285
325 413
13 60
138 432
144 280
209 258
162 241
240 312
462 398
115 257
323 221
96 107
349 222
371 319
221 269
310 352
36 96
78 451
166 22
376 141
323 361
478 190
166 203
247 301
102 386
130 83
490 487
256 57
6 316
154 434
454 313
494 366
410 428
370 412
256 85
371 494
227 346
216 276
243 182
444 149
262 39
466 241
332 321
52 481
368 214
300 83
368 167
314 377
206 475
385 472
337 85
241 347
71 239
189 176
349 197
390 311
498 419
458 218
48 416
499 390
36 335
367 22
388 50
396 190
274 422
490 161
496 101
86 436
269 484
227 206
427 232
475 151
375 392
243 124
375 254
336 422
255 234
474 292
56 294
246 22
176 433
56 180
192 127
68 237
247 305
476 245
41 195
4 161
426 303
100 363
172 313
191 244
299 470
327 271
195 172
450 380
310 485
240 462
260 131
136 419
287 242
152 151
422 193
464 484
403 204
150 24
210 163
329 89
265 43
176 428
438 410
451 39
340 383
448 220
184 360
437 443
405 399
256 140
368 202
135 326
48 68
436 445
441 66
334 134
309 282
416 132
187 288
6 350
290 69
377 313
147 259
283 335
163 23
383 316
209 156
265 422
172 75
345 448
380 377
197 258
277 204
71 355
356 264
197 28
483 200
331 407
240 344
444 70
72 385
41 198
103 404
480 223
69 256
496 204
245 85
464 212
386 139
479 72
115 72
147 354
185 273
180 329
399 371
48 95
83 114
170 247
376 29
115 284
304 56
38 114
202 261
373 438
496 131
485 426
418 415
397 298
257 261
5 263
418 398
276 292
465 363
309 58
239 256
468 450
141 466
492 303
54 212
293 261
300 333
153 193
38 336
7 316
23 34
101 40
269 396
488 226
137 357
135 443
387 99
478 254
237 255
219 383
313 1
299 142
143 474
171 331
35 397
164 495
411 61
307 389
51 152
301 140
216 278
469 344
252 213
8 233
371 434
214 360
160 195
340 169
498 476
32 319
149 171
182 313
460 144
204 456
223 282
334 96
157 246
6 371
391 375
468 445
456 283
321 79
13 384
459 255
189 171
153 268
58 24
344 366
242 310
450 289
59 331
68 308
24 381
286 133
309 173
430 450
47 387
399 472
17 446
340 359
244 391
446 346
265 132
320 187
456 209
279 153
365 118
19 348
147 332
135 173
1 286
205 105
364 447
203 54
148 480
323 210
444 247
112 381
474 321
303 42
480 141
493 239
265 213
495 495
197 293
423 269
443 423
8 137
392 156
70 168
198 420
114 172
5 108
56 414
316 298
30 178
84 133
146 489
294 425
425 309
399 16
251 6
36 472
492 454
238 287
265 89
74 39
203 272
311 31
495 255
207 117
211 273
15 146
342 243
275 368
193 260
111 15
375 229
434 62
356 490
361 322
286 390
128 379
338 260
187 65
169 178
263 456
484 150
155 465
37 254
418 324
28 287
16 466
116 295
191 447
38 251
387 228
352 166
84 461
266 494
115 392
303 298
269 278
114 364
313 164
353 366
406 288
433 125
376 395
96 436
147 300
425 375
61 413
397 228
152 250
253 315
426 107
369 219
408 282
370 315
115 415
360 450
55 231
288 315
289 447
288 333
166 142
383 194
266 415
84 210
389 280
2 262
343 167
248 291
454 164
369 422
327 202
320 52
432 251
144 51
172 228
468 302
43 16
324 358
198 284
474 421
170 408
75 249
83 149
24 68
127 351
489 299
162 23
278 238
280 66
227 226
299 472
249 229
194 300
364 265
174 297
396 156
405 162
306 355
333 51
497 169
357 420
54 167
217 314
384 342
156 405
440 118
486 234
162 56
498 190
226 68
437 448
440 339
212 447
51 424
247 272
327 462
427 218
377 272
415 95
53 343
425 192
342 351
415 30
133 247
359 440
473 293
283 202
440 243
486 116
429 237
224 166
202 115
13 44
315 401
66 99
178 385
281 227
206 386
443 260
262 418
51 408
284 258
446 155
301 449
441 355
462 266
255 334
164 462
344 177
176 390
207 222
129 196
274 226
497 281
449 122
304 473
387 68
242 264
138 373
94 76
126 222
246 384
310 91
282 480
191 355
158 486
203 113
192 497
461 178
21 174
415 370
97 50
327 178
407 79
132 472
94 341
302 449
136 286
170 3
124 398
488 475
6 122
114 492
169 175
485 294
309 464
495 234
66 254
198 442
136 341
70 84
337 243
323 175
241 319
59 302
291 62
166 129
287 57
22 245
418 298
90 384
270 111
70 359
264 432
248 251
170 154
376 276
244 137
89 341
93 333
231 458
395 347
464 200
386 155
377 136
439 75
229 232
405 466
137 405
205 312
241 255
125 77
259 85
386 447
186 303
404 118
442 213
156 121
220 49
440 222
471 217
94 220
415 421
472 253
277 469
287 10
142 353
420 101
168 285
269 340
129 495
179 23
72 210
108 156
483 51
49 490
153 284
384 312
275 470
331 147
251 194
455 86
87 370
392 283
354 446
326 24
7 426
113 349
352 314
10 359
472 472
473 186
2 362
145 217
137 371
238 411
347 265
205 353
149 130
32 396
82 396
343 156
463 343
12 2
284 105
123 167
233 450
486 273
19 231
398 36
476 394
52 148
273 176
109 130
250 418
367 370
152 251
154 364
293 275
317 484
332 450
319 318
210 190
289 391
176 476
440 93
130 267
129 278
155 146
70 255
384 369
196 361
126 366
33 186
106 271
291 466
293 322
375 463
67 363
384 139
213 108
50 285
447 86
488 498
174 175
416 483
151 158
448 147
205 479
433 459
35 235
15 89
337 474
187 353
439 356
162 111
93 29
13 99
277 66
171 215
236 337
340 98
268 197
328 212
15 159
170 168
106 347
344 443
322 110
195 31
102 216
447 410
176 113
315 457
210 289
431 277
239 272
212 44
126 8
194 5
142 215
202 410
329 155
40 122
447 237
170 138
424 262
448 449
310 385
413 139
337 456
217 90
197 49
384 308
57 354
382 26
209 286
125 361
192 280
460 231
141 149
160 199
165 5
476 167
127 52
476 18
319 317
472 473
78 351
377 71
49 264
155 330
80 382
31 426
174 495
397 305
87 156
118 344
254 115
331 152
130 461
451 488
313 463
454 353
470 166
419 318
188 388
50 473
311 116
115 442
174 453
196 498
211 350
298 398
172 171
150 241
25 473
243 130
257 143
333 330
472 437
226 290
126 465
327 146
244 459
13 397
465 380
330 303
246 247
277 302
175 81
174 160
373 228
402 483
100 436
163 114
418 333
56 244
122 208
66 113
383 273
244 484
442 190
240 330
218 488
252 290
286 123
485 56
51 437
436 249
141 425
323 6
418 490
150 283
337 252
207 427
422 191
352 306
468 235
43 288
218 306
57 241
270 136
74 430
266 170
95 430
7 158
136 4
369 283
140 207
158 138
36 423
462 12
466 386
31 35
28 44
28 371
119 290
68 26
200 363
151 107
353 266
163 270
437 159
341 402
58 13
456 187
363 392
360 123
233 110
370 323
142 215
392 282
122 430
477 102
107 458
331 82
257 492
205 423
246 229
303 231
319 383
356 475
86 12
360 295
361 377
174 40
206 165
258 398
29 313
266 386
52 294
85 205
119 429
339 17
406 350
295 210
382 77
105 339
431 167
316 130
322 350
354 144
288 183
92 432
403 104
75 14
494 287
163 225
303 290
438 156
325 328
248 214
422 166
290 36
326 446
180 429
359 454
186 304
53 223
229 393
260 79
175 347
367 292
26 490
312 209
454 261
442 408
233 63
14 265
135 399
11 193
426 41
62 466
54 45
119 477
47 339
354 55
433 385
400 201
210 298
230 367
120 229
365 124
475 348
158 173
204 81
409 238
20 36
490 406
274 70
383 282
211 30
158 403
499 297
291 209
284 210
70 49
10 274
373 423
15 382
394 107
182 237
258 474
266 288
317 448
370 358
170 414
117 37
91 404
302 36
381 437
166 132
140 99
303 327
121 26
77 10
305 47
47 407
332 323
255 332
277 87
435 94
441 487
74 152
369 423
462 329
39 149
220 258
205 213
226 329
51 133
495 219
467 134
42 482
117 135
228 337
175 268
2 153
166 420
475 113
495 368
384 11
9 114
149 145
354 150
209 408
425 480
433 462
357 293
62 405
190 67
435 352
389 203
39 413
225 185
470 227
119 123
258 337
237 348
204 390
424 384
491 10
234 362
448 425
325 412
93 154
69 90
251 282
345 421
144 72
295 184
479 185
377 146
160 208
272 452
369 8
136 439
337 345
451 406
230 47
55 363
445 499
182 298
189 329
243 432
82 168
331 63
410 417
19 320
189 407
496 162
390 328
421 243
483 383
338 182
56 352
208 313
228 217
91 309
103 316
81 170
264 330
50 190
238 60
117 383
498 444
279 286
457 50
207 79
446 207
55 326
267 319
112 450
105 375
247 339
293 6
417 362
97 448
70 86
402 175
335 69
324 248
15 257
255 309
437 104
62 96
352 142
334 333
125 39
391 198
402 224
259 78
98 202
49 393
422 97
257 56
31 5
351 51
217 55
130 237
191 476
383 268
485 455
284 464
480 26
354 204
397 136
334 18
60 348
221 335
246 320
256 32
340 271
162 131
490 20
487 289
105 475
473 353
413 436
227 452
407 51
117 26
266 421
426 375
407 120
379 78
81 445
327 498
202 359
434 227
152 119
1 257
208 291
11 298
355 268
456 22
92 203
264 154
256 469
165 120
224 301
181 173
43 491
392 5
418 345
279 43
204 273
391 421
257 279
497 8
133 52
323 247
131 257
215 428
225 294
332 89
68 307
207 38
392 1
59 128
57 93
272 237
9 218
244 71
33 368
351 292
353 488
497 43
61 115
284 450
147 229
32 20
322 61
119 337
378 32
82 369
464 144
479 429
399 257
70 243
425 167
459 352
276 390
27 339
304 109
137 95
394 442
55 378
6 409
347 330
38 416
379 382
316 421
151 62
152 147
395 33
312 272
149 17
284 120
480 41
193 248
329 372
74 435
248 299
150 252
411 214
316 110
293 473
474 84
11 298
257 478
117 98
398 38
183 293
395 103
180 34
324 181
132 352
333 85
317 115
407 375
343 91
340 268
336 248
457 62
405 485
420 331
147 241
316 173
389 178
407 409
406 69
259 415
71 298
279 352
324 200
114 32
10 57
478 464
271 371
206 260
213 85
393 113
245 120
125 238
307 397
307 460
350 66
285 220
72 56
324 96
60 215
47 461
436 179
58 99
214 423
69 326
323 128
287 208
220 67
70 120
312 498
61 291
270 413
469 443
486 124
238 479
120 222
206 406
69 250
63 345
454 344
450 436
416 432
138 377
184 172
353 361
254 49
21 247
283 20
399 77
113 224
9 349
324 217
197 169
403 325
210 229
201 191
79 451
244 319
271 340
360 276
205 240
428 320
179 208
171 372
487 426
49 273
394 164
99 67
180 486
57 42
338 252
392 280
9 76
137 331
194 112
70 309
373 212
111 158
322 463
185 424
42 175
146 161
259 220
185 345
70 266
351 15
111 353
341 339
61 90
139 284
469 358
241 489
175 42
108 10
123 496
221 33
6 446
284 365
463 56
6 40
480 264
222 103
451 362
203 479
205 407
143 99
51 435
394 319
153 431
182 359
221 306
157 68
378 369
6 252
296 275
8 65
131 78
375 134
345 187
186 85
83 78
331 435
40 2
376 177
108 295
477 426
180 299
479 319
389 320
26 226
215 96
336 30
168 20
206 12
219 321
240 141
231 10
205 292
279 311
476 37
161 238
240 277
285 242
387 89
38 204
69 241
251 259
333 301
244 97
112 49
159 226
399 280
68 45
158 329
292 164
269 140
260 44
207 339
98 45
19 317
334 180
186 334
102 425
366 279
456 236
243 175
411 56
460 47
198 354
441 241
301 68
443 108
26 150
331 479
313 134
77 257
165 87
388 20
18 437
43 333
387 224
204 284
140 438
101 401
466 252
55 43
44 313
464 19
391 400
56 370
446 123
108 127
368 183
50 61
196 108
335 402
334 417
431 256
424 115
384 465
68 145
389 447
361 254
164 94
471 299
153 56
83 185
106 99
293 27
250 339
167 448
345 367
405 470
1 82
418 374
287 149
48 1
261 147
473 59
155 257
411 384
199 270
416 278
321 439
45 154
288 102
381 159
211 491
57 37
245 238
18 203
391 478
159 75
242 137
272 103
208 197
450 85
339 199
472 191
318 332
394 122
406 214
166 367
408 177
266 376
99 477
42 271
347 366
287 349
446 281
364 322
160 56
416 99
124 91
93 251
462 393
482 259
466 331
177 238
88 232
371 352
462 205
242 41
9 52
8 384
487 273
6 320
36 25
128 332
163 205
156 130
128 69
279 469
476 330
237 49
282 31
305 174
412 236
363 85
404 187
422 234
64 4
14 295
197 365
293 419
380 477
183 218
41 390
249 65
47 365
376 174
102 303
327 124
297 178
352 295
228 319
129 328
406 226
108 471
96 398
496 219
159 190
185 294
10 307
209 443
202 297
230 4
448 387
78 113
281 106
66 487
91 314
339 249
481 103
468 301
411 356
159 243
171 351
172 30
395 403
19 22
261 441
102 292
471 170
150 42
374 371
177 258
95 157
402 404
427 321
120 88
18 354
98 269
334 216
171 207
226 118
445 400
285 464
335 242
441 15
469 338
261 131
346 400
264 434
385 219
440 332
89 254
183 270
454 88
123 45
255 67
431 194
239 244
157 71
66 173
127 12
442 436
63 471
391 417
498 91
372 318
462 199
163 333
198 85
227 56
95 347
435 255
303 28
26 192
23 309
186 406
472 374
434 176
46 339
205 304
106 306
439 326
21 398
84 273
89 289
120 70
87 49
65 43
372 408
208 149
347 65
139 68
443 433
323 357
245 336
81 261
21 159
221 469
188 244
18 272
148 436
319 86
495 409
303 7
226 466
335 352
372 344
167 307
283 420
55 77
13 334
48 401
422 350
255 66
111 487
492 78
384 101
45 42
256 404
457 495
256 369
223 187
186 140
193 139
371 281
96 219
71 106
152 20
469 289
199 480
70 98
157 49
206 87
344 244
486 405
261 66
163 422
188 51
325 4
40 253
457 240
31 443
325 467
401 401
382 221
355 134
342 428
389 84
84 17
480 360
345 245
334 494
217 230
477 300
497 367
363 270
102 36
86 250
90 281
349 430
492 190
123 58
445 439
281 153
415 371
102 161
451 353
211 298
125 305
424 312
86 495
293 18
425 184
267 143
385 63
133 369
29 217
347 65
159 354
123 377
171 55
483 303
438 176
134 269
451 208
401 134
134 333
330 201
406 467
45 11
436 331
311 236
52 44
374 196
303 157
63 476
152 176
485 351
326 162
160 488
438 102
497 233
230 182
158 127
102 375
316 459
396 208
3 87
107 417
148 463
495 253
108 184
55 128
16 282
4 299
202 426
439 487
162 275
170 433
307 58
483 82
139 54
354 364
125 418
440 367
97 215
320 273
237 442
315 5
324 17
252 175
348 182
356 6
297 252
224 398
62 418
156 314
174 398
103 401
222 123
50 30
3 227
329 251
336 156
327 334
146 62
243 261
280 369
358 424
222 88
27 89
174 321
412 207
349 403
480 107
106 301
478 279
20 439
417 384
259 128
234 84
477 101
20 97
244 491
438 192
415 206
464 457
374 150
412 430
282 126
137 233
432 383
273 71
17 210
420 336
288 5
347 491
44 363
390 459
278 290
151 212
208 233
21 121
237 134
159 125
141 202
83 201
2 360
240 432
328 244
322 253
16 492
190 13
257 465
183 205
110 76
302 148
463 444
423 236
345 369
29 345
34 396
122 190
490 307
462 144
156 63
135 202
96 339
437 443
390 47
158 243
435 364
435 108
347 176
354 72
366 142
195 330
236 197
422 183
255 134
92 455
342 288
430 171
412 357
341 22
458 241
429 400
1 103
246 261
174 29
318 486
326 356
376 1
360 358
327 455
312 415
350 445
292 7
436 275
170 173
443 51
102 109
330 239
337 444
269 383
343 62
419 236
56 340
200 262
82 179
251 73
393 321
281 188
172 478
5 455
352 84
431 37
492 36
454 462
267 102
193 395
43 93
231 411
159 473
475 370
392 442
187 37
468 409
236 353
292 66
151 233
368 110
40 375
498 322
213 412
365 352
494 44
36 272
16 132
488 185
430 343
496 400
150 444
372 164
258 287
126 276
1 453
94 480
146 117
394 315
60 271
32 217
196 465
35 160
269 215
115 224
414 25
290 163
319 239
225 65
236 276
17 382
496 194
176 147
305 396
230 231
437 370
288 380
45 66
475 126
85 219
397 456
131 16
56 393
140 458
312 90
96 38
252 392
245 330
322 55
237 265
200 240
132 331
104 238
164 54
171 245
439 284
52 308
29 77
326 483
200 171
429 192
229 487
483 284
433 385
254 41
161 340
232 479
490 251
420 250
429 229
101 237
114 51
283 133
444 64
424 38
339 86
468 345
321 309
343 15
421 248
194 195
327 330
41 390
479 492
37 145
204 122
282 446
66 262
347 2
128 497
47 220
430 355
364 482
120 241
145 368
432 277
435 81
131 339
81 403
153 331
158 436
375 236
222 23
183 71
55 139
466 425
330 277
366 428
256 44
136 336
60 335
226 341
150 236
252 445
423 443
141 242
174 41
213 115
427 335
119 415
238 67
152 401
70 147
219 465
135 193
188 82
80 485
191 224
441 3
281 367
187 209
397 12
156 423
178 103
294 331
330 312
457 433
487 199
103 346
3 184
118 318
140 363
338 486
263 17
279 344
140 272
165 450
352 328
51 37
105 315
219 349
370 167
455 276
363 498
436 98
290 417
175 342
177 422
330 359
455 430
116 284
455 415
12 87
77 196
64 7
3 405
261 70
397 4
285 379
163 487
96 194
493 410
163 287
68 449
102 40
13 160
405 233
184 131
113 411
403 324
36 402
432 237
306 161
195 183
349 246
494 9
384 374
202 72
154 489
86 192
219 98
346 291
419 238
11 45
424 30
176 280
384 71
126 318
165 9
358 148
127 314
32 420
297 381
294 163
492 167
378 289
130 424
355 189
400 428
345 333
82 350
165 296
197 76
224 149
209 386
235 47
42 316
222 28
196 128
292 360
498 85
497 126
493 127
366 14
419 238
118 124
400 77
229 64
407 68
45 496
1 280
4 50
166 431
388 10
136 182
357 37
81 443
488 144
464 431
276 320
425 80
281 46
161 372
178 228
406 214
423 281
386 314
210 300
391 394
495 130
54 278
1 438
390 71
283 394
204 452
132 397
426 128
305 484
103 212
350 197
63 1
126 459
76 26
356 403
492 144
473 286
96 67
11 282
377 396
32 72
289 436
355 100
187 217
296 315
143 258
426 78
328 131
359 77
300 24
124 293
148 420
276 478
51 117
14 263
83 408
227 203
141 236
368 309
222 377
250 292
142 97
194 164
335 208
496 212
482 412
414 60
414 64
361 307
365 138
4 330
483 302
147 237
383 296
23 449
314 292
460 145
458 469
435 212
476 158
338 24
2 333
421 393
488 75
85 375
317 15
136 232
91 124
328 263
195 100
209 347
169 23
75 386
284 14
482 315
187 224
121 216
408 493
37 339
31 379
188 59
195 272
482 481
369 470
82 287
325 351
403 264
36 331
39 368
81 220
137 319
49 255
105 110
367 232
349 422
163 464
473 454
10 239
270 272
58 424
215 222
217 199
177 25
85 339
345 350
388 283
99 229
433 489
330 470
311 200
30 57
329 343
387 446
332 455
395 18
54 456
29 354
325 51
383 363
436 27
311 118
450 400
130 426
323 139
326 277
248 26
377 481
325 383
369 309
37 310
328 194
148 255
159 415
387 426
452 341
183 373
427 452
476 147
62 41
230 376
66 7
497 433
248 327
279 262
264 413
136 484
415 497
433 338
142 102
18 63
469 313
261 418
427 254
224 468
397 322
451 320
274 432
317 462
229 482
32 463
246 18
35 128
167 268
392 48
353 107
155 66
108 263
1 377
143 480
98 6
375 158
361 183
46 155
209 24
312 150
49 471
164 51
35 159
443 323
286 2
498 204
303 457
209 170
129 393
388 482
94 64
149 359
82 130
389 414
312 376
145 400
136 461
220 403
478 428
152 165
148 417
1 213
464 44
190 244
177 304
424 56
20 223
108 455
354 23
432 73
196 360
383 422
223 135
167 192
414 29
63 315
312 276
171 441
35 259
449 42
428 14
150 179
86 198
398 497
313 497
363 252
254 334
192 201
262 257
70 378
72 362
327 227
181 57
236 283
370 444
347 445
270 159
229 493
15 150
220 463
107 82
291 113
54 322
380 247
457 31
294 400
61 173
253 219
354 294
366 235
453 34
223 75
387 100
409 141
26 102
454 90
186 435
96 461
209 357
207 117
313 10
212 285
139 278
183 422
361 461
359 35
178 139
220 37
65 252
114 438
219 136
128 260
250 145
273 297
113 391
429 171
84 315
347 477
360 219
308 27
462 260
264 182
419 369
459 491
432 231
133 171
424 149
499 158
308 448
390 364
267 92
349 353
466 165
213 266
287 122
479 147
34 228
422 202
98 280
1 95
395 297
220 323
217 188
282 492
149 104
65 51
21 261
256 456
77 431
27 83
384 489
403 54
147 286
392 418
251 1
356 448
485 468
98 5
4 326
369 346
441 261
306 137
490 391
481 278
445 433
53 295
160 289
109 346
217 328
61 407
492 382
183 202
451 317
278 226
45 217
116 385
225 419
133 266
49 294
276 348
446 16
169 263
161 411
174 259
394 476
395 165
245 415
302 49
389 96
355 165
266 318
44 32
451 316
37 129
58 289
300 85
297 497
153 156
88 320
280 211
152 371
256 149
163 19
326 52
118 370
266 289
410 43
427 371
380 474
293 259
306 238
409 47
89 317
284 131
266 21
314 456
237 293
449 222
286 345
132 343
69 47
484 239
195 193
250 15
477 286
417 113
329 295
10 481
457 134
38 88
448 489
287 31
90 350
323 186
338 336
329 171
152 27
175 60
438 382
490 39
4 450
223 51
437 482
272 1
236 496
450 46
101 325
338 271
89 81
218 342
365 115
107 264
283 65
46 178
219 179
392 363
33 198
62 494
375 465
341 51
390 315
200 167
12 273
37 151
92 182
429 333
113 358
310 109
498 213
441 390
369 205
167 453
423 339
236 224
289 211
337 472
229 66
255 276
334 432
270 20
489 227
186 98
214 73
338 396
74 460
302 302
227 305
453 399
165 348
33 486
224 177
126 35
327 296
140 371
141 32
10 342
484 14
31 299
441 449
160 447
12 200
41 315
97 417
4 221
36 89
72 107
67 183
398 244
168 413
92 378
46 281
20 386
138 198
243 373
440 346
33 272
109 234
315 355
54 443
238 291
67 211
68 88
464 456
144 69
90 346
119 362
145 280
427 398
208 175
59 208
495 390
153 205
4 57
266 71
334 225
250 209
316 238
162 176
35 61
328 484
4 366
441 114
463 313
471 265
70 127
65 300
416 183
98 489
101 390
447 292
63 26
59 2
499 143
375 486
484 246
177 384
382 329
315 440
107 45
397 108
370 57
484 120
386 11
209 378
212 200
89 293
88 48
236 275
127 144
328 456
458 296
157 150
62 461
204 158
210 260
2 321
200 53
116 234
262 212
253 190
315 92
461 217
328 68
297 168
363 294
494 33
103 291
326 109
130 466
235 234
129 439
248 461
346 275
333 133
200 494
466 7
363 57
462 227
446 466
226 317
114 353
58 147
48 443
343 69
195 352
380 34
168 298
134 462
421 375
405 262
302 26
292 463
175 93
439 309
235 304
491 127
194 42
442 401
300 159
257 357
220 67
265 363
178 386
391 448
206 31
124 442
389 416
151 168
410 443
206 341
457 334
10 82
459 425
37 200
249 171
230 239
225 482
397 436
478 352
220 429
101 61
186 317
156 459
445 359
39 86
96 274
60 450
462 346
151 134
101 237
246 328
169 176
176 458
26 432
251 436
202 200
149 180
75 484
497 89
356 80
256 91
63 467
154 411
302 27
164 370
364 458
271 409
14 383
113 68
392 322
429 239
382 242
21 28
456 410
419 64
380 402
32 149
364 404
466 46
128 83
21 49
499 358
354 253
139 388
464 213
3 422
438 470
15 221
461 473
85 312
394 473
337 199
497 282
325 342
90 10
91 459
125 401
230 443
160 316
143 75
446 144
418 275
375 390
318 422
439 60
83 257
119 276
458 197
496 386
435 299
465 360
382 10
173 144
53 212
111 347
325 337
206 185
56 166
32 354
291 292
266 379
145 264
340 61
379 317
374 278
104 346
321 325
112 459
167 28
271 362
30 100
164 337
412 474
188 397
199 11
172 145
235 92
130 285
264 83
137 9
382 213
393 152
257 161
224 128
161 330
189 2
147 28
117 149
96 494
186 434
100 43
472 370
398 167
334 9
127 137
459 196
361 158
388 82
429 171
412 200
58 472
390 495
293 279
479 481
268 15
379 60
231 381
446 122
194 375
423 254
253 119
268 116
272 482
395 318
93 174
146 368
375 55
140 136
27 458
175 396
490 160
168 487
263 302
7 159
244 194
49 81
412 19
244 2
371 180
113 303
223 370
126 101
71 413
144 337
69 229
283 298
498 201
151 173
77 103
118 339
313 168
389 95
310 334
240 205
212 130
106 476
130 55
440 71
9 419
121 323
65 306
276 405
24 325
131 82
67 236
24 32
151 147
369 196
443 30
256 54
107 184
215 314
78 83
279 225
105 309
126 290
286 143
229 145
475 277
90 87
443 253
368 120
109 116
86 267
170 14
295 383
450 134
178 394
87 327
92 281
165 379
364 411
364 145
457 381
460 54
407 276
237 8
327 460
93 45
24 300
196 136
9 49
78 21
125 144
281 124
101 148
396 326
248 111
442 104
432 498
283 76
408 10
70 119
136 358
131 344
46 165
300 16
325 484
174 149
495 72
275 177
234 418
389 365
33 322
156 462
368 393
379 392
298 146
435 272
245 286
270 422
390 206
327 286
140 62
146 127
113 262
189 256
221 241
292 83
54 97
42 427
455 226
241 461
452 443
166 350
144 422
416 40
254 302
138 111
271 174
111 423
470 69
174 462
319 388
36 455
167 492
303 356
380 191
184 128
109 298
195 260
280 272
151 110
360 212
10 454
394 229
458 8
219 348
474 423
24 329
305 58
100 366
310 406
74 328
157 56
300 109
48 96
72 185
152 171
307 279
389 13
450 434
13 93
208 95
394 367
333 443
187 467
41 139
163 321
471 80
480 244
345 71
491 420
474 57
11 477
341 250
368 238
308 346
323 44
94 355
11 206
301 111
194 399
391 141
155 455
2 495
278 286
111 187
102 399
205 275
122 384
85 193
330 174
197 208
57 17
161 443
450 98
147 446
440 243
102 208
367 372
101 376
459 277
489 394
454 15
191 176
447 385
372 492
55 231
366 214
340 194
429 11
97 301
104 6
138 121
12 466
240 134
172 334
471 204
414 96
195 346
212 82
484 318
121 189
141 165
182 98
115 470
483 197
253 72
100 272
369 290
141 138
344 50
5 495
356 168
398 416
100 280
469 249
267 251
234 76
168 478
180 1
245 154
226 374
187 385
122 67
219 215
144 206
378 6
366 454
285 411
63 452
359 403
278 394
350 492
292 150
300 152
249 350
224 218
58 246
178 436
138 73
40 181
356 99
494 122
46 382
394 315
315 140
229 48
493 421
408 176
333 371
447 33
261 374
300 143
158 104
106 36
318 29
187 330
46 33
352 104
423 85
127 445
84 236
486 271
223 298
496 181
346 433
473 395
113 386
462 458
169 224
474 294
171 190
141 135
121 366
430 363
363 374
298 145
145 98
352 97
103 59
310 110
13 156
119 28
175 360
438 460
51 251
392 463
153 412
1 260
292 302
476 271
316 263
278 84
226 353
393 282
404 287
473 457
472 396
497 106
121 374
424 239
198 432
435 462
408 238
13 286
198 312
38 39
466 357
127 473
400 395
405 481
51 400
8 398
354 358
26 68
49 209
373 99
300 429
248 454
27 466
452 483
428 56
396 175
425 479
309 444
6 168
447 154
426 10
308 155
132 499
329 224
96 200
212 161
78 444
48 118
441 377
495 159
478 263
175 75
464 222
120 333
378 152
119 294
197 327
86 449
160 229
75 428
112 185
54 62
387 446
116 81
148 18
267 63
118 109
149 376
188 482
185 151
13 84
53 105
126 235
344 273
308 2
16 44
427 269
448 82
424 472
87 313
201 66
493 118
254 54
203 268
303 4
402 261
38 203
60 399
291 187
191 358
190 1
166 394
233 490
378 409
455 282
371 91
400 404
87 352
490 253
132 88
246 297
37 484
99 175
311 21
121 240
454 1
498 248
214 423
412 392
282 226
78 10
36 220
269 351
38 76
22 251
492 495
312 83
151 7
493 89
294 203
83 281
473 386
42 184
201 34
77 181
380 109
65 36
157 250
126 138
223 499
351 336
461 283
406 184
280 351
381 95
184 439
64 339
433 281
140 327
291 106
137 363
348 287
326 224
290 482
110 305
48 1
362 373
197 28
45 338
356 378
396 499
44 392
357 429
387 110
441 118
464 123
446 187
382 226
2 245
181 87
385 237
215 123
390 492
337 334
299 314
491 365
350 35
297 5
100 157
164 304
192 116
330 355
170 93
248 268
315 132
410 20
297 434
35 417
435 172
408 470
2 456
61 377
375 110
99 443
26 29
62 364
36 440
6 175
354 229
77 58
499 338
305 148
302 194
437 326
417 159
410 340
208 373
152 164
237 282
141 68
475 3
107 390
44 128
276 369
372 322
415 79
426 368
270 17
219 171
169 93
308 489
439 385
98 147
306 457
360 192
143 395
290 177
84 61
278 192
270 394
18 448
114 99
7 299
331 79
263 321
63 276
449 264
215 331
202 236
40 207
253 222
101 122
346 260
128 188
329 121
89 31
18 96
330 398
65 417
435 99
305 357
122 61
122 342
239 397
183 200
442 352
52 406
249 434
351 217
204 121
229 21
17 159
394 42
250 327
34 100
378 282
406 146
110 312
226 345
278 218
461 69
281 131
87 396
191 362
234 179
143 125
458 7
135 101
96 346
483 426
398 98
327 17
117 290
376 115
314 156
185 421
452 295
40 195
133 389
10 323
219 450
98 297
315 246
195 407
45 19
202 267
347 340
409 464
262 192
328 114
240 265
349 246
439 288
244 216
280 107
273 156
240 355
217 117
392 289
403 67
91 415
492 357
149 364
303 157
385 74
406 211
226 174
113 209
25 448
366 284
5 132
474 476
49 383
96 210
328 382
130 10
428 6
318 156
403 1
359 293
460 120
413 234
393 90
45 252
12 196
380 88
320 340
219 68
216 127
164 366
165 498
459 157
8 248
331 468
40 308
50 220
364 302
133 202
254 131
114 250
109 119
417 347
351 451
11 191
481 397
141 455
121 419
15 210
428 280
5 386
84 166
249 237
412 249
447 132
130 116
215 12
440 361
364 74
421 479
455 125
14 111
171 139
466 101
304 488
171 108
294 105
301 225
343 370
339 137
144 100
336 440
482 43
208 375
311 434
81 368
430 295
464 349
21 65
232 150
495 452
401 434
311 99
398 30
471 399
264 351
384 244
417 465
159 290
471 466
399 44
263 210
191 4
296 215
213 176
194 46
333 3
254 393
162 447
170 99
375 484
33 478
444 486
481 225
420 362
57 435
417 368
383 428
210 389
151 253
391 19
76 137
224 91
311 212
325 466
247 247
266 224
472 224
44 496
463 81
327 345
39 404
424 18
163 263
297 246
118 85
103 396
88 98
374 363
456 68
258 332
154 88
140 273
176 148
315 74
486 93
85 193
260 171
181 219
124 463
62 439
44 53
229 247
231 453
406 40
297 388
45 91
294 79
370 223
51 426
205 187
45 25
419 95
189 124
357 449
235 328
491 483
12 42
359 462
92 207
168 24
47 137
23 416
32 337
457 297
69 197
176 201
458 27
270 460
10 257
342 480
98 496
335 87
200 463
300 32
322 304
365 113
422 143
136 131
97 376
150 244
108 482
113 426
35 184
42 221
452 305
394 70
215 290
459 262
210 455
199 465
232 91
101 226
68 11
165 120
325 66
127 414
270 101
171 387
117 218
169 53
175 224
364 95
231 12
470 350
462 496
137 356
465 52
429 162
425 446
291 107
165 279
143 1
141 358
432 434
101 157
303 303
368 194
381 428
344 473
289 235
126 66
135 148
404 77
404 121
290 262
366 108
228 487
377 154
333 265
91 380
173 254
329 206
162 172
336 394
237 362
294 37
353 79
248 176
27 346
253 337
130 466
96 231
257 138
218 433
40 186
392 389
167 239
158 372
331 462
166 479
145 238
229 35
401 227
198 351
102 398
256 358
263 10
181 227
2 454
403 419
228 157
382 196
37 17
488 456
439 145
310 191
51 196
378 409
408 468
316 275
88 484
315 320
313 16
375 378
21 447
77 479
26 163
443 302
202 356
421 66
451 469
98 42
457 350
279 221
469 19
172 65
498 250
344 323
169 113
207 190
324 248
268 395
205 194
235 348
484 10
346 437
359 99
284 38
253 495
313 349
149 409
397 188
209 88
396 439
332 81
261 496
399 192
191 100
109 126
119 288
78 390
104 491
386 458
313 79
294 187
292 4
431 144
192 381
339 355
424 141
3 373
