575 3555
152 238
358 304
493 499
356 132
425 277
189 93
156 363
481 308
389 193
285 255
13 122
238 423
267 135
128 410
553 265
233 395
176 534
46 64
421 417
506 297
391 222
259 51
430 356
476 174
470 414
7 343
138 73
471 84
155 285
236 500
230 401
81 120
288 378
243 119
353 152
558 431
416 458
305 95
343 400
45 99
456 44
81 484
448 555
529 320
331 434
154 479
228 478
312 344
432 290
265 12
173 496
300 474
490 509
435 297
424 503
287 313
572 533
130 334
83 346
480 358
214 382
295 159
357 461
148 137
473 294
423 306
318 383
185 222
507 539
181 83
5 421
472 155
179 272
413 330
566 411
91 13
255 102
175 79
442 396
203 222
3 263
298 475
440 60
298 569
542 507
445 283
26 134
56 11
329 269
205 189
413 139
373 256
80 359
107 1
155 479
265 317
179 48
540 258
13 354
501 559
365 246
322 237
518 472
559 412
517 118
124 50
476 43
502 1
388 393
571 333
289 358
380 100
382 523
152 464
564 229
110 291
161 418
320 391
403 154
146 61
342 419
280 541
109 489
441 398
546 6
152 201
10 495
185 323
147 498
221 565
149 459
358 115
245 97
24 285
497 465
127 245
481 426
496 172
244 77
16 2
264 55
475 285
533 430
234 310
89 267
27 572
306 360
309 65
441 237
220 173
570 4
247 523
538 218
502 395
217 65
55 540
210 57
224 435
71 17
477 122
150 252
358 343
409 575
513 459
282 394
424 271
544 343
533 215
7 422
139 428
520 364
501 545
112 165
280 342
115 269
341 524
54 437
372 80
534 180
168 398
148 336
35 79
37 229
197 412
486 390
52 524
376 171
363 299
474 158
412 294
574 288
254 389
236 179
160 366
522 104
188 466
379 292
417 547
206 322
523 222
556 174
450 170
111 133
405 430
269 511
468 415
303 122
371 515
208 136
122 254
524 492
462 126
127 51
376 299
282 565
307 5
187 466
77 392
119 367
120 556
461 142
526 242
179 228
534 321
470 64
266 323
63 301
532 395
316 11
456 363
310 564
28 36
449 367
32 36
309 104
326 125
470 463
156 448
59 387
52 81
201 202
294 156
230 200
21 512
242 252
86 508
180 553
523 229
136 188
291 24
4 153
189 177
251 66
152 17
553 224
209 300
452 551
300 330
412 81
487 457
195 268
317 445
412 414
310 114
2 551
574 502
470 159
177 412
276 437
563 258
257 280
448 310
84 14
115 357
445 283
47 271
285 64
281 261
394 492
116 384
115 296
332 282
363 293
431 399
350 131
219 105
518 88
27 542
526 152
442 45
467 497
85 177
137 349
134 284
296 33
385 183
306 76
503 320
461 365
4 1
545 514
216 114
568 444
496 236
361 438
54 551
497 85
525 517
89 151
229 160
200 225
475 22
569 338
432 222
231 122
17 435
359 141
486 295
141 355
426 555
140 55
457 121
246 429
449 384
211 293
371 27
490 50
222 352
438 324
206 545
433 528
411 394
336 44
568 517
366 125
269 566
24 107
333 406
252 69
345 302
574 544
389 208
133 104
408 96
514 528
33 178
207 287
422 357
148 362
541 10
127 272
213 486
491 469
507 459
493 470
373 288
318 369
2 170
149 44
364 289
289 155
128 260
180 108
17 11
95 24
82 226
102 450
241 452
123 213
557 253
28 70
78 328
525 7
438 236
196 40
112 272
525 242
77 27
152 448
258 218
574 302
572 30
409 106
564 380
480 492
20 116
346 45
77 183
477 11
553 173
519 161
133 116
329 265
425 89
342 180
237 458
556 254
364 512
517 348
23 278
519 129
515 502
353 332
214 213
29 548
324 206
414 411
240 474
231 389
116 485
79 23
257 324
66 246
191 354
200 284
48 18
398 215
53 524
412 501
163 55
166 202
62 382
469 437
482 541
534 546
286 384
569 308
367 349
252 265
89 213
129 464
343 74
509 140
270 286
549 231
511 282
191 488
44 343
190 476
451 425
535 402
468 212
318 186
132 16
73 187
414 93
375 52
374 208
58 556
336 192
405 5
554 217
444 466
197 180
542 481
74 481
81 553
479 531
266 495
452 252
245 465
155 446
385 354
538 266
152 104
142 209
96 464
237 246
244 354
232 213
30 554
105 570
191 36
438 423
396 246
372 58
293 50
389 124
430 179
31 551
220 360
517 366
114 181
478 437
6 252
557 438
423 450
504 416
316 524
293 427
422 194
517 150
336 570
560 245
268 427
92 69
518 473
52 94
62 34
425 204
382 574
219 258
367 320
471 485
208 499
39 13
542 151
455 103
162 520
217 441
336 446
444 437
93 308
488 431
326 307
110 80
322 372
570 164
384 481
90 310
475 391
529 480
143 113
245 518
399 460
489 96
272 436
203 21
23 488
30 531
90 325
572 65
81 281
9 528
80 383
413 274
138 402
193 290
233 149
251 372
268 294
550 571
87 266
240 329
26 372
241 463
361 468
443 214
471 321
265 81
275 302
520 369
390 135
130 525
323 464
130 355
121 72
564 562
56 99
343 498
414 418
203 184
547 199
109 343
279 98
220 479
481 385
103 354
571 208
102 240
552 401
54 22
557 277
282 101
553 362
542 328
551 285
318 323
111 99
412 351
171 453
476 347
28 118
419 198
82 523
475 285
336 66
421 517
293 566
148 338
235 511
250 267
391 365
450 342
356 486
536 400
292 139
118 316
342 216
477 425
501 329
256 50
151 10
57 73
420 246
325 431
142 235
46 220
466 253
37 251
270 227
444 108
1 322
388 351
56 275
497 245
192 376
384 352
109 491
318 209
128 392
16 82
464 566
31 160
423 352
236 97
380 139
243 226
206 109
334 9
189 37
336 385
240 222
120 46
176 131
313 381
428 178
543 24
124 416
391 99
468 117
521 173
414 20
535 489
112 571
335 276
26 419
159 113
353 205
370 545
556 406
299 529
8 448
225 405
290 309
413 499
14 126
533 217
80 185
573 368
530 434
547 386
348 210
381 10
333 313
64 318
368 95
331 564
418 205
251 468
511 407
507 99
292 141
525 287
208 519
169 314
358 516
252 397
191 342
122 517
433 146
228 358
443 211
362 327
306 4
570 184
429 520
374 272
572 151
193 100
207 143
185 568
245 190
354 283
143 152
279 380
364 18
361 441
540 175
540 260
158 364
58 490
285 496
165 372
469 37
482 91
186 293
157 1
336 500
235 452
5 394
325 177
361 507
378 498
504 211
20 161
334 282
201 437
176 493
512 71
265 365
248 414
303 553
176 368
197 106
106 524
37 542
536 538
312 170
109 342
534 106
83 277
27 375
144 89
507 29
385 505
354 26
19 314
307 120
235 374
520 568
332 342
105 180
283 251
405 458
355 573
378 130
315 125
219 185
355 464
89 208
404 13
183 25
465 518
502 451
166 230
236 443
285 358
85 374
482 54
507 286
28 52
302 494
495 452
315 179
260 522
116 72
343 3
489 106
288 8
225 103
422 559
89 78
264 517
269 264
329 424
240 230
171 309
34 84
570 234
1 219
525 483
568 232
53 273
107 148
311 542
347 537
424 31
69 2
365 546
355 87
556 121
574 465
229 88
421 386
451 418
307 528
570 290
547 413
172 364
499 69
370 214
91 65
80 468
274 438
183 146
568 413
37 515
536 244
371 31
457 243
545 106
36 268
330 7
266 442
196 150
209 375
116 536
321 42
348 171
328 518
430 320
299 425
329 401
333 375
197 487
241 235
212 66
462 220
537 139
216 539
159 351
571 265
541 541
335 441
2 207
367 321
139 557
227 95
103 388
258 139
257 250
145 401
97 562
555 557
125 529
182 343
196 26
186 274
529 335
356 108
97 210
239 445
572 396
212 107
556 154
279 145
545 228
22 246
526 472
49 424
574 13
462 493
400 463
527 334
46 528
157 207
109 248
336 255
386 72
178 560
153 541
407 364
42 304
453 146
347 298
155 246
342 291
486 124
83 436
298 274
165 141
520 513
198 283
562 294
71 442
491 36
317 364
183 516
96 72
486 194
524 361
417 462
516 426
313 45
222 262
455 317
88 304
468 180
30 400
508 569
406 361
164 533
554 384
538 504
471 354
430 58
316 5
204 71
337 67
481 113
67 457
161 415
325 279
177 397
140 477
38 88
206 287
248 90
357 67
260 362
372 214
262 188
199 176
461 487
49 82
529 422
312 496
352 536
62 157
369 485
87 412
271 453
1 170
231 190
226 128
235 356
39 57
47 328
452 527
335 352
165 528
537 74
307 495
459 417
563 409
408 147
156 317
504 409
250 129
270 259
298 522
554 490
185 270
231 558
59 161
312 210
28 312
209 464
365 276
278 336
87 143
519 445
545 225
367 415
536 64
68 87
422 311
87 307
223 493
438 240
178 411
230 405
447 284
200 283
207 372
162 564
246 127
138 373
538 238
6 92
405 51
252 453
508 107
228 157
172 163
184 211
448 348
16 183
127 70
365 565
394 370
87 403
203 322
525 203
28 335
247 527
358 165
204 127
333 437
156 80
111 265
459 525
6 122
157 321
238 291
114 483
386 244
192 65
479 444
166 525
450 101
276 10
481 46
419 367
152 558
561 459
524 550
277 54
329 52
343 78
350 354
64 411
11 521
397 159
409 402
356 353
404 356
104 353
338 506
564 134
489 146
264 259
159 195
450 574
368 105
171 489
331 271
563 274
6 470
562 104
410 294
337 70
470 228
401 563
274 533
164 224
93 505
15 331
266 256
449 538
362 467
110 569
552 12
129 236
47 456
305 2
565 14
564 300
571 336
482 190
334 102
140 390
112 557
386 372
385 257
224 242
275 525
45 380
8 122
139 52
394 377
41 491
409 366
206 527
54 95
335 561
33 45
536 528
501 387
294 527
275 450
213 363
353 327
6 424
561 568
249 398
313 559
332 264
431 106
36 253
90 11
68 208
210 489
172 124
146 73
131 230
202 454
530 140
403 575
332 392
545 204
470 563
457 204
296 2
341 204
41 543
185 434
216 110
405 34
181 90
42 49
378 171
180 103
513 325
448 468
402 185
125 574
353 331
290 509
519 524
244 458
265 294
248 437
343 140
327 118
380 460
340 99
539 209
548 43
511 384
414 459
181 330
360 136
442 468
65 534
163 362
246 548
422 324
5 453
457 267
463 154
202 387
226 6
281 191
462 304
97 172
231 222
400 144
352 462
493 480
70 85
393 248
402 169
344 89
271 507
115 438
212 429
523 54
157 371
539 495
443 64
242 148
199 433
370 402
252 84
92 119
247 136
39 554
129 529
97 232
224 26
477 457
471 538
254 418
210 334
532 104
559 522
22 471
513 497
252 442
116 14
138 352
145 414
378 33
380 146
43 318
385 275
194 368
5 382
163 145
346 209
18 483
530 300
372 77
28 128
131 544
5 271
170 404
189 425
221 391
138 346
429 187
265 377
401 229
105 465
393 541
397 354
307 89
546 400
163 6
492 248
85 500
149 358
368 271
57 467
513 345
358 86
241 467
435 51
162 200
436 172
374 82
238 220
62 16
573 216
346 163
295 52
370 191
275 483
301 494
497 225
348 150
274 74
74 193
292 196
540 113
63 436
204 242
399 234
324 198
269 482
129 252
149 169
504 104
73 445
266 149
169 462
511 225
91 198
89 46
120 69
397 251
101 280
571 345
461 160
198 157
322 560
515 311
374 67
384 404
572 460
212 105
270 35
66 46
537 410
154 147
298 210
530 17
328 154
501 508
367 310
132 86
496 433
15 325
258 537
294 287
107 376
347 307
123 477
235 513
481 368
126 509
176 490
532 544
83 412
277 213
189 94
134 120
339 531
441 306
388 389
130 496
410 225
105 272
197 85
119 561
128 436
531 274
461 286
277 238
216 138
286 221
266 221
123 277
230 410
110 133
486 381
508 345
141 335
307 190
19 421
522 559
99 399
170 97
337 210
269 501
416 114
331 130
135 225
91 505
470 388
52 344
161 412
558 41
39 273
256 114
186 200
570 529
249 69
142 78
538 312
341 54
347 43
493 164
534 73
43 244
307 536
78 373
17 55
449 391
484 208
546 502
357 465
276 384
559 221
405 559
38 555
502 306
536 138
390 507
153 423
306 384
8 133
211 228
515 567
243 380
344 168
50 379
52 11
230 57
403 227
146 43
225 471
348 533
297 357
286 405
360 375
347 117
437 405
370 102
458 388
403 347
375 390
520 104
267 177
70 291
248 435
219 119
407 138
549 409
457 481
197 194
538 341
83 120
425 122
522 246
219 402
220 456
114 208
247 234
243 533
344 470
421 197
44 294
149 535
511 176
147 276
566 44
79 32
150 218
86 536
108 108
397 207
373 531
436 117
333 296
198 242
86 231
121 51
17 448
245 425
196 135
544 327
226 278
200 91
400 326
237 163
249 558
306 547
216 27
254 286
240 24
247 30
552 461
167 433
24 312
534 74
490 440
37 127
474 569
522 275
504 359
444 535
247 163
180 478
499 263
300 129
199 498
504 503
26 386
16 252
411 104
481 370
293 112
477 345
479 460
122 105
24 168
4 104
104 338
568 136
91 552
47 475
28 486
475 191
96 165
231 95
58 6
77 219
438 389
560 239
144 4
77 467
376 176
341 88
554 100
108 288
393 175
266 50
340 214
182 303
134 573
62 385
36 522
355 309
361 397
335 257
317 167
278 135
69 25
297 208
271 512
202 67
44 544
369 327
410 151
374 42
214 33
348 567
261 374
538 128
213 244
372 460
555 496
88 350
31 383
54 37
522 294
53 215
177 138
206 517
135 314
139 336
378 148
170 208
214 388
109 88
435 385
414 414
266 346
214 562
12 34
76 70
137 37
237 459
427 563
354 149
344 414
556 244
430 318
96 275
420 60
526 119
278 43
135 428
206 132
63 305
501 398
517 540
104 270
315 47
478 104
428 212
453 168
38 359
390 7
127 203
521 126
543 523
487 246
83 376
100 266
13 499
471 145
21 368
64 8
163 485
156 343
79 574
34 421
413 162
73 166
517 267
145 207
285 19
548 512
12 3
353 293
424 269
471 464
148 253
320 451
224 340
535 118
533 541
382 529
382 251
417 320
464 352
267 5
132 434
325 178
549 19
456 88
296 25
215 512
417 203
4 420
452 78
5 101
557 93
384 131
396 166
416 558
406 336
206 473
73 95
163 43
123 411
156 221
360 296
297 104
102 112
119 390
452 475
104 274
191 169
57 331
255 58
5 506
162 117
67 140
490 540
557 174
546 384
116 263
466 302
151 426
494 505
118 358
436 222
560 30
264 357
246 6
473 483
201 365
177 370
467 22
510 61
184 104
452 37
250 294
130 402
9 7
566 445
92 456
530 105
356 267
385 131
480 392
427 190
409 307
349 273
354 40
169 166
227 511
122 482
138 81
193 458
165 133
68 497
6 524
366 286
28 91
274 423
102 169
256 535
461 42
298 81
224 250
84 521
261 240
295 505
267 355
272 388
307 264
86 26
198 226
249 272
553 409
120 513
231 488
390 534
549 57
51 521
381 469
270 181
284 99
202 284
257 132
414 221
274 556
515 332
432 349
253 354
411 127
419 141
136 6
474 199
453 239
522 211
118 212
111 229
385 570
123 242
147 486
79 164
322 282
473 182
509 82
92 305
536 291
387 104
1 267
45 536
414 235
529 491
247 216
528 119
235 461
112 515
441 18
237 400
268 383
544 18
205 412
402 74
510 332
91 4
249 242
276 57
333 437
566 349
296 447
243 64
424 332
394 331
417 336
558 40
228 310
333 342
452 569
488 122
7 322
184 165
122 419
404 286
536 283
273 241
539 296
570 535
372 52
364 26
195 327
358 337
95 210
497 183
53 575
255 263
158 172
59 262
88 149
566 520
427 199
312 339
460 83
337 255
109 498
362 347
241 172
476 71
519 570
123 444
433 46
179 262
497 393
539 9
175 448
326 150
445 171
347 397
548 335
408 553
123 171
411 164
562 495
19 320
315 68
222 302
387 335
46 27
414 53
310 387
80 45
111 106
513 439
101 124
449 273
435 222
98 198
117 318
345 482
543 193
421 88
321 543
43 321
437 540
19 527
465 193
245 476
552 246
441 324
311 98
99 21
111 126
201 513
540 27
6 115
28 373
310 413
432 572
132 93
363 10
252 386
102 261
440 335
335 352
285 228
285 439
352 311
411 68
318 307
526 438
128 562
263 242
161 165
291 172
52 50
544 313
544 123
291 224
11 300
165 249
393 409
69 436
180 216
312 461
58 306
263 324
161 438
409 64
159 376
9 187
213 172
535 376
423 404
191 373
242 245
234 530
83 518
203 409
107 499
231 273
512 146
290 377
350 570
573 330
101 356
563 445
470 292
346 159
396 495
282 547
376 455
155 485
477 211
123 259
557 1
344 83
441 268
474 231
151 554
472 568
221 531
270 341
224 198
30 534
548 403
206 362
331 104
535 359
419 376
336 71
428 30
22 172
114 452
465 136
232 52
193 543
482 163
397 504
221 235
179 453
306 190
358 45
349 548
237 437
205 502
297 5
89 118
97 489
353 534
118 415
301 333
383 166
196 402
264 275
91 490
74 495
557 165
310 484
508 238
511 256
385 272
562 404
149 6
84 485
16 174
169 317
80 537
417 167
15 504
345 345
212 560
110 302
104 352
203 8
249 419
358 267
494 123
124 413
148 17
401 69
559 369
376 170
93 390
37 5
114 123
55 415
303 121
252 169
113 307
191 76
72 360
230 523
381 382
26 549
223 206
45 494
91 220
10 338
14 231
74 106
465 423
387 572
152 223
486 306
444 225
507 355
471 548
431 235
216 184
530 160
294 498
86 453
564 16
340 361
39 516
82 557
32 120
153 275
205 335
201 394
68 427
363 38
353 165
198 266
193 401
526 185
330 226
322 162
536 328
507 325
516 353
75 345
529 402
407 305
372 8
4 535
524 402
262 401
30 72
243 519
377 202
38 234
318 241
332 292
356 510
362 477
50 241
404 376
556 311
404 100
531 561
101 238
532 314
358 519
353 555
248 438
47 545
16 55
21 96
137 283
542 566
435 474
216 478
153 424
498 417
467 6
471 96
30 527
139 220
184 387
424 458
354 361
424 383
161 322
493 63
498 23
457 136
553 95
18 189
255 166
218 38
458 423
6 103
512 465
518 70
68 87
414 34
172 181
445 120
371 171
505 83
375 398
516 165
471 220
245 28
405 227
196 171
571 336
151 340
381 80
200 33
58 505
224 339
67 129
508 564
300 61
120 481
77 479
266 388
362 90
419 239
284 58
560 546
282 63
232 101
100 1
510 502
281 555
97 368
141 292
406 218
485 342
157 296
493 215
195 477
300 344
108 358
133 342
424 397
427 548
307 93
230 441
371 262
1 118
379 470
386 90
40 362
338 496
507 216
157 211
350 87
491 467
385 411
520 125
28 138
394 318
117 396
131 329
247 112
102 39
357 232
105 433
51 237
462 422
441 543
488 517
242 444
217 263
492 17
401 378
111 574
174 283
360 123
346 234
112 394
9 121
456 565
312 226
406 550
156 265
112 121
150 317
334 272
395 110
132 172
486 388
470 238
358 396
470 305
333 406
387 32
5 347
297 124
277 164
405 131
436 560
49 101
391 287
190 133
38 260
420 327
217 257
149 374
540 84
120 93
450 421
144 59
448 59
93 328
523 4
292 338
494 394
372 162
381 499
570 535
349 155
452 330
199 60
361 387
492 98
187 276
439 564
314 331
155 79
32 498
184 311
492 45
252 257
166 458
551 128
98 264
243 404
352 354
361 287
373 172
348 419
344 19
183 570
195 430
111 567
498 393
511 180
290 85
85 5
346 140
231 159
490 177
58 464
13 364
384 457
284 68
497 10
87 383
7 334
467 337
1 369
3 543
469 156
514 268
525 84
362 379
468 242
50 544
365 553
98 102
385 547
528 424
244 367
394 148
362 507
340 297
356 150
240 140
286 362
501 33
401 353
291 337
128 266
530 13
425 271
111 241
246 406
202 294
428 188
501 567
342 548
374 376
319 242
117 333
275 272
5 531
401 402
563 230
329 268
103 118
390 371
445 570
153 26
161 295
100 149
160 227
18 89
203 39
248 213
226 498
341 496
102 418
357 373
470 70
211 30
129 449
406 76
404 99
101 78
243 255
417 8
57 79
170 506
573 64
15 551
575 125
127 535
87 299
188 433
343 396
33 74
564 174
103 558
415 411
241 178
435 388
89 10
263 394
332 256
129 152
469 6
470 56
250 518
40 44
183 399
181 108
105 534
214 384
12 249
289 373
258 253
536 88
571 363
531 12
27 561
443 381
304 267
95 459
490 276
187 329
12 415
560 531
336 54
314 76
175 355
167 61
13 418
442 279
535 514
513 361
465 145
12 270
345 558
351 366
521 113
116 179
111 251
215 150
174 216
403 302
169 252
420 282
106 536
117 470
48 54
1 381
221 56
378 390
413 391
24 182
329 41
203 81
403 124
79 342
477 541
1 185
74 481
70 132
498 161
171 481
33 504
161 502
347 14
232 213
40 152
424 143
495 70
218 214
543 529
461 410
114 435
70 87
222 236
376 116
429 292
483 434
417 61
449 459
348 489
113 166
547 290
145 544
280 62
74 64
503 183
534 61
448 55
451 44
198 125
238 403
164 253
165 483
52 56
270 192
369 404
326 500
99 456
105 549
103 19
477 367
415 48
284 242
570 503
530 303
552 12
254 148
299 212
282 513
521 278
523 362
525 30
120 489
462 151
107 285
343 390
215 243
255 521
127 191
249 423
4 246
221 572
147 277
163 201
432 411
221 306
434 545
100 547
154 427
77 303
470 23
121 393
142 11
456 177
394 259
320 133
58 77
424 103
569 208
155 374
410 146
552 572
486 150
58 149
142 490
331 311
217 215
11 546
500 123
241 315
408 199
149 103
469 170
32 153
363 114
429 91
29 180
148 326
179 573
420 179
184 165
219 183
68 429
516 231
73 338
545 556
477 402
556 437
1 20
339 130
466 373
149 491
275 199
63 544
495 20
296 408
144 220
194 497
523 162
275 544
313 31
548 204
485 8
458 370
426 234
27 471
363 487
410 386
75 332
87 153
351 276
180 28
134 377
218 489
237 339
168 343
433 552
172 124
88 239
149 140
159 341
66 222
542 219
348 203
231 188
331 563
329 519
295 21
481 311
183 161
13 538
213 178
262 157
116 506
388 235
31 6
566 35
97 411
99 143
103 359
344 30
486 367
274 525
383 89
298 178
242 286
166 371
136 569
474 561
168 97
441 346
428 115
248 55
107 4
98 276
207 199
538 195
134 306
527 417
98 104
520 407
382 55
54 233
390 564
287 472
247 126
375 554
83 180
214 261
481 136
439 355
362 416
101 316
402 386
507 392
400 111
558 82
431 91
447 217
490 287
37 174
429 257
372 186
20 322
17 69
544 390
428 478
436 34
444 453
164 62
536 254
295 559
537 560
560 419
132 360
497 179
127 464
175 232
86 24
316 317
292 418
206 234
62 519
430 369
544 367
494 366
236 539
148 575
446 67
396 333
326 505
557 11
166 491
395 42
99 100
334 1
300 341
216 490
145 422
232 46
518 19
57 302
368 102
367 57
44 111
280 128
261 280
498 45
133 218
340 316
34 200
289 65
361 6
9 129
435 360
354 521
553 397
11 80
122 318
298 46
165 228
132 117
159 268
95 357
560 160
508 403
327 45
148 294
112 77
80 307
455 574
237 215
374 478
561 431
462 213
209 50
202 131
118 294
18 442
326 443
269 289
235 522
8 439
3 542
388 160
540 365
215 283
516 170
437 213
84 344
514 428
233 361
91 209
543 106
209 88
52 3
101 151
236 33
187 220
440 248
162 245
304 173
227 505
420 53
191 89
47 479
22 75
510 194
12 367
81 331
512 283
529 315
470 301
219 189
549 39
297 245
215 414
290 203
143 113
231 272
300 349
519 575
471 464
144 333
532 445
150 22
330 502
189 517
344 328
533 406
1 350
152 86
540 201
411 524
199 133
521 502
82 278
132 89
324 59
556 421
83 272
15 99
30 115
178 208
98 249
547 455
39 366
544 456
503 54
191 337
142 213
280 39
171 431
12 107
548 575
296 170
427 263
528 291
180 132
431 184
383 545
109 285
566 110
497 556
122 323
13 45
99 167
137 528
459 163
242 121
388 575
165 187
228 427
394 359
297 524
246 159
366 305
284 555
114 113
105 101
226 341
388 424
263 274
316 106
531 191
105 35
296 462
304 552
321 32
372 332
440 415
475 337
336 545
250 321
235 279
147 223
468 74
377 144
422 62
102 558
272 58
199 301
156 497
79 123
424 465
369 459
412 463
29 482
415 17
321 472
152 256
61 146
230 202
28 255
542 17
96 254
456 37
551 67
265 205
474 431
401 138
562 149
250 237
382 196
370 350
233 383
507 181
464 171
487 469
426 352
233 329
410 550
321 402
271 423
353 25
186 448
467 24
458 186
278 316
138 330
117 307
30 98
341 102
303 48
496 72
119 320
421 559
271 344
67 548
228 273
549 429
88 262
36 321
530 236
523 563
312 5
173 52
326 531
441 275
260 427
187 356
198 63
406 526
287 174
135 125
50 458
177 181
193 120
130 570
393 256
514 397
370 532
497 455
310 447
570 20
526 522
54 236
262 364
199 540
136 573
167 42
407 343
271 312
521 243
337 540
128 295
73 201
520 167
543 318
2 328
143 537
348 393
568 76
10 372
421 44
449 292
105 387
425 1
533 178
62 316
265 288
22 226
380 270
320 556
150 126
571 521
344 185
7 471
269 22
276 493
60 543
420 52
146 158
79 4
334 420
138 27
252 18
105 381
36 15
447 94
277 495
90 418
121 574
260 307
283 219
414 7
571 260
345 194
389 146
239 222
69 12
410 485
110 82
533 477
326 248
371 492
22 575
563 365
3 354
172 317
443 47
568 166
366 405
481 99
20 188
205 353
528 77
574 478
140 57
541 293
53 253
372 269
188 363
392 460
210 31
29 553
371 78
26 323
574 408
90 475
99 440
379 361
148 42
238 527
189 60
53 469
126 532
428 60
438 272
156 371
493 325
348 456
134 466
326 145
187 423
29 495
378 110
5 122
22 49
92 478
177 49
194 458
25 563
189 130
164 210
513 333
393 57
60 141
207 287
59 476
99 145
137 522
18 568
363 242
147 122
178 157
269 536
117 140
467 319
540 86
3 120
543 371
177 458
553 48
416 148
544 59
231 93
159 108
122 424
246 429
300 568
176 150
57 399
12 45
490 334
286 458
1 414
114 401
121 250
14 352
25 72
84 148
88 492
381 314
384 270
17 5
3 265
164 421
261 542
263 421
1 50
394 69
519 16
413 438
106 120
25 549
436 326
36 415
315 190
283 77
315 466
363 420
199 421
64 336
278 151
471 142
165 459
550 422
286 236
321 145
442 524
315 555
444 158
409 183
116 375
17 145
185 144
481 353
207 37
299 222
207 325
572 570
516 29
99 126
31 79
79 496
168 119
107 69
137 9
42 325
70 296
131 295
371 244
246 543
188 41
550 501
310 571
5 320
376 314
10 29
233 95
150 75
234 361
167 445
459 239
335 59
413 48
443 412
174 45
460 200
167 206
361 539
306 136
503 62
71 290
166 270
471 104
436 544
229 474
373 527
520 186
81 350
154 11
514 390
194 421
81 228
485 5
56 91
298 309
168 265
313 76
428 299
278 568
116 61
412 285
44 266
121 470
166 567
1 454
378 22
536 508
198 341
220 9
194 12
519 48
307 126
330 422
51 508
34 213
159 73
264 97
153 158
551 85
493 79
165 445
198 105
214 30
201 225
379 90
151 404
88 389
539 544
512 211
139 217
174 145
514 435
163 141
214 265
366 178
120 345
353 272
539 403
180 224
241 176
420 443
539 522
239 156
530 557
226 129
271 154
108 7
400 252
215 100
102 291
338 136
119 540
48 437
369 155
269 238
268 92
455 375
271 199
514 260
8 426
144 204
463 259
561 6
249 218
245 276
412 497
286 230
227 133
17 181
533 293
358 241
271 268
149 264
301 186
14 515
534 135
112 425
250 173
516 402
406 101
386 113
483 336
116 50
486 355
193 338
18 82
418 26
341 492
415 46
488 434
522 110
305 323
549 248
322 177
190 364
482 19
376 356
287 234
130 570
341 469
273 443
457 452
281 246
286 395
541 466
20 441
422 386
55 253
211 399
140 240
229 447
551 507
297 211
147 470
333 140
487 309
556 453
392 145
353 374
460 567
395 43
488 560
262 130
419 374
573 54
192 111
478 76
412 480
439 423
136 441
267 271
399 552
126 33
400 117
341 270
329 133
221 8
268 440
304 343
507 85
460 433
8 384
353 436
508 387
513 449
568 188
77 551
558 338
431 573
32 21
44 193
170 459
431 127
229 184
393 114
370 362
456 469
409 291
270 46
60 567
302 52
248 325
536 356
311 414
309 33
255 399
556 346
34 256
238 516
337 469
311 390
304 143
514 463
323 193
224 192
466 170
193 292
56 570
60 238
27 452
400 141
182 198
509 55
34 562
349 307
536 270
348 487
119 423
174 428
95 33
10 30
308 180
181 333
470 441
289 88
104 265
545 567
390 212
399 444
567 388
42 328
552 339
413 25
142 537
394 159
397 152
442 451
541 491
191 114
226 420
476 206
34 374
18 472
249 237
193 572
261 217
52 565
129 542
76 266
124 215
113 25
537 114
431 472
561 404
177 134
240 388
197 517
113 50
285 126
362 522
466 573
133 35
198 211
368 233
186 551
418 189
41 412
394 492
520 321
102 116
386 179
164 32
67 300
285 415
420 43
458 181
182 132
445 515
205 331
312 211
35 35
188 317
518 392
475 410
497 285
565 110
313 491
207 306
131 190
171 356
122 45
332 328
129 96
215 189
509 414
549 261
178 503
540 386
171 284
281 273
50 388
304 206
349 119
302 499
398 238
130 560
312 381
524 444
220 184
265 313
567 231
512 225
41 166
254 203
214 522
526 306
417 375
415 511
558 502
298 313
557 319
100 461
85 454
340 338
247 433
563 173
92 144
53 422
180 80
170 36
206 432
402 287
94 330
67 64
237 285
126 391
62 371
508 202
274 546
25 156
301 517
210 326
220 19
456 400
532 559
378 124
486 153
11 460
59 516
122 223
234 575
81 181
226 25
528 123
30 156
447 24
122 459
281 39
436 556
506 252
344 98
19 382
33 344
481 353
192 369
440 32
342 292
199 123
79 531
83 107
420 82
176 320
327 316
325 232
75 333
308 250
159 110
33 10
163 17
391 412
34 499
227 47
437 253
458 39
445 432
391 233
378 350
166 450
181 542
172 468
197 53
30 565
128 374
414 242
178 301
311 513
346 202
81 333
368 367
238 60
300 73
555 437
515 272
508 427
472 336
491 428
564 462
74 517
365 521
81 75
179 134
476 111
222 380
442 68
557 261
119 332
562 270
22 522
435 336
182 74
132 451
361 81
496 353
286 353
123 48
516 60
397 356
462 513
448 312
231 355
390 433
146 45
329 182
175 312
262 358
524 16
384 48
564 269
571 343
208 174
93 294
275 110
458 131
238 178
349 522
523 215
148 278
179 456
272 145
429 534
162 223
232 71
413 112
442 296
352 152
189 149
10 75
1 381
222 430
158 375
195 222
567 553
248 544
98 355
233 397
404 298
553 238
549 129
97 307
328 254
334 235
83 520
53 557
92 114
344 175
81 560
235 37
240 405
441 246
394 208
210 148
150 381
488 479
260 113
275 546
262 428
38 146
115 271
484 198
72 317
294 101
469 139
415 489
360 16
141 105
239 313
47 103
433 260
19 567
229 372
40 213
494 423
242 221
223 201
9 337
131 196
270 18
511 426
60 8
417 458
238 539
268 61
359 545
509 225
323 156
174 22
99 438
555 169
8 297
514 183
474 445
256 119
518 477
526 252
136 393
38 294
123 86
497 407
389 397
13 505
505 258
400 99
114 309
441 75
401 64
121 149
430 348
254 523
281 363
383 208
310 320
526 475
446 227
