195 5507
3 57
189 147
9 176
102 174
34 49
133 16
146 89
49 15
20 79
123 114
115 25
36 47
8 166
100 80
142 16
78 24
193 121
60 20
44 143
35 46
33 88
54 9
20 164
58 17
180 152
179 92
128 92
17 25
39 54
15 181
132 144
127 87
111 148
125 100
28 112
1 33
126 107
94 178
115 44
92 113
168 37
89 111
163 102
169 171
104 140
159 95
78 153
111 1
58 55
107 169
41 162
113 3
175 133
94 181
122 166
30 81
77 79
177 106
120 191
136 168
48 183
169 5
1 35
104 104
113 93
36 195
156 48
85 50
159 72
167 101
100 57
90 193
119 84
5 111
10 20
49 137
129 24
19 10
115 62
123 91
127 151
19 149
36 4
26 194
103 3
80 26
164 54
64 193
109 146
76 50
85 79
47 105
18 171
157 40
52 10
151 129
5 165
70 123
87 154
96 28
1 13
96 32
94 106
117 52
90 17
58 157
51 19
177 102
185 163
45 53
188 121
154 109
148 121
171 76
183 29
36 132
72 20
50 130
124 165
186 100
135 192
52 75
20 164
83 11
79 168
176 126
34 131
178 17
189 149
146 153
35 156
183 21
132 140
33 105
50 18
128 190
70 143
60 86
147 128
116 127
118 65
178 84
151 139
65 92
115 115
10 77
84 10
77 80
18 121
122 104
144 150
124 77
166 16
187 102
111 75
146 7
181 77
75 159
21 128
28 104
130 86
48 123
46 146
73 109
114 64
26 143
47 108
64 156
118 96
40 145
33 153
135 157
55 193
26 33
136 82
150 24
3 123
16 21
120 185
148 157
49 155
139 120
10 13
148 182
116 79
189 183
85 8
62 113
183 32
162 35
172 35
71 127
134 149
110 120
58 178
86 4
35 123
86 178
178 2
77 25
153 51
66 150
82 79
19 56
47 135
18 170
167 89
162 130
124 12
108 11
162 42
121 5
156 111
38 75
186 113
173 170
122 185
164 153
64 155
11 145
65 103
112 26
57 49
133 135
179 16
157 67
65 140
144 15
2 54
24 128
5 47
20 22
96 128
117 81
3 11
178 88
93 126
85 91
165 93
171 33
176 152
74 145
165 67
125 149
142 7
47 73
140 49
94 126
60 118
70 98
105 52
82 139
165 29
11 99
45 82
100 114
193 147
169 119
81 78
168 181
70 109
94 138
146 194
117 143
195 171
14 32
43 3
146 190
131 19
48 115
174 142
53 81
100 138
15 173
54 162
39 64
190 168
48 35
194 70
78 145
79 148
173 114
35 6
140 145
167 171
192 113
52 159
171 80
45 110
91 46
16 138
161 143
99 139
159 90
99 121
85 138
155 172
136 88
151 33
71 191
81 107
12 127
127 34
169 128
118 37
86 18
195 174
47 145
54 28
108 132
136 43
99 119
133 125
23 137
107 68
120 146
17 174
39 134
150 136
190 115
86 63
124 60
77 113
51 68
80 6
137 6
116 138
91 99
34 168
154 37
86 116
80 42
121 108
61 1
119 159
98 14
72 45
45 127
111 147
171 135
101 154
190 158
94 11
102 29
192 50
175 35
195 102
65 4
40 151
76 134
129 12
155 39
125 109
82 125
113 21
51 36
19 141
40 176
193 185
165 184
162 82
87 134
88 125
151 133
107 146
168 133
172 195
151 174
36 190
80 187
38 78
157 83
110 108
167 167
41 109
99 168
188 115
105 19
1 137
68 135
153 7
15 133
112 113
165 175
5 52
186 122
154 181
64 43
184 129
87 52
29 187
160 153
63 49
118 129
99 193
76 26
163 68
20 172
99 175
84 23
88 18
148 6
195 52
78 2
175 74
46 47
189 171
35 91
37 96
188 148
163 177
18 60
123 64
40 15
113 139
110 93
178 8
186 18
193 106
61 81
110 82
131 146
119 113
138 67
11 20
4 13
70 145
61 151
182 99
58 184
31 103
13 168
180 195
118 64
177 76
158 17
53 45
130 23
22 64
185 45
149 141
153 94
46 144
9 52
93 89
149 75
33 151
126 133
21 145
193 161
86 69
187 156
4 124
70 79
91 107
73 41
47 134
14 26
1 99
20 81
127 160
21 169
180 95
187 67
88 186
33 60
25 45
144 6
154 23
85 147
157 125
69 64
37 37
41 65
134 173
170 102
125 8
88 28
97 136
65 76
140 137
109 89
29 76
179 89
110 45
108 128
39 191
127 183
66 69
41 100
50 4
138 143
189 60
162 183
92 142
177 12
54 58
65 172
18 195
194 144
189 149
49 115
57 88
142 57
64 22
79 40
56 89
51 132
109 107
147 86
180 124
147 37
60 53
26 193
8 46
137 185
120 18
77 100
64 36
106 176
162 188
171 53
47 90
59 111
96 53
157 176
134 124
152 180
163 56
150 142
129 27
85 175
75 6
39 17
35 143
130 98
23 128
166 138
101 167
129 65
174 104
75 140
147 154
119 184
61 177
195 99
94 88
161 49
45 61
133 62
156 30
182 21
166 66
72 137
183 2
159 62
70 64
76 188
109 176
186 92
117 104
120 59
32 72
121 65
83 189
117 45
144 189
39 132
132 109
20 80
47 17
121 36
97 28
70 24
76 11
187 25
143 179
127 61
157 66
118 182
100 170
136 75
70 45
85 20
57 30
166 159
185 157
4 26
45 72
110 97
115 13
128 133
27 96
3 168
171 32
192 135
138 149
64 59
148 30
118 55
139 15
65 118
33 133
54 34
116 120
25 41
194 147
81 15
138 147
30 179
22 64
89 8
6 3
50 137
41 51
49 3
132 105
135 164
130 64
41 40
93 44
91 176
181 37
145 158
81 6
61 55
165 127
144 3
16 180
155 145
35 51
4 33
105 131
149 94
10 15
161 89
128 31
45 28
95 27
27 2
10 123
107 105
102 73
17 117
102 47
49 48
32 95
8 123
56 118
158 133
95 150
117 98
119 82
166 8
108 148
144 41
67 171
171 23
66 2
13 38
30 131
178 126
1 137
99 78
62 93
79 31
57 101
146 5
103 126
14 36
82 176
157 158
174 93
168 41
83 170
190 88
99 187
4 59
100 165
24 148
72 23
187 130
77 133
167 43
130 88
67 67
158 56
98 38
105 48
7 13
23 186
104 140
57 55
35 2
129 168
117 180
9 170
16 90
143 28
89 85
36 90
169 119
101 21
136 93
100 132
139 39
142 166
123 4
11 26
44 12
151 45
193 63
89 166
88 179
182 11
25 52
40 82
65 40
22 135
76 32
103 75
39 91
123 1
119 150
6 74
170 36
74 130
112 17
64 90
171 193
110 19
45 35
58 45
173 51
94 74
49 96
60 14
167 148
109 190
33 174
88 45
132 94
184 67
53 39
40 189
116 143
161 129
146 34
37 146
9 77
187 27
63 100
167 94
135 184
152 39
65 190
163 129
59 84
169 45
167 44
112 130
86 160
106 26
186 45
137 131
123 158
140 19
9 146
103 131
70 9
4 184
174 155
171 39
5 91
123 67
38 146
43 65
121 56
171 67
6 48
122 160
134 184
183 193
148 184
15 146
114 30
191 180
25 126
162 172
174 157
90 171
31 30
78 70
172 133
162 179
138 46
151 99
8 27
57 117
117 167
77 22
188 161
132 152
25 137
191 172
19 7
191 192
85 14
168 143
184 171
132 183
49 112
111 111
17 4
85 155
1 156
67 29
116 59
24 16
10 48
168 166
13 81
74 114
60 65
164 152
122 55
42 187
62 8
191 169
144 27
114 6
16 171
151 87
185 5
161 22
165 84
52 2
56 181
53 173
98 80
151 113
46 9
160 129
39 150
2 184
123 182
79 36
43 59
139 188
98 41
92 40
141 191
88 64
96 152
33 113
127 178
15 113
80 86
136 119
19 194
33 123
39 133
150 176
64 39
60 144
70 1
166 191
146 49
76 184
95 121
101 114
109 111
174 20
50 186
34 8
160 160
164 125
24 76
4 126
108 48
96 184
13 132
59 123
88 55
34 31
104 151
66 150
4 194
158 107
68 139
147 60
89 161
59 180
19 13
26 168
188 77
44 185
48 93
75 122
108 126
110 169
93 82
113 172
4 28
28 150
102 180
121 179
68 35
67 129
49 138
94 144
90 191
80 129
69 33
127 58
168 5
5 39
151 91
114 191
108 88
148 91
121 155
64 127
64 3
166 71
178 124
59 123
144 8
91 50
46 159
187 17
166 174
159 59
81 143
146 126
100 109
25 55
44 193
77 14
59 31
122 164
76 40
41 99
166 166
22 151
82 30
131 62
166 125
40 14
65 57
162 157
131 77
77 140
24 36
113 157
153 185
115 142
91 88
22 178
140 97
30 152
143 137
77 155
133 83
39 51
101 139
6 58
25 115
41 179
71 147
73 31
92 150
42 13
148 64
145 184
45 144
133 143
51 145
131 146
119 57
159 39
9 91
139 135
89 120
160 166
134 47
133 117
5 10
95 51
162 22
192 68
137 85
177 86
89 128
29 164
182 23
114 53
142 168
33 76
162 103
184 35
142 146
33 138
60 123
89 104
5 105
59 14
145 64
106 50
90 105
174 51
116 3
67 24
128 108
122 19
91 185
23 171
35 178
33 118
161 153
81 89
143 108
57 15
128 90
107 189
160 80
146 108
180 95
127 137
22 97
126 71
81 37
103 107
19 34
25 136
142 98
38 60
78 5
44 101
118 85
19 174
34 64
176 102
19 168
149 169
106 184
16 22
88 177
94 13
55 52
103 138
51 20
23 132
78 158
144 89
158 140
31 163
10 27
124 3
49 180
187 172
176 36
69 134
138 157
149 3
71 83
45 143
17 34
142 154
122 40
102 111
128 3
88 130
92 30
99 99
121 57
188 138
187 17
101 170
183 58
51 149
193 190
122 10
158 192
47 176
43 85
7 23
69 26
22 74
169 10
38 14
133 72
103 51
98 90
80 184
40 189
10 7
28 18
167 153
156 188
46 113
195 152
134 16
53 133
117 48
64 184
163 186
42 184
188 145
109 53
5 95
176 156
186 120
100 12
51 152
103 64
50 176
24 191
70 14
117 132
122 184
113 86
94 76
2 54
158 153
155 171
37 149
103 7
109 155
160 64
13 50
185 64
168 80
31 182
32 22
56 73
143 64
165 183
139 78
56 93
7 95
70 141
30 55
137 115
176 174
154 144
21 176
131 45
132 16
47 130
113 27
89 36
57 73
66 101
158 40
1 152
152 114
66 35
5 37
179 14
178 179
89 165
193 124
186 115
129 48
168 22
184 76
62 60
35 125
88 45
74 75
7 41
34 52
122 94
8 69
125 14
105 174
178 80
93 113
112 17
155 141
56 157
46 195
101 87
176 5
189 169
25 86
128 20
143 122
127 84
6 166
90 48
162 57
70 10
60 152
57 133
163 61
35 154
41 86
192 104
42 141
32 36
149 165
47 96
112 51
80 146
122 194
138 18
53 116
54 28
137 166
145 8
23 187
128 17
64 95
16 50
123 47
118 67
142 109
89 16
185 122
45 173
181 133
16 96
133 89
44 181
149 6
179 163
5 148
191 134
42 15
36 70
152 62
176 149
47 91
101 41
120 82
173 151
168 81
190 89
139 56
158 108
129 111
75 54
21 23
174 159
166 82
178 95
125 106
193 47
125 12
16 72
47 99
101 80
70 181
73 47
133 27
100 8
165 96
98 19
85 194
98 53
176 126
187 167
74 131
189 157
115 144
182 187
168 164
127 25
13 149
12 80
171 113
169 10
101 73
144 27
166 9
8 145
43 110
126 4
99 65
117 99
20 186
106 55
71 157
4 64
23 155
195 96
5 19
26 157
78 92
147 72
20 136
94 169
89 26
15 134
124 67
184 99
122 60
15 150
23 20
193 192
148 189
75 81
126 23
96 99
181 120
42 107
189 29
120 89
11 9
75 123
18 30
105 56
65 126
161 102
108 133
35 48
85 69
32 146
138 43
18 111
28 121
51 157
190 93
183 66
128 132
143 23
71 29
135 193
75 157
40 16
23 182
148 35
180 65
146 101
102 11
127 52
111 154
132 110
177 158
171 28
182 110
92 123
123 74
3 85
171 97
87 57
169 67
108 100
184 152
66 9
78 151
173 134
104 104
155 17
10 16
156 38
106 95
50 58
39 13
74 70
88 186
8 18
85 66
100 105
165 83
180 147
82 82
16 93
169 92
62 167
120 115
27 150
122 33
164 159
149 60
153 40
130 139
120 181
59 4
63 40
19 181
91 118
174 33
75 72
50 153
71 176
176 155
34 72
100 81
185 168
17 170
24 8
25 3
167 45
142 173
137 144
79 195
46 13
108 97
20 87
105 93
114 77
89 139
191 76
98 38
174 128
57 168
161 172
159 115
91 158
86 34
23 40
132 35
95 179
64 182
25 178
64 161
129 63
151 108
153 31
158 151
125 8
32 194
48 153
48 181
128 182
52 121
176 156
40 33
108 93
88 51
159 87
54 64
28 8
59 129
48 183
134 29
15 147
156 126
70 32
103 59
88 69
95 71
143 129
181 80
149 43
72 136
24 119
18 13
52 106
64 53
149 118
13 40
119 69
85 40
28 57
34 97
72 33
133 14
174 182
178 178
192 82
33 35
161 77
70 110
86 192
56 71
84 61
1 166
67 59
20 129
92 93
129 128
82 194
154 121
6 184
100 16
81 89
103 101
118 27
90 24
151 151
110 100
30 92
33 84
65 183
176 152
53 87
12 58
11 89
86 154
149 132
31 78
97 90
152 140
194 153
150 192
124 12
2 3
126 131
21 170
64 160
68 18
31 52
102 181
11 184
64 188
184 132
65 187
119 7
189 74
139 108
7 195
25 115
46 95
178 84
5 95
39 124
159 81
97 142
39 50
191 131
121 129
25 84
81 96
131 131
158 118
28 15
147 167
152 96
117 48
37 176
125 18
42 18
195 43
128 182
144 158
12 73
21 64
9 5
132 101
139 179
150 32
114 95
134 149
120 129
60 138
19 181
140 130
9 70
73 82
156 153
120 7
55 78
169 6
63 189
21 96
65 36
102 68
183 184
11 64
2 157
174 76
155 103
65 24
62 126
136 134
31 40
172 62
73 184
74 118
77 127
43 85
79 94
156 26
97 104
67 13
181 97
182 133
29 157
151 157
128 106
111 90
187 40
112 152
94 83
91 110
102 174
137 191
118 9
84 58
146 16
29 87
70 76
31 81
41 24
40 68
48 10
77 163
118 130
103 140
120 130
51 26
150 67
116 118
164 22
6 112
185 37
158 106
8 108
1 130
52 95
99 102
92 172
123 164
102 1
38 20
150 65
37 165
72 122
163 121
128 8
36 163
22 4
20 105
124 35
157 150
60 149
96 130
120 57
31 179
103 141
42 73
175 147
117 90
102 81
26 186
8 110
177 76
60 145
3 38
161 169
93 86
70 154
50 194
142 179
139 32
59 119
168 56
65 164
122 156
77 28
20 141
24 57
121 134
44 169
142 155
163 41
1 121
189 162
174 168
177 22
126 191
100 75
111 86
19 115
143 163
170 133
171 174
40 49
33 56
28 191
64 98
180 118
32 123
82 86
193 193
78 44
82 109
46 172
40 78
91 151
24 104
80 180
71 78
75 142
27 63
58 26
104 174
56 52
103 67
10 46
117 69
29 83
193 1
76 178
99 14
8 106
13 80
113 59
136 146
185 2
17 181
68 160
165 27
19 42
90 98
120 38
48 186
169 174
181 173
32 109
19 130
10 5
132 48
155 101
25 8
122 163
95 61
47 36
83 35
33 96
165 129
168 93
84 91
46 58
178 194
24 5
96 136
50 94
127 48
175 91
134 61
64 153
18 160
125 146
160 18
76 74
97 24
133 124
79 67
193 167
1 88
122 83
173 162
35 169
15 129
90 90
90 129
89 133
11 177
7 87
39 182
30 188
26 16
116 170
4 127
53 78
119 10
123 133
113 69
77 70
16 53
166 10
194 48
114 166
85 186
113 11
37 2
182 104
163 106
184 18
167 172
187 66
163 114
47 158
153 31
8 69
128 99
177 4
160 191
155 65
38 194
69 4
48 106
79 12
173 70
167 185
6 63
37 60
68 6
6 48
76 12
144 164
110 130
11 2
141 52
168 174
180 48
4 175
188 32
80 172
117 116
174 128
150 120
169 164
136 187
132 166
189 155
33 152
82 178
7 56
163 97
139 129
12 3
30 126
24 29
52 150
116 87
104 135
31 25
70 46
132 60
77 41
79 98
163 134
46 2
177 82
71 155
185 157
117 63
168 114
115 39
194 179
52 9
176 109
155 192
85 54
101 89
2 85
112 122
22 58
117 180
130 188
183 165
110 51
54 88
139 105
14 55
184 41
129 16
49 5
134 70
65 31
89 39
47 28
106 144
125 136
156 17
84 98
39 63
60 191
170 166
187 55
116 36
83 108
102 114
75 73
24 124
159 62
18 34
114 99
40 183
109 180
66 155
55 125
110 6
12 185
83 115
109 100
117 125
55 105
44 187
149 155
109 3
151 25
93 27
137 105
92 184
191 122
148 15
123 62
154 9
2 143
182 77
154 11
70 89
45 34
58 193
12 188
10 13
154 25
108 79
108 119
58 191
137 166
134 66
77 166
5 14
111 63
65 118
155 143
94 142
195 106
128 24
47 163
124 113
31 183
21 57
25 145
21 16
135 123
126 28
161 181
103 63
55 139
1 134
60 130
112 98
14 179
51 127
45 38
170 97
64 148
154 148
148 143
155 129
72 146
138 142
24 7
45 6
125 75
155 163
90 154
157 146
50 78
121 31
47 151
171 57
68 143
80 182
172 28
105 68
32 130
80 156
153 50
34 21
44 191
194 4
39 154
22 41
48 22
194 109
89 146
129 10
153 15
194 137
176 147
132 176
46 149
180 13
64 79
160 84
19 45
158 99
128 34
80 112
12 8
29 145
102 83
29 52
4 51
35 22
124 23
107 32
73 126
82 6
105 15
152 96
39 15
136 182
115 184
104 144
58 139
11 56
165 51
49 74
141 104
40 120
14 171
96 162
33 120
109 66
71 132
4 170
104 93
68 108
161 23
121 23
155 71
5 178
32 55
7 185
11 37
69 153
88 30
77 95
192 171
76 71
74 8
147 141
26 75
162 132
103 20
2 24
82 50
2 44
64 65
138 170
32 172
74 60
194 93
161 108
194 188
119 107
172 36
95 61
108 125
102 60
2 135
26 125
90 13
86 126
45 176
11 26
177 179
138 122
170 38
162 14
9 144
147 8
6 177
77 15
143 7
49 133
158 122
102 185
43 24
44 163
135 98
108 147
48 67
195 157
138 120
146 109
74 151
49 38
178 157
53 113
14 57
81 94
121 74
107 6
15 10
176 83
65 76
16 115
58 186
108 46
12 69
103 118
117 174
52 125
103 133
168 153
39 22
107 124
135 184
148 159
169 73
57 136
190 66
102 26
32 117
178 64
160 193
39 175
19 143
93 48
64 182
123 58
173 55
149 103
160 128
31 181
21 111
82 65
94 129
90 37
3 179
175 2
125 56
12 55
70 51
122 3
11 87
27 17
158 77
66 173
71 77
90 62
177 95
171 95
172 46
131 118
193 51
139 135
90 66
91 89
70 21
42 132
16 5
109 156
79 133
172 25
148 58
103 165
123 161
174 137
163 98
110 157
166 7
162 158
44 22
182 90
124 75
81 128
20 118
133 185
190 105
119 162
159 134
63 86
17 9
103 177
118 190
76 165
76 184
189 57
67 132
9 98
101 86
134 103
129 51
112 109
84 118
191 172
82 154
190 5
103 38
31 124
93 89
56 28
58 130
25 29
144 120
183 103
191 62
134 89
34 105
169 75
52 1
59 76
42 73
56 190
65 65
10 67
10 75
194 49
22 83
48 167
97 116
174 4
12 55
5 178
76 121
41 151
132 66
35 143
22 188
77 143
111 14
45 140
41 139
109 189
89 165
132 119
192 181
37 4
44 53
79 1
132 192
120 60
51 164
193 81
154 151
125 167
89 88
172 181
2 58
57 92
154 104
186 169
10 149
172 133
114 150
75 116
169 82
145 185
6 110
7 123
71 33
8 30
46 20
51 36
192 39
130 1
12 103
99 15
76 126
161 133
32 70
123 114
181 35
51 29
159 56
37 10
99 162
153 3
106 47
91 116
78 128
127 24
148 175
184 40
116 137
154 132
148 187
58 157
71 163
178 147
60 129
26 12
144 186
110 19
110 77
156 86
93 58
21 6
127 58
176 98
12 138
1 126
95 54
172 146
67 127
83 7
177 73
98 148
192 162
140 57
62 191
148 89
175 105
74 81
163 125
75 64
24 85
186 162
19 168
70 162
193 15
53 136
189 62
195 4
79 159
179 156
64 18
149 96
189 36
135 86
70 174
168 12
160 108
23 87
73 116
10 182
23 120
156 100
92 14
172 159
195 155
113 50
15 38
136 76
100 114
140 10
65 163
13 121
181 91
85 83
163 22
98 27
113 178
95 69
179 54
144 191
6 119
25 88
35 108
54 122
75 50
50 118
158 102
147 194
67 119
133 123
131 67
175 53
109 108
9 134
43 88
27 38
51 115
26 130
56 125
77 110
70 9
25 24
41 167
51 156
25 39
172 156
117 15
158 134
68 153
157 1
66 167
7 55
64 165
75 172
10 56
157 26
129 155
131 26
97 70
137 149
168 39
145 95
182 182
115 140
120 49
51 11
68 88
126 20
57 59
39 76
180 159
156 52
162 149
164 98
95 55
126 166
16 110
112 96
117 76
169 3
190 182
120 163
82 66
24 61
21 160
82 26
175 15
87 133
148 160
170 62
99 110
119 98
76 188
167 160
163 143
149 147
124 100
71 114
195 20
179 17
22 117
113 56
25 37
170 84
139 187
18 112
105 121
118 175
84 57
6 118
62 170
61 93
34 97
175 24
189 156
100 155
64 175
172 184
130 43
22 81
63 103
180 128
168 59
161 167
108 94
121 165
77 19
83 84
6 42
107 71
45 34
139 49
176 127
67 54
162 33
155 67
149 69
41 35
192 110
37 106
79 11
77 57
175 56
67 135
36 112
140 95
132 96
44 15
75 122
109 163
136 133
32 58
168 174
9 61
160 43
74 105
170 79
102 100
158 22
128 169
87 72
45 29
156 67
155 148
152 130
63 46
118 172
167 31
99 144
57 148
23 107
25 102
176 184
88 83
32 11
104 108
78 168
188 39
50 124
160 7
21 26
55 53
73 1
40 170
7 66
173 157
63 130
189 151
75 194
43 45
33 43
1 57
193 99
100 179
15 154
93 138
107 166
123 67
105 11
140 74
161 17
146 102
111 126
148 180
188 117
167 47
69 131
187 106
160 171
89 100
109 148
107 61
152 24
26 113
28 71
149 101
85 127
6 84
190 36
127 114
150 52
106 193
100 113
104 161
61 31
61 46
100 27
120 14
123 41
97 5
136 185
45 106
81 20
80 48
130 165
115 31
97 194
35 184
77 7
25 157
2 70
18 91
22 11
77 138
48 72
104 106
19 31
173 18
10 162
11 157
130 171
91 141
91 5
189 19
188 24
42 179
140 99
133 129
162 36
144 103
132 133
132 97
117 166
24 143
54 181
117 102
112 4
123 116
185 89
108 69
91 142
115 94
39 4
182 28
45 63
102 96
136 121
95 175
144 191
105 47
171 139
46 86
85 12
101 172
110 192
153 145
164 31
48 160
190 141
99 43
42 135
100 101
111 178
26 75
58 6
144 146
86 96
133 164
110 155
114 164
107 166
115 99
117 191
9 187
3 112
62 34
193 58
188 72
182 125
151 175
83 52
7 57
112 168
132 4
68 113
24 72
77 108
149 148
84 170
158 174
18 188
9 187
189 81
120 62
78 49
39 186
131 37
119 151
65 55
188 9
107 140
139 43
130 37
19 58
104 189
120 114
66 53
175 110
98 115
36 164
135 168
122 131
111 177
145 42
62 115
94 126
44 73
5 49
75 176
100 34
144 153
60 52
1 195
128 158
41 161
160 47
98 177
193 109
48 61
5 170
49 148
17 24
171 25
94 71
32 113
145 136
181 87
182 24
87 32
96 92
57 21
87 3
11 118
136 85
10 26
97 194
27 139
189 186
95 191
59 70
86 41
84 74
143 54
110 170
86 5
121 135
63 30
110 22
143 4
43 121
121 177
89 62
95 187
91 173
66 88
100 60
176 10
154 172
109 189
20 12
178 47
176 124
64 3
178 165
17 67
117 170
51 79
142 50
118 78
80 119
63 82
103 102
189 41
102 26
22 133
114 137
115 159
64 56
50 41
94 9
158 116
9 140
187 61
183 79
9 186
6 27
42 15
146 43
54 64
151 34
192 104
9 70
97 6
159 66
55 190
62 51
49 30
56 180
189 135
157 34
57 50
57 104
150 155
38 52
95 147
66 21
45 72
80 10
144 141
10 101
123 143
64 103
136 194
34 28
143 116
163 140
29 44
180 152
107 160
131 156
89 79
117 181
155 176
163 30
7 104
192 130
158 69
50 11
72 21
35 187
41 187
158 8
20 153
117 10
10 106
175 94
107 67
126 1
94 145
115 141
139 100
12 185
156 13
122 24
103 187
172 40
70 175
189 52
85 140
143 102
80 54
160 111
66 111
22 146
170 13
101 84
178 29
127 171
129 56
131 35
5 85
24 185
103 182
4 190
149 181
174 76
154 7
69 114
2 33
123 6
21 90
136 183
50 172
175 158
140 151
110 41
147 134
80 156
116 164
172 105
85 128
124 27
89 24
180 188
99 169
190 136
70 93
129 137
165 53
68 42
74 96
162 133
109 176
51 195
180 26
112 169
94 176
36 100
182 8
145 103
64 191
98 137
23 124
175 64
113 81
63 108
71 136
174 49
123 125
2 82
172 195
87 108
28 150
166 11
180 173
137 20
49 1
174 152
123 124
186 173
156 118
141 32
27 7
63 15
13 17
169 124
181 181
49 175
120 144
63 114
12 64
16 162
149 128
104 20
69 77
170 180
133 58
36 121
21 73
36 128
39 182
150 118
31 24
72 105
185 107
153 31
192 139
144 187
49 94
21 173
166 92
48 4
101 76
59 106
104 43
155 190
32 27
23 112
139 173
142 148
117 190
20 156
37 93
27 110
35 90
41 165
111 111
32 66
110 136
111 187
188 179
102 46
27 77
125 45
151 20
157 25
116 11
124 182
185 63
2 186
116 193
106 140
59 98
155 4
27 105
35 80
18 168
76 185
115 160
96 158
93 46
156 126
65 148
135 23
14 135
94 14
99 20
72 90
30 33
167 129
52 21
188 127
57 131
14 40
179 155
154 25
175 37
57 194
116 70
10 68
155 108
85 176
123 34
22 187
46 139
90 93
158 145
126 135
89 187
194 132
53 166
185 65
48 161
110 10
16 164
128 8
179 138
25 85
172 47
117 193
133 160
34 56
99 172
67 81
133 80
179 66
166 158
158 134
12 18
148 83
104 61
15 149
128 139
54 148
28 75
22 106
116 171
167 68
115 85
153 1
104 110
69 46
48 190
94 45
184 53
94 177
80 51
129 163
78 92
120 82
57 47
4 14
3 180
92 13
53 74
124 159
19 101
182 134
166 180
10 99
33 184
7 134
175 178
80 108
16 183
33 165
164 77
19 104
75 32
154 81
195 28
84 99
98 58
92 157
102 150
171 58
144 52
78 145
35 150
141 130
129 8
16 66
21 6
13 113
106 141
124 177
40 93
91 7
106 46
135 174
194 97
134 93
120 106
109 164
192 89
70 121
149 35
95 157
154 188
117 188
157 82
54 119
128 61
162 22
142 133
88 193
154 183
179 17
107 59
101 38
181 47
33 138
69 158
39 74
49 103
8 62
159 94
5 113
113 182
5 160
114 149
152 126
28 54
62 184
77 48
50 155
24 95
137 175
38 149
142 54
76 91
12 156
70 167
75 136
148 13
59 24
140 195
47 182
21 135
149 100
163 32
39 189
77 162
104 147
116 8
85 191
157 165
29 120
152 140
121 29
92 124
174 177
72 78
178 42
73 122
23 110
56 60
172 16
86 117
150 80
4 175
44 89
90 110
81 104
88 140
71 23
124 42
42 50
34 25
156 147
143 87
70 57
136 114
161 100
138 167
39 89
113 64
4 156
103 88
68 159
141 153
59 107
1 80
107 105
188 123
6 79
74 59
42 36
30 176
60 77
25 119
25 124
78 53
121 57
145 15
164 54
77 85
121 124
33 103
75 96
162 137
22 186
111 111
39 154
81 142
10 114
190 96
168 155
171 125
9 75
86 181
140 11
94 70
134 50
20 114
175 11
6 151
108 115
80 170
8 122
155 73
147 143
32 132
164 130
147 85
134 7
144 35
175 139
136 47
29 80
75 161
72 167
108 44
52 133
88 130
120 26
63 31
66 56
12 177
170 144
20 31
110 65
23 113
194 90
22 170
1 47
60 34
18 32
149 161
82 5
165 137
40 163
41 104
124 65
160 19
64 92
24 4
53 44
87 159
115 108
189 149
175 172
84 35
181 89
142 65
75 165
125 179
46 36
92 32
99 73
21 30
52 172
107 82
150 161
184 29
157 36
67 179
116 56
20 111
174 9
36 12
59 36
8 57
146 132
107 9
124 92
41 43
101 100
84 70
75 142
164 22
56 83
183 55
181 78
190 11
5 76
177 78
158 72
86 94
70 112
155 100
133 151
84 175
148 158
102 140
15 78
39 91
131 46
84 65
36 158
27 94
56 67
43 109
182 98
125 167
180 24
23 180
166 189
190 136
146 91
38 171
167 4
5 141
51 170
153 19
158 191
38 101
116 129
172 122
74 148
6 164
29 17
8 172
73 5
165 50
37 146
126 106
10 2
132 173
78 9
1 26
88 139
51 180
150 85
66 68
78 78
77 38
139 38
49 155
165 163
80 97
124 32
133 75
94 49
132 44
33 55
44 31
142 194
63 82
52 165
28 27
65 57
109 94
53 89
73 84
25 98
133 23
17 65
163 95
177 19
50 26
26 195
22 107
51 54
2 146
42 4
140 61
190 145
105 17
31 85
156 15
147 30
130 188
171 52
35 118
2 145
20 15
64 137
135 141
188 50
36 170
103 15
152 88
23 140
152 108
183 127
135 22
74 121
61 131
187 14
153 184
18 195
69 42
161 192
171 176
131 44
127 126
96 3
27 191
6 40
67 156
84 12
16 102
181 121
72 6
123 165
102 92
130 41
9 158
42 69
24 10
81 42
69 67
76 14
169 25
8 39
149 58
77 169
55 80
184 189
122 68
145 77
184 59
165 92
195 1
161 191
14 188
108 192
25 165
44 159
143 149
29 139
68 31
69 159
60 110
138 124
90 68
40 6
49 60
5 97
120 129
178 187
56 118
64 183
151 90
126 18
185 30
118 30
137 121
2 110
89 179
20 48
39 176
82 195
74 33
191 41
141 118
108 168
71 158
40 124
18 26
34 26
175 161
163 94
173 95
135 139
106 100
94 113
47 111
122 154
143 155
8 42
2 141
152 55
171 37
131 112
55 162
5 120
135 10
82 87
179 36
195 58
57 38
174 43
28 130
177 111
91 136
50 33
146 48
6 58
111 70
174 166
22 9
12 29
23 132
32 72
159 139
39 61
38 30
2 39
173 11
18 19
150 112
33 116
180 15
6 19
134 94
172 125
31 166
47 14
144 55
159 158
155 155
1 177
37 184
87 34
105 194
26 183
29 35
146 139
178 158
117 37
167 130
177 117
123 185
60 96
193 31
158 21
162 105
165 161
123 100
15 125
87 156
84 120
107 144
146 107
21 184
83 17
77 104
80 91
4 91
137 55
76 115
41 114
102 110
183 34
177 19
106 27
19 16
61 77
132 60
16 106
181 5
3 12
102 2
76 17
132 166
62 7
77 150
100 92
6 114
123 181
70 169
26 9
114 137
116 62
172 70
172 68
101 11
119 163
68 161
147 140
91 3
70 104
132 93
130 163
8 62
20 1
29 60
121 22
178 82
165 11
75 14
56 177
116 7
146 54
132 9
39 138
108 7
18 181
101 179
71 25
195 115
66 30
97 51
135 165
108 150
97 101
193 186
52 108
90 155
125 126
177 20
160 108
47 169
42 155
138 125
109 49
94 38
172 6
148 81
132 175
18 91
19 37
25 173
24 156
43 9
134 15
192 9
147 18
88 44
70 58
62 69
184 112
45 155
172 63
138 186
48 181
114 159
136 190
23 189
65 125
174 32
41 131
113 60
17 84
19 96
53 26
189 131
167 142
123 66
42 150
109 180
80 167
88 193
161 157
85 167
88 120
162 61
138 32
155 5
166 19
177 129
33 44
176 5
133 74
119 54
19 176
23 80
90 113
8 150
4 11
31 39
69 23
68 141
51 102
79 72
106 139
191 102
106 80
158 143
31 35
55 131
87 152
67 65
23 100
174 76
117 158
4 117
165 132
173 97
130 32
172 10
70 23
18 116
110 158
56 55
78 13
13 86
37 30
171 176
105 66
174 116
85 112
16 55
161 103
99 174
164 174
52 73
173 16
94 178
151 26
28 169
155 152
35 40
192 76
63 174
66 176
46 149
81 92
142 32
82 44
34 137
33 54
189 113
62 14
115 153
43 141
34 67
163 84
12 178
191 118
132 89
5 133
1 81
124 106
145 140
108 154
69 7
162 15
71 115
64 50
93 166
139 12
173 131
186 191
191 69
158 32
168 51
37 94
127 99
144 129
114 157
20 6
164 22
83 119
185 104
101 154
142 180
103 91
82 173
143 106
178 27
141 114
9 144
94 165
171 6
97 179
45 192
127 152
90 14
114 145
191 80
153 98
2 110
172 181
105 187
145 92
87 181
107 42
52 172
39 38
177 49
170 161
47 151
160 168
12 18
20 148
154 194
116 76
170 97
6 190
134 101
1 91
141 125
76 72
183 80
24 5
183 68
11 100
64 126
163 155
108 96
34 173
52 181
148 79
46 36
32 173
101 10
181 82
28 141
98 100
48 160
96 23
106 81
103 187
9 127
91 128
157 69
128 166
114 125
62 27
179 25
113 136
38 144
134 40
154 109
181 18
189 5
59 37
22 30
170 37
165 84
85 13
39 37
116 175
154 187
84 30
73 165
190 159
170 165
50 112
61 53
112 122
67 165
50 172
47 193
37 82
184 40
178 108
7 112
84 193
160 145
139 96
33 15
74 106
166 98
87 67
147 193
59 93
78 61
16 68
182 152
165 169
159 73
139 70
186 161
107 194
101 6
124 129
122 45
66 25
120 194
8 168
195 68
48 135
91 100
49 131
177 187
28 29
62 106
101 91
186 129
84 56
92 15
112 5
114 87
94 158
100 131
61 151
92 116
98 138
177 144
174 113
103 187
126 17
164 85
136 84
96 137
91 175
77 98
33 77
155 76
128 151
57 173
72 47
180 103
51 18
171 7
50 154
44 21
26 165
59 123
140 84
72 135
162 50
163 28
65 16
182 108
163 8
71 25
114 117
81 154
6 98
20 53
126 47
91 158
156 3
87 21
124 165
137 174
76 42
149 83
107 191
124 60
172 81
114 9
37 169
9 109
143 2
82 159
95 87
124 186
78 41
25 7
46 135
109 143
38 62
188 38
169 72
123 180
103 51
71 81
31 69
73 109
46 41
150 138
126 70
105 142
11 103
174 80
151 50
186 153
192 178
14 68
130 8
195 25
1 163
123 94
183 39
187 67
132 180
59 155
37 155
8 17
98 172
49 6
9 34
172 188
178 97
56 188
25 20
122 123
111 136
188 38
111 171
113 185
92 79
124 174
50 184
34 52
17 47
81 122
27 50
108 71
98 77
22 94
118 110
193 7
149 33
35 8
145 162
79 159
163 125
93 140
185 75
32 60
88 128
94 169
186 5
31 187
52 47
126 142
37 85
90 136
72 4
131 35
125 170
56 82
149 112
52 47
148 115
89 174
192 17
52 64
142 158
4 142
28 143
54 150
61 49
184 64
80 107
104 103
101 164
81 127
135 104
91 128
70 51
180 53
143 10
157 153
166 108
171 184
175 31
140 19
40 7
192 32
134 56
26 57
95 118
154 49
160 186
63 106
160 168
132 65
149 190
60 137
193 147
193 184
23 37
163 28
30 69
156 127
120 35
121 132
166 176
139 140
56 2
160 105
183 18
34 81
19 76
180 168
11 108
16 171
190 147
186 170
43 126
124 150
194 121
175 145
109 1
177 171
181 42
92 99
35 112
117 191
1 110
154 43
179 176
165 16
37 94
44 147
91 144
26 49
117 13
134 34
27 164
15 192
57 120
69 138
116 119
163 73
7 82
152 105
173 134
176 85
143 96
4 150
183 193
36 135
144 25
166 103
70 74
187 52
42 118
151 33
176 106
133 167
170 68
170 183
118 77
139 29
141 108
105 5
147 106
53 170
11 25
34 155
162 159
81 167
57 56
184 161
16 62
115 143
181 48
96 125
162 104
142 165
104 34
109 187
142 48
21 142
80 154
1 127
91 163
12 49
98 69
136 23
65 175
11 63
61 31
49 106
172 124
136 2
29 48
23 27
45 46
127 186
179 130
147 141
95 123
43 45
61 49
7 89
35 142
138 27
88 95
107 99
10 100
75 180
179 61
85 14
156 147
58 110
38 108
66 78
155 163
52 98
137 115
31 53
166 26
75 69
149 147
39 12
106 171
84 58
172 137
141 189
37 102
32 180
141 49
94 152
143 92
9 86
45 194
133 181
45 165
124 72
189 153
4 169
144 194
106 177
156 33
67 101
181 147
80 179
183 29
145 184
65 133
64 65
134 76
124 31
167 67
155 30
128 106
74 51
126 127
68 157
180 141
23 84
162 130
170 14
79 182
173 48
71 175
1 103
95 77
136 188
120 105
180 92
76 190
155 33
168 21
175 155
132 194
194 109
104 166
86 4
101 107
42 103
128 21
146 105
2 72
146 53
61 157
69 190
54 136
138 143
24 74
26 137
113 60
26 149
19 20
63 150
76 13
194 15
169 138
63 126
77 15
120 78
181 136
29 122
19 78
3 77
34 126
49 19
13 94
18 109
106 27
182 139
129 90
108 164
115 167
18 172
75 7
37 71
34 29
45 67
102 96
188 22
46 12
184 28
48 185
105 39
182 145
53 51
115 158
58 49
10 105
35 90
141 194
179 105
151 158
149 55
40 134
195 14
3 67
24 78
75 172
75 51
140 66
169 76
190 11
10 33
19 67
47 112
87 135
98 128
56 65
193 119
7 185
83 116
182 56
92 82
38 111
71 84
59 170
65 190
96 93
65 89
4 48
102 67
24 47
135 21
46 6
69 70
82 80
40 163
188 77
14 144
145 53
190 183
180 166
26 114
71 56
103 106
152 107
146 51
29 54
35 75
131 176
66 116
147 83
185 112
12 188
92 147
104 8
181 102
29 35
58 11
165 49
142 143
94 190
192 52
130 159
129 118
167 122
42 68
67 22
27 111
46 84
16 128
144 41
94 176
70 150
62 134
132 15
44 63
69 129
47 125
166 28
145 74
36 163
73 99
49 57
102 27
85 47
171 182
176 67
49 106
16 29
55 38
38 79
152 128
94 154
117 67
56 54
99 105
63 93
189 156
28 128
134 62
123 171
56 25
145 114
17 68
7 46
90 80
188 8
147 54
30 95
150 148
73 181
66 40
29 94
118 129
156 43
82 182
130 107
50 191
138 154
150 177
69 88
59 13
190 171
70 163
111 140
29 39
47 66
174 133
103 24
58 189
77 172
19 154
22 167
131 31
129 23
147 96
160 100
81 146
46 155
156 70
145 55
18 102
93 163
39 69
82 190
25 15
194 76
117 157
168 148
16 83
138 34
158 66
102 185
95 74
29 34
162 42
147 68
60 133
45 149
25 61
169 123
48 7
144 55
53 67
193 175
72 138
69 120
15 104
68 46
157 143
25 119
52 32
151 50
95 161
162 109
113 67
102 148
149 24
142 39
45 68
18 40
2 62
60 164
47 159
84 57
120 61
165 189
121 48
45 41
160 174
65 159
92 21
172 159
172 53
10 79
39 46
69 37
162 83
193 86
134 6
28 177
172 26
141 35
190 68
135 20
146 97
15 111
29 80
24 166
23 3
195 116
75 105
87 10
173 113
182 10
65 82
63 95
164 74
42 115
152 167
135 56
47 181
106 181
30 120
1 57
148 151
95 165
139 12
95 120
36 29
166 87
144 16
120 6
75 29
34 119
186 173
57 183
129 170
22 13
139 10
143 66
184 189
15 22
34 86
160 49
22 92
96 130
28 27
104 129
65 37
86 177
17 154
155 141
73 135
148 181
37 132
85 158
120 52
17 16
150 109
181 30
185 15
47 131
130 138
121 80
12 70
108 138
141 120
190 23
118 26
6 48
3 194
91 6
95 34
49 133
4 139
192 122
132 42
97 164
131 42
65 142
113 39
7 49
159 152
168 1
166 36
32 174
98 20
169 118
75 67
192 24
6 73
68 170
22 8
50 127
109 35
183 42
123 140
118 122
3 119
68 109
103 29
168 194
81 93
121 159
117 46
96 29
62 125
36 162
180 143
97 59
18 1
152 26
156 106
130 130
20 67
192 160
30 28
85 151
21 4
81 132
99 18
157 58
60 172
19 110
21 68
155 28
95 34
126 128
48 83
138 132
191 27
140 49
156 152
194 3
85 14
187 150
83 51
46 191
123 38
193 133
187 161
118 89
118 105
2 89
161 142
147 116
97 34
30 81
86 11
185 56
89 24
96 146
145 5
90 41
22 177
30 44
20 107
35 48
98 110
103 10
155 25
134 34
45 65
113 8
61 103
55 103
188 81
22 2
72 58
183 56
39 178
23 143
67 34
152 162
37 112
112 144
145 41
17 177
195 22
31 194
195 1
156 81
112 112
169 165
92 176
192 165
145 62
148 34
137 75
1 185
175 113
52 137
21 104
90 136
152 169
133 25
53 175
150 93
18 20
86 78
144 182
60 91
114 40
21 102
174 110
146 68
81 155
155 118
139 61
161 92
67 56
22 79
192 171
183 115
101 112
50 144
71 133
85 102
96 81
119 61
155 69
78 15
112 158
42 113
70 98
30 161
73 174
23 1
105 47
115 136
37 163
76 10
37 118
59 137
16 20
130 149
136 69
57 123
111 172
20 81
149 104
103 188
192 121
134 73
97 170
38 14
24 46
115 171
132 151
138 137
28 39
30 62
184 173
153 187
71 6
93 21
65 123
186 159
59 61
63 86
145 68
131 25
169 85
82 83
155 119
110 63
54 127
24 74
43 41
129 169
169 73
93 122
88 190
132 177
26 138
92 164
122 156
20 15
100 138
151 141
130 17
95 100
84 64
88 179
22 9
28 111
170 152
1 186
144 111
152 160
82 11
120 80
41 128
20 95
23 110
145 99
163 68
32 83
106 95
43 142
137 10
8 21
6 82
82 8
183 87
122 15
90 146
190 17
157 73
91 153
121 80
76 36
144 66
90 80
115 194
80 151
156 155
48 4
117 36
140 104
143 163
89 156
171 153
154 29
173 158
73 115
105 145
34 126
30 148
17 26
121 112
93 91
57 101
29 70
186 94
105 68
40 85
192 106
181 91
186 195
94 194
99 1
62 120
192 92
130 30
28 21
65 97
52 92
106 189
72 61
94 97
17 118
14 150
100 193
13 62
60 126
184 22
30 61
130 69
23 66
28 184
190 127
55 138
41 159
20 148
66 83
42 162
96 62
49 124
170 111
1 182
164 95
14 46
12 11
173 31
27 16
78 36
134 46
16 193
31 170
52 47
129 194
39 54
74 88
167 60
87 43
194 113
75 54
81 132
157 94
49 84
92 191
169 81
188 140
133 48
93 171
159 105
62 188
26 101
85 177
22 122
99 104
1 69
64 38
50 70
19 78
78 178
180 23
108 164
104 79
1 145
195 133
34 80
20 59
160 137
158 147
81 134
191 110
144 24
31 191
19 127
153 129
113 165
157 186
5 78
69 41
3 173
71 55
169 37
181 75
136 154
157 122
131 72
50 27
32 150
69 84
119 30
15 167
155 165
169 122
90 145
168 120
31 155
158 178
161 142
87 172
121 108
112 5
106 53
37 176
86 194
121 77
45 126
169 149
62 194
45 159
59 14
154 104
42 98
18 92
44 183
68 49
164 84
6 152
21 79
161 79
63 7
134 5
55 67
5 185
17 139
136 84
155 44
183 1
50 82
60 107
60 119
76 191
109 51
165 123
178 32
111 145
22 55
42 47
169 92
138 177
17 70
11 141
161 95
115 173
146 93
69 96
4 49
126 104
174 157
68 69
164 186
187 39
138 160
136 178
190 187
150 145
154 81
64 79
116 38
12 39
85 4
34 126
73 67
151 80
157 118
179 30
68 12
52 170
155 122
174 39
10 112
18 91
144 94
125 110
24 5
37 9
12 144
119 7
77 149
58 90
145 37
141 67
132 176
162 194
184 89
4 191
143 41
77 194
36 87
104 117
28 153
191 140
83 107
173 186
24 74
171 132
84 123
101 154
185 125
68 123
48 159
10 44
192 151
195 39
122 153
156 125
112 157
65 115
68 50
146 3
158 26
15 80
22 140
108 153
57 113
15 58
187 83
158 106
45 166
121 187
93 185
113 20
31 110
144 182
61 59
96 195
112 178
100 194
102 186
49 164
28 145
19 91
60 86
70 59
168 142
93 102
73 50
11 174
6 193
5 88
58 113
96 84
174 110
46 58
188 124
183 177
38 132
40 133
162 136
112 108
170 191
168 6
126 116
66 138
155 81
134 148
67 166
90 25
65 74
111 99
143 110
80 51
82 156
122 142
122 140
125 145
137 145
189 24
187 69
76 85
75 44
71 155
64 144
94 111
191 142
133 91
111 49
110 35
166 43
13 57
72 103
70 52
175 161
33 88
183 75
145 58
192 32
33 118
85 152
136 1
171 77
159 33
187 142
15 163
9 11
37 97
51 143
124 132
163 177
77 161
15 13
188 3
139 159
66 37
35 11
182 189
195 183
19 22
62 75
84 34
114 169
64 105
152 81
124 36
81 97
57 49
165 92
57 109
101 187
31 3
119 22
134 191
195 190
183 95
24 189
68 33
123 123
90 169
135 69
137 60
160 140
12 122
173 31
45 116
182 183
150 65
115 21
134 38
165 25
106 169
159 128
51 167
11 99
31 20
182 78
135 158
144 77
7 8
181 35
17 93
102 71
104 156
162 61
150 53
125 137
95 86
113 20
145 14
55 132
73 176
114 59
26 37
130 143
29 49
36 36
169 88
97 144
66 69
179 195
69 23
3 47
49 180
90 133
46 34
161 51
132 2
33 156
138 76
23 142
155 101
118 54
82 121
127 59
96 19
56 168
30 142
153 162
103 168
44 18
12 1
76 114
39 181
41 104
122 24
5 106
6 20
79 189
157 155
180 24
88 187
3 160
174 162
137 5
191 151
46 175
187 100
69 179
122 132
45 67
29 179
128 151
21 38
165 107
1 137
19 187
49 92
125 25
161 193
98 22
12 121
63 99
76 173
22 100
86 9
55 94
41 103
133 83
171 139
163 126
62 135
60 41
113 97
168 180
190 192
107 1
40 54
27 24
23 178
131 89
28 152
120 68
26 67
72 78
6 184
5 70
120 5
82 164
103 63
175 59
134 130
12 73
181 127
96 97
101 13
190 128
167 70
101 121
93 150
74 75
182 59
193 16
67 9
126 102
128 21
22 15
139 12
119 149
68 166
46 119
111 74
170 26
20 41
124 142
133 150
159 114
162 169
136 167
181 140
28 23
133 44
147 36
70 161
180 174
63 3
43 145
68 149
85 56
177 7
166 91
71 159
8 64
42 63
61 153
178 111
190 97
135 151
82 7
37 2
114 134
73 82
7 117
24 102
6 192
55 151
139 54
101 15
47 29
20 32
108 184
111 186
98 125
157 165
28 80
147 20
36 117
157 179
17 154
63 46
127 22
33 133
143 78
188 140
114 68
191 124
113 187
41 11
60 122
153 95
151 151
114 17
31 31
144 140
67 117
188 125
15 192
105 141
133 30
151 25
94 10
38 15
114 88
65 179
167 73
139 141
91 76
64 181
90 130
66 189
160 158
141 80
169 66
119 62
183 17
124 34
93 123
69 10
127 165
74 118
158 160
54 21
81 160
32 17
145 47
182 114
152 24
2 112
114 114
87 134
3 161
175 7
36 99
52 76
92 147
39 11
77 158
83 134
126 163
31 31
82 44
193 71
10 142
86 159
85 21
139 12
96 122
165 73
153 182
125 81
89 72
107 115
159 193
111 34
194 133
155 135
80 39
27 23
135 189
52 162
190 130
8 63
173 176
167 61
14 176
122 79
157 169
57 183
149 59
110 8
34 83
90 18
191 120
68 187
12 74
97 161
114 171
80 32
91 108
171 44
187 176
73 103
27 14
125 10
176 45
17 115
22 118
153 176
158 182
102 113
178 80
77 162
5 41
132 57
63 177
102 91
54 95
85 31
83 29
163 100
33 17
58 157
103 65
88 194
91 143
77 171
147 171
179 4
191 88
159 169
146 46
9 27
16 186
86 44
76 150
57 76
41 194
170 14
63 50
105 143
43 159
56 156
149 118
127 60
50 106
167 179
128 10
17 131
97 195
113 44
190 39
170 165
18 170
71 163
113 127
182 138
182 51
28 31
106 122
131 68
93 109
49 36
165 1
108 134
131 123
75 138
94 22
78 52
55 84
115 14
4 50
90 69
12 190
81 58
130 143
146 153
111 117
117 187
62 113
61 10
65 73
157 72
40 12
21 150
183 22
195 134
181 85
129 172
131 195
53 78
