376 3450
226 181
31 150
292 201
295 178
151 72
374 119
375 303
148 16
140 146
235 343
325 47
54 136
230 149
22 356
152 294
278 359
84 40
195 69
367 33
129 135
257 122
210 352
284 219
364 260
224 269
24 136
145 28
152 369
48 162
181 115
359 107
257 187
159 230
190 136
349 63
180 311
371 308
107 94
122 46
337 345
173 262
72 237
171 349
343 164
108 325
267 82
148 233
260 34
190 137
36 110
118 260
161 203
36 358
64 5
219 81
43 217
286 36
208 268
277 10
26 40
375 134
104 51
339 52
89 209
138 256
210 224
83 32
73 333
302 230
8 54
371 234
109 66
274 7
364 23
303 222
335 251
42 73
363 253
153 33
56 260
61 249
115 235
187 41
222 100
41 295
137 83
204 273
128 254
31 363
36 118
205 127
302 70
254 143
310 252
263 268
1 367
82 307
187 107
172 216
203 308
295 99
93 49
41 211
292 79
106 241
292 251
65 325
56 167
218 35
241 66
262 46
325 240
331 125
50 60
63 200
78 50
41 243
280 29
145 264
173 240
124 354
251 227
22 172
64 348
348 10
53 207
184 308
270 361
273 183
250 159
325 16
192 54
331 30
82 360
15 28
198 225
210 150
261 136
246 185
189 82
168 100
66 207
367 326
297 92
194 126
196 55
160 15
362 167
65 344
72 315
351 321
145 26
171 41
221 231
209 175
316 327
292 57
334 300
115 49
172 339
56 360
261 236
276 310
245 184
128 200
66 180
98 198
33 15
251 40
330 355
266 361
315 159
330 285
311 354
31 38
184 132
212 299
31 368
13 192
218 276
147 331
21 243
262 299
29 19
124 211
187 134
53 83
120 103
245 342
189 373
1 225
316 29
90 213
37 63
326 249
143 195
128 347
368 147
336 332
193 103
19 353
316 172
294 191
76 80
19 24
271 334
145 214
65 289
282 228
332 174
122 201
334 271
346 166
76 165
333 350
151 260
17 305
305 35
284 343
195 361
261 352
232 374
177 228
70 354
306 227
42 243
267 365
372 28
168 85
352 346
224 177
118 22
261 333
284 127
207 304
247 70
296 259
12 95
141 267
263 105
181 157
166 7
229 273
15 53
92 209
255 77
45 191
240 281
51 305
367 343
334 241
113 178
88 150
311 42
200 278
305 222
42 307
315 147
100 290
126 284
270 179
223 312
20 19
192 237
309 269
88 127
304 43
110 240
61 48
370 299
313 31
60 97
49 359
176 259
342 360
119 345
136 65
49 291
280 242
119 331
131 83
114 324
91 16
276 252
358 173
12 118
229 113
129 180
154 141
63 190
1 119
354 76
272 124
286 51
160 18
15 195
72 99
374 169
42 326
177 208
91 224
148 144
276 313
168 320
1 183
45 331
229 203
284 61
285 330
341 132
229 315
250 242
224 314
269 166
54 14
217 284
32 165
344 214
225 251
269 77
263 32
232 85
249 256
333 80
18 316
41 64
113 69
206 223
212 304
341 193
225 289
105 44
168 57
152 44
345 329
372 218
240 335
205 275
271 340
269 204
59 149
40 333
155 8
183 106
158 149
184 236
11 110
176 341
100 204
1 83
111 33
40 195
85 131
88 303
167 330
32 368
83 40
123 74
79 13
124 8
196 181
46 345
161 330
307 43
140 122
362 236
217 375
209 92
179 358
44 45
88 88
105 70
359 55
268 249
217 87
216 215
279 56
236 362
54 64
320 160
3 327
133 3
356 116
111 371
55 38
160 260
200 344
281 179
240 346
304 65
309 96
235 184
299 176
8 82
372 115
239 73
281 304
39 238
286 372
13 111
116 136
375 99
167 132
48 161
196 239
276 290
131 212
277 41
103 43
124 269
1 151
285 28
96 213
21 109
147 18
72 190
323 254
236 76
117 68
333 198
132 36
11 122
140 82
160 83
227 79
200 366
298 331
24 225
312 214
55 372
308 137
327 165
323 362
328 347
70 293
321 330
80 1
219 60
261 18
123 161
123 132
181 176
64 266
50 362
45 266
134 275
30 123
341 149
278 230
79 342
137 96
311 211
306 252
229 213
2 68
341 234
133 102
185 6
95 183
162 341
283 198
268 340
305 85
28 335
204 85
167 25
79 235
203 281
99 253
327 274
366 283
76 229
21 163
371 44
246 106
290 28
148 304
363 55
52 216
331 20
243 64
216 362
213 136
368 13
178 8
150 171
292 277
116 329
117 113
64 136
346 308
373 103
51 266
43 11
216 53
20 151
154 339
347 193
260 247
190 90
31 10
73 180
259 149
162 103
361 345
98 63
359 188
92 375
28 191
113 98
343 223
144 230
328 276
79 143
240 43
351 278
107 320
189 48
303 371
233 34
75 206
275 315
228 97
100 44
148 324
39 334
263 330
361 282
49 371
97 48
299 139
309 148
152 53
131 138
74 175
9 57
203 54
183 341
290 63
77 24
299 140
352 269
283 139
88 33
92 93
130 9
78 371
221 216
147 162
160 331
111 179
316 16
66 346
126 215
106 26
19 99
365 336
373 194
147 24
64 324
118 27
308 373
325 6
235 324
188 305
288 19
33 69
119 38
374 75
262 243
2 201
287 137
294 207
259 162
357 311
356 15
200 172
223 307
28 113
54 210
239 273
200 66
44 348
325 261
78 184
363 157
118 150
293 355
99 319
316 67
279 38
59 228
235 268
86 95
218 316
37 316
128 289
165 277
92 268
52 329
159 55
107 316
105 313
253 91
149 222
110 135
74 331
284 307
127 323
361 55
144 262
295 40
35 332
160 281
178 216
14 235
109 207
210 32
110 25
36 314
375 346
29 376
286 328
282 55
194 277
120 300
340 113
333 225
106 102
252 304
44 231
251 360
313 143
351 16
327 104
117 146
129 217
305 78
50 215
7 326
52 184
367 182
337 314
91 215
241 346
277 296
348 59
42 373
12 344
153 224
332 265
288 341
330 65
367 161
6 284
116 283
93 286
169 196
257 161
73 46
355 202
251 31
46 54
77 135
183 82
137 192
259 112
205 108
335 263
268 307
146 279
139 297
64 349
90 104
371 52
341 106
81 229
8 316
132 288
376 375
226 235
149 362
199 131
108 17
184 243
245 1
225 63
120 129
334 67
99 185
155 83
70 143
111 109
16 355
107 292
33 102
331 322
257 237
90 290
109 240
267 338
65 244
262 16
126 13
363 99
216 5
175 39
299 5
186 370
91 145
124 62
142 354
364 46
124 34
130 1
191 361
127 324
364 180
167 190
27 133
96 297
90 80
24 60
263 148
260 196
119 93
108 326
285 210
287 38
65 170
6 130
106 144
39 167
85 144
254 171
300 82
268 25
356 152
119 334
251 341
226 256
215 285
246 149
213 37
20 143
25 257
77 205
113 298
368 241
115 259
131 175
25 281
237 375
73 292
318 158
16 259
141 372
283 144
231 93
356 281
145 220
185 85
96 312
335 174
264 220
201 318
272 181
322 169
154 199
61 210
320 173
86 35
258 214
271 32
156 153
102 65
12 1
92 79
368 143
85 184
285 70
356 342
330 376
325 187
119 103
108 183
307 349
45 313
164 148
69 118
271 152
298 153
90 6
333 243
52 50
38 345
138 272
353 207
230 288
86 6
263 305
273 317
97 42
289 342
239 36
350 168
163 44
93 257
96 89
267 179
132 146
269 235
200 10
190 77
208 257
260 260
142 82
221 34
356 137
130 336
207 264
285 42
279 168
207 226
140 248
324 371
247 184
326 34
371 238
30 176
23 226
7 93
79 130
127 141
362 300
158 286
25 364
285 151
148 221
301 171
153 23
161 63
340 254
29 103
215 150
132 192
32 155
269 294
220 14
363 113
236 7
104 13
285 320
343 151
135 358
73 69
89 197
110 305
215 73
57 101
286 192
69 282
221 125
362 148
118 108
338 147
244 356
110 349
158 131
181 302
318 258
21 290
77 236
248 94
175 66
132 21
359 325
25 311
124 350
330 354
226 290
276 291
292 69
134 310
356 26
283 134
114 35
117 284
352 337
318 228
73 24
294 280
150 197
360 354
244 231
10 165
346 53
200 67
325 7
140 118
236 32
338 59
151 363
175 323
100 73
318 236
223 123
265 309
366 99
55 315
347 365
347 303
98 227
6 201
309 356
308 29
194 93
351 175
98 116
346 51
145 218
297 330
129 32
197 8
207 51
276 174
289 5
259 144
35 70
47 129
28 205
254 341
1 104
4 296
83 376
177 91
335 264
114 323
45 142
297 55
225 358
56 185
205 285
41 371
87 180
299 289
102 17
334 294
80 268
53 178
111 302
174 363
178 124
218 60
4 215
346 154
357 166
71 276
167 150
228 144
102 225
53 5
112 221
112 364
342 222
230 306
278 134
363 76
52 170
59 112
327 175
177 299
371 369
332 99
15 81
103 103
212 26
337 289
20 237
340 358
194 255
55 298
340 106
89 188
143 369
196 131
4 13
329 81
352 188
23 12
293 42
70 52
312 168
112 108
220 33
123 356
130 16
156 238
205 149
313 57
172 293
313 189
94 30
24 138
111 155
119 310
141 330
229 285
232 329
285 363
118 22
212 251
182 191
315 121
145 89
189 322
290 159
256 154
159 187
14 116
340 320
266 253
359 156
65 244
58 18
12 348
272 301
123 237
361 200
349 36
30 35
347 100
367 253
148 298
43 99
268 183
213 330
43 111
114 181
357 48
152 71
167 214
249 99
279 183
229 95
176 96
283 181
314 220
194 4
372 137
84 356
26 311
17 247
85 304
363 189
367 171
5 75
57 203
52 109
356 166
249 129
369 29
249 335
83 341
252 195
200 135
82 61
321 79
104 40
102 82
99 108
165 301
306 2
267 371
313 233
224 52
333 202
156 129
148 263
284 109
87 280
232 258
330 164
276 11
247 84
204 254
281 34
184 174
139 32
298 169
100 232
151 259
343 138
57 103
121 143
239 257
24 263
285 198
106 144
75 128
267 75
372 36
350 80
254 30
146 19
240 166
318 90
318 233
168 262
364 203
2 305
91 288
365 341
286 74
104 368
50 117
296 61
342 347
200 343
367 253
343 322
303 273
24 25
118 339
353 83
197 4
170 94
344 351
348 246
45 177
320 64
65 59
206 298
27 333
246 247
269 317
22 141
374 345
319 286
41 345
275 5
141 216
298 240
339 105
25 143
287 325
98 85
308 116
205 239
252 192
321 174
289 324
212 68
61 103
41 64
210 280
92 158
222 140
210 141
225 122
269 157
229 330
350 338
142 299
364 67
197 42
125 5
53 192
276 72
73 369
152 270
38 13
155 188
153 370
84 172
350 346
316 121
18 23
88 220
290 347
118 115
37 32
151 213
283 217
369 42
204 238
121 24
71 312
342 4
343 28
244 256
349 172
282 202
75 25
113 85
311 190
135 253
106 149
6 216
141 130
358 166
324 265
35 231
179 201
43 248
367 316
86 43
134 228
376 84
158 119
164 12
60 47
19 237
344 247
5 95
130 242
24 238
35 111
195 316
60 319
215 261
163 311
291 293
236 31
95 264
12 252
14 51
267 180
348 159
365 171
356 273
305 173
202 87
324 17
64 254
362 256
182 76
302 66
288 15
52 361
252 346
216 333
294 289
77 170
97 60
256 108
225 308
75 51
267 28
161 212
131 240
249 236
194 300
230 124
190 83
24 80
175 169
156 204
6 305
138 140
72 65
78 282
196 69
218 143
99 311
279 203
372 40
154 146
181 319
16 87
106 85
285 295
89 161
226 204
257 40
21 94
279 48
53 328
171 288
345 327
224 222
202 131
202 27
264 314
177 279
51 50
159 50
186 370
122 328
19 169
9 57
56 251
27 30
156 342
284 107
77 207
259 374
3 231
64 257
243 77
50 79
226 264
35 17
3 44
77 224
230 312
20 262
194 15
138 34
150 69
138 36
284 128
75 246
213 33
146 319
180 172
262 94
338 74
99 94
9 295
205 236
119 168
350 130
173 96
120 319
72 212
316 41
52 10
237 330
33 108
214 292
230 299
95 207
145 5
33 80
28 37
35 327
277 239
122 71
174 363
149 148
53 109
94 81
37 368
81 9
336 87
23 2
2 178
260 11
278 230
336 333
134 92
365 210
346 334
345 3
61 98
120 150
290 44
194 72
224 24
324 19
63 321
159 67
20 262
156 238
357 221
228 372
39 9
58 205
349 43
82 264
66 251
233 224
311 43
111 292
19 108
275 326
43 172
351 167
157 338
26 351
2 275
36 130
285 243
64 364
280 352
232 179
117 272
366 241
41 249
39 207
296 93
254 219
12 323
54 249
61 90
352 232
55 366
262 323
344 56
135 90
242 376
306 263
264 291
332 251
275 358
152 154
342 174
296 111
308 36
157 304
138 133
328 290
210 304
136 354
198 275
365 313
35 96
191 60
278 296
361 185
4 61
300 246
333 69
117 242
135 321
49 196
209 159
204 286
293 110
343 72
164 290
245 316
234 133
265 99
48 111
256 342
211 256
9 165
50 137
173 361
62 357
91 250
248 308
115 25
181 206
354 228
295 338
85 303
170 262
93 370
120 59
177 336
318 293
346 235
236 225
32 94
315 42
320 207
222 324
207 201
347 320
81 140
225 70
227 300
276 215
156 324
278 159
179 177
92 106
212 276
184 265
87 361
207 196
96 176
264 165
15 65
356 343
258 286
330 291
220 155
32 195
198 223
79 165
277 261
346 287
90 70
240 40
118 242
375 54
149 109
48 41
216 293
334 316
173 124
297 263
261 27
117 375
166 13
348 172
328 65
42 142
173 263
123 200
104 131
304 211
350 357
329 363
120 223
12 247
4 183
273 70
139 66
237 254
337 52
345 308
231 45
36 144
72 176
369 350
350 241
159 360
348 214
306 221
102 308
228 148
199 220
291 222
176 290
48 148
315 90
288 249
327 376
224 241
103 323
257 280
236 100
194 5
131 331
72 72
307 368
297 300
82 194
81 149
118 159
21 6
363 211
38 251
13 277
18 340
162 33
21 177
330 41
222 153
298 375
324 313
161 96
375 49
253 342
36 133
117 253
40 78
42 204
244 71
362 109
137 222
118 352
171 286
185 296
267 36
305 162
77 185
266 76
276 67
223 210
208 201
51 122
225 361
344 198
192 19
142 341
194 212
11 92
49 283
43 337
204 246
4 178
256 84
212 239
58 327
64 139
131 169
343 342
177 255
186 194
360 364
80 205
244 10
65 93
356 366
28 349
189 346
36 20
53 284
117 247
146 265
353 10
159 203
115 158
327 70
16 344
258 358
172 50
372 139
253 339
144 363
125 286
344 134
54 66
154 134
48 361
132 157
123 165
376 218
146 322
292 216
139 219
66 261
91 310
58 120
162 49
363 45
355 212
223 140
191 38
82 270
14 246
117 257
15 256
184 290
129 13
311 239
287 202
97 95
175 308
81 206
72 246
284 229
237 272
68 99
322 197
340 138
169 95
224 325
284 372
289 100
149 273
21 272
52 83
245 86
189 206
324 114
281 264
85 64
38 210
158 359
219 357
121 95
335 263
309 213
270 142
168 108
212 221
183 355
216 123
67 306
376 222
225 247
239 90
101 354
54 318
205 59
232 371
229 367
25 122
186 15
270 195
4 60
327 130
148 255
78 182
222 363
355 301
237 368
80 64
235 100
218 316
55 40
47 144
60 314
55 230
60 256
123 23
195 109
84 312
338 161
51 156
51 369
135 37
181 325
129 363
180 99
127 217
23 189
239 142
225 190
243 159
205 61
352 365
140 53
281 290
176 33
43 64
48 54
135 105
71 157
73 108
145 138
373 240
217 319
190 30
146 60
157 17
44 144
253 257
236 183
266 221
307 158
338 170
272 255
186 281
105 235
108 331
173 327
279 348
223 309
341 262
253 241
351 87
314 112
322 206
195 152
146 94
172 256
190 89
354 162
265 27
106 143
222 106
141 370
5 127
370 103
256 141
217 116
12 83
139 371
269 10
230 8
148 367
46 350
96 254
97 319
124 10
261 111
312 249
129 2
269 18
250 6
173 372
38 224
345 269
60 8
255 8
14 92
175 150
370 69
159 87
122 241
88 31
229 203
263 140
339 342
211 274
52 11
332 127
34 375
191 168
23 318
364 20
324 267
318 332
19 216
189 314
90 371
102 89
3 189
44 174
285 321
28 208
90 363
267 148
311 362
362 95
59 355
73 338
314 119
262 162
100 374
297 342
218 134
189 8
45 263
248 318
299 357
166 270
146 141
20 248
195 225
27 230
224 341
171 288
309 322
291 153
332 204
205 211
248 256
40 344
141 245
101 295
247 303
10 134
116 297
239 148
14 203
76 267
197 25
78 146
159 156
5 376
374 112
312 215
189 114
54 97
132 4
137 363
259 110
87 286
226 328
259 27
317 182
73 302
102 207
42 266
24 351
187 295
134 92
199 133
30 32
327 295
257 19
66 205
371 144
355 58
263 74
218 232
373 90
264 231
128 26
339 33
111 129
77 352
135 372
79 215
374 1
143 327
287 148
83 332
115 322
369 155
18 182
345 369
312 304
228 263
266 58
136 86
233 220
45 360
285 263
227 3
146 237
139 365
189 308
248 326
83 351
291 36
324 2
46 69
272 225
247 176
267 122
109 166
355 364
130 285
20 230
6 209
4 69
313 109
213 154
121 138
190 160
305 156
298 89
215 36
205 209
40 153
65 1
201 19
116 161
322 31
88 75
66 178
52 312
4 23
257 345
191 127
20 20
306 270
155 242
80 365
293 125
46 160
126 295
335 265
176 31
212 81
4 26
152 300
214 162
8 82
231 258
91 76
311 331
83 342
79 261
22 25
376 210
33 352
39 328
181 281
56 61
66 314
362 207
135 145
53 245
130 138
375 237
220 299
275 278
182 50
174 20
339 184
198 9
52 316
160 116
167 97
186 134
164 58
102 125
304 218
221 287
191 191
263 166
313 116
294 169
237 54
329 91
141 63
34 354
18 44
271 34
131 334
206 364
190 201
128 112
186 82
367 135
42 50
318 67
253 222
196 12
231 121
118 251
22 317
198 45
92 86
354 297
208 212
189 223
153 50
17 353
299 281
146 216
108 270
100 360
278 59
176 11
131 232
144 83
82 38
94 292
114 8
71 240
264 49
304 16
8 211
283 249
203 342
101 338
171 216
319 260
332 252
331 120
127 356
90 82
188 312
162 196
164 25
142 126
330 298
269 288
224 342
316 312
83 262
187 304
268 151
56 16
197 308
89 152
273 306
238 33
91 169
229 131
297 55
55 195
187 294
224 200
11 173
332 222
347 345
69 329
229 78
162 183
318 355
1 31
37 86
60 117
96 116
213 290
272 339
18 273
119 162
250 57
45 58
47 222
284 183
70 213
128 365
106 167
341 113
278 234
65 293
35 1
143 125
96 119
22 235
300 268
108 363
175 36
234 90
86 21
211 3
270 59
44 22
264 152
195 65
180 362
195 101
58 172
218 177
223 70
225 144
349 152
14 258
55 137
327 311
161 189
153 372
41 88
209 169
352 227
366 320
236 49
146 5
86 332
19 210
11 160
249 27
214 100
219 30
241 240
90 7
363 26
75 154
13 303
190 84
355 343
133 34
71 123
135 290
298 354
286 155
124 297
204 183
142 205
106 123
6 322
39 308
81 163
205 200
358 366
158 277
131 255
290 163
100 218
59 280
126 20
286 182
104 290
317 302
316 169
68 145
166 173
63 210
339 335
243 213
18 370
333 132
94 50
283 350
289 275
68 235
300 205
208 113
63 246
183 20
364 280
234 150
186 317
156 146
132 236
190 223
321 344
364 5
359 229
60 68
365 210
321 337
11 75
68 365
175 313
40 359
84 140
68 144
36 287
321 316
277 228
16 111
23 320
152 83
177 373
202 24
287 351
39 363
352 160
159 281
136 160
277 140
183 297
124 229
28 364
227 175
154 72
236 299
159 301
299 19
211 212
255 258
208 135
247 121
243 360
111 92
82 48
352 163
251 294
9 221
300 250
103 357
5 332
254 106
281 23
335 286
242 101
212 132
151 163
328 221
121 299
367 52
102 126
357 342
138 230
191 97
342 22
286 159
68 49
41 286
280 298
26 228
32 200
323 119
290 289
373 82
269 316
35 43
333 172
123 337
121 291
263 88
68 223
189 44
31 278
110 246
111 98
2 362
279 353
70 251
198 38
375 193
124 14
124 311
202 362
212 355
67 140
154 170
368 143
131 181
174 200
48 5
359 373
308 216
81 323
107 83
133 246
7 269
315 19
369 214
163 25
211 240
141 222
342 80
78 88
117 99
76 246
296 220
176 17
307 221
161 121
248 342
285 330
200 341
208 364
17 274
118 363
271 331
71 324
151 74
222 31
80 160
261 184
60 27
20 270
301 323
255 251
11 233
276 162
173 259
285 87
187 341
139 95
80 153
341 313
145 192
195 105
228 72
276 77
171 364
96 276
168 77
73 46
309 93
139 170
27 179
5 6
214 190
222 330
244 215
299 243
20 144
346 301
41 102
197 208
88 230
171 127
115 72
304 191
38 29
178 256
271 300
73 193
169 52
38 111
200 50
26 17
53 87
254 316
332 63
248 12
287 287
206 178
306 278
288 75
64 131
59 97
331 282
1 368
132 281
55 236
128 204
292 269
375 245
155 79
32 69
5 357
61 68
144 225
308 218
22 240
246 91
346 263
100 369
325 169
48 4
332 356
14 305
290 359
332 75
354 309
296 332
80 193
130 242
126 134
342 217
54 144
244 109
362 44
184 74
156 281
30 108
32 286
205 376
3 118
250 188
345 330
361 275
243 199
225 185
268 193
239 343
337 142
13 104
292 18
294 75
50 2
325 149
126 132
81 301
137 184
355 46
57 147
3 128
234 346
195 259
196 1
326 186
11 122
122 48
169 215
17 226
300 57
292 283
131 136
12 175
151 251
246 341
327 285
354 84
307 14
31 311
226 205
56 131
139 332
359 298
281 329
368 172
12 196
349 189
27 11
342 175
67 346
182 119
355 162
368 76
195 155
116 114
234 371
371 204
195 158
177 150
334 217
98 267
315 250
26 70
291 120
73 67
185 284
138 357
224 99
166 118
153 132
347 106
96 41
103 138
248 234
344 11
132 103
4 4
108 162
360 104
88 302
121 158
54 140
111 76
80 285
238 305
57 169
293 159
108 235
194 217
219 107
193 143
113 209
242 98
245 35
318 351
119 349
93 233
15 78
333 218
68 100
266 306
203 221
118 288
327 169
129 296
215 272
305 193
152 292
310 342
333 44
222 65
227 72
371 350
192 146
306 233
29 139
17 29
45 4
275 159
57 328
322 309
322 329
298 93
29 30
240 131
129 207
44 1
264 147
294 195
239 187
368 337
25 64
221 80
365 294
253 254
245 244
340 327
313 28
242 170
226 376
221 298
283 106
15 285
171 102
91 187
67 11
25 52
290 291
349 246
341 321
106 340
154 231
23 243
300 165
73 314
354 66
227 75
3 44
230 375
144 182
70 239
174 46
32 150
136 313
274 303
123 335
373 124
310 370
216 127
316 130
42 164
119 220
310 195
122 149
132 143
52 147
13 115
37 64
238 279
373 197
300 249
124 173
299 264
4 158
340 170
203 124
207 72
376 60
331 294
132 79
319 278
183 40
324 236
222 89
175 317
20 58
263 48
248 286
242 315
218 68
103 172
119 365
200 369
87 185
72 144
261 359
197 41
136 113
20 187
259 336
325 121
211 114
129 202
50 233
342 151
200 290
182 123
153 355
85 264
55 181
155 4
174 283
331 5
375 374
166 272
279 146
253 303
325 277
303 12
187 208
364 269
122 76
253 221
345 213
285 223
364 256
148 155
306 143
323 98
353 57
346 353
299 140
72 305
338 278
252 137
304 217
307 55
16 250
13 171
119 85
214 138
41 73
236 296
24 115
374 234
106 27
126 168
208 94
370 87
82 124
61 63
319 44
344 291
80 210
263 153
160 107
58 336
148 93
289 256
32 373
249 9
38 271
165 162
318 100
96 272
247 139
154 35
345 250
227 99
90 103
325 159
315 347
86 44
167 322
299 144
203 37
150 229
144 339
335 69
283 279
105 373
10 360
354 164
38 173
299 165
285 237
258 218
171 147
337 100
327 40
180 284
341 249
117 106
94 319
199 137
4 8
294 268
255 300
167 355
300 299
337 305
125 83
239 163
121 66
335 58
357 140
286 50
195 134
101 105
336 285
264 222
179 339
98 220
166 157
78 251
295 20
117 238
114 100
358 71
30 310
24 136
177 308
267 298
189 67
107 246
355 82
13 211
125 14
329 119
188 169
65 52
355 111
31 64
168 195
138 104
360 108
166 184
43 293
242 143
186 182
349 196
131 260
88 104
42 308
12 334
150 309
101 165
182 323
213 111
296 24
46 143
42 46
365 366
25 116
7 345
161 370
74 219
88 203
149 92
26 18
130 316
268 228
355 9
75 193
213 135
122 197
160 7
52 38
61 254
233 360
141 241
339 98
193 4
228 8
48 88
355 200
54 108
63 130
8 245
171 76
247 90
318 101
254 158
134 271
7 265
114 13
88 180
22 36
196 365
332 267
79 81
202 371
253 238
293 342
255 120
361 9
192 118
244 345
99 16
339 150
150 179
92 51
256 210
40 224
334 115
355 115
44 262
225 322
289 223
253 278
280 362
75 160
314 311
250 105
73 129
153 3
348 325
176 2
102 111
288 32
99 235
342 187
238 10
116 112
56 9
52 198
338 135
273 165
206 373
20 230
92 274
266 346
38 264
224 12
295 171
53 82
341 153
94 111
82 65
303 283
290 6
195 173
262 56
113 313
351 98
225 348
166 67
152 180
336 370
219 269
93 118
182 224
136 343
362 311
138 89
363 160
94 251
94 219
305 54
193 23
369 152
165 123
114 83
244 320
300 331
55 224
275 135
186 151
137 179
324 318
94 93
373 17
62 84
317 317
181 8
321 91
117 264
205 309
302 321
48 171
292 42
357 272
67 46
195 287
146 166
301 311
275 38
297 60
89 74
297 347
56 248
270 91
231 111
100 266
154 200
340 244
79 40
362 339
126 244
64 312
15 192
246 231
8 275
114 134
331 83
327 132
366 203
19 83
325 54
179 351
346 318
162 370
290 317
298 7
289 92
265 140
160 61
235 187
40 364
117 262
26 230
81 167
177 169
146 75
294 312
326 300
167 174
302 168
54 347
329 29
105 20
26 271
105 168
275 220
156 216
144 126
263 59
249 93
12 374
322 269
231 15
323 73
129 307
330 217
123 58
230 19
187 373
18 33
283 227
219 1
80 341
332 326
17 52
241 262
286 89
126 71
172 64
278 336
155 249
310 87
109 241
200 159
330 255
362 163
58 37
64 194
259 104
7 215
170 26
272 235
348 232
270 19
302 19
28 45
142 16
241 83
138 222
91 373
77 312
3 171
355 196
174 285
98 15
223 101
281 103
318 226
193 181
314 200
225 2
322 192
291 100
157 92
216 335
51 47
140 89
333 324
89 207
214 48
81 266
31 117
52 163
231 70
119 97
76 123
107 319
138 28
314 218
36 312
239 82
310 52
238 19
63 131
41 342
42 187
34 19
19 316
68 300
322 95
280 251
220 288
141 131
185 315
209 86
316 148
41 9
299 312
217 76
49 47
97 274
348 10
12 131
75 62
93 354
170 117
9 239
270 206
370 34
240 254
70 159
311 227
7 137
171 290
64 14
280 17
261 249
17 142
273 166
194 106
206 14
172 80
229 319
254 216
346 214
280 231
147 338
54 346
125 348
233 196
194 178
321 37
329 189
241 7
63 48
177 207
106 140
184 309
104 162
142 6
227 210
248 184
18 6
299 107
361 218
8 206
188 70
358 294
130 331
117 41
236 200
195 4
73 249
61 368
264 278
25 183
325 222
47 218
151 55
361 263
254 181
217 344
188 311
232 283
135 44
376 16
248 226
266 143
182 89
257 30
93 276
367 25
270 287
11 322
179 132
177 307
336 108
27 130
212 31
198 286
56 269
370 3
4 183
237 93
233 267
263 299
263 246
219 205
158 347
229 356
300 105
152 100
309 69
8 65
104 272
323 141
107 318
50 8
309 234
338 175
273 80
309 94
214 359
142 29
129 38
368 347
162 103
193 90
19 355
278 52
330 90
234 306
188 210
79 314
168 81
151 37
347 307
218 61
121 287
116 275
18 282
43 190
371 81
76 238
26 349
231 277
218 34
131 355
44 291
36 170
85 20
327 270
202 136
340 76
263 275
364 308
206 162
42 339
11 122
306 352
133 355
304 141
41 77
160 308
67 65
190 277
190 151
141 278
270 230
241 60
204 236
335 133
269 306
99 17
335 329
302 249
114 100
158 75
25 191
142 293
79 283
247 30
76 198
231 137
27 183
75 78
300 180
47 373
87 20
172 256
375 98
291 117
129 282
78 292
27 280
167 299
48 240
218 167
96 361
91 118
271 359
311 348
243 231
296 103
92 71
317 180
78 311
100 165
338 289
303 218
198 301
202 25
56 81
265 263
361 215
35 259
297 188
213 21
286 321
267 80
221 185
27 106
170 146
357 53
20 72
221 138
331 86
299 129
341 92
265 234
200 307
93 141
361 111
205 288
219 29
255 28
281 14
210 374
245 24
308 243
85 259
243 23
255 84
331 226
107 315
48 165
43 164
134 166
33 67
344 252
284 206
235 84
17 193
164 78
330 324
268 137
371 142
120 236
53 84
259 359
295 77
266 186
324 199
334 313
243 228
63 241
351 159
362 343
78 360
312 215
332 282
138 6
196 299
345 13
141 186
314 310
275 209
270 303
38 303
136 9
277 298
139 349
100 64
138 143
102 250
359 207
364 114
122 325
154 317
351 315
124 326
362 150
307 146
354 111
229 152
303 352
73 241
58 42
240 32
262 191
94 352
314 284
180 73
17 285
266 131
63 235
228 44
213 2
75 182
2 134
366 334
216 318
191 181
354 170
14 291
6 198
160 56
69 59
278 65
353 47
228 109
273 76
36 231
46 76
372 334
226 355
360 363
343 365
193 265
183 159
347 320
78 3
93 187
230 202
283 247
164 139
326 276
310 301
127 264
156 362
87 254
176 180
6 192
307 258
64 224
168 182
305 179
345 135
372 48
326 143
159 74
73 264
331 320
27 313
7 275
109 247
38 170
104 62
355 355
152 312
143 202
66 338
265 221
318 346
85 360
243 11
25 45
117 257
110 246
305 151
316 89
329 329
357 146
35 88
259 157
249 300
184 368
371 87
10 12
96 69
274 295
236 159
173 145
233 18
51 167
330 115
224 309
16 74
318 76
102 6
118 231
34 146
279 47
187 304
314 68
89 359
118 272
250 240
51 75
173 279
226 164
268 58
212 226
35 8
27 210
185 320
355 259
69 281
69 316
128 8
35 152
20 255
370 240
54 352
126 258
110 338
351 12
330 121
28 136
233 205
254 100
343 189
348 203
341 370
53 33
287 141
84 170
247 211
125 77
129 175
209 342
134 314
273 305
342 350
30 58
99 295
134 296
90 207
264 219
334 192
107 229
376 2
17 20
2 45
