306 4374
43 71
82 182
28 132
292 133
190 11
164 303
285 243
304 22
182 166
162 290
157 129
179 181
50 71
83 217
30 80
191 256
97 64
36 215
102 142
165 115
4 138
109 234
130 30
166 209
143 31
26 239
299 272
126 229
101 295
289 162
51 265
45 273
83 94
71 207
96 249
86 256
78 139
212 125
189 183
3 220
205 198
19 34
289 79
41 254
213 25
196 119
260 296
108 91
224 122
223 165
268 105
52 246
13 297
229 102
119 126
99 81
273 281
44 239
109 276
144 232
274 231
117 13
5 200
243 297
184 156
153 36
90 261
68 254
52 40
27 214
105 27
61 135
134 170
178 264
146 286
152 12
65 253
89 36
230 231
221 251
182 200
193 287
41 263
78 190
14 76
299 211
160 236
187 16
61 9
277 125
177 163
273 12
16 87
130 51
305 155
7 249
160 292
2 219
153 93
255 221
267 218
191 213
16 228
247 251
33 155
272 109
227 113
273 186
136 147
287 164
276 291
171 298
183 209
164 78
88 22
201 74
174 14
73 144
239 14
142 86
221 226
76 175
61 292
83 278
243 257
265 134
225 187
237 219
66 201
141 66
258 295
156 272
300 121
68 35
280 300
121 4
54 211
102 185
268 8
119 260
50 291
47 301
304 139
111 220
273 276
71 28
261 108
234 233
185 108
287 96
63 212
292 290
272 27
98 189
9 288
14 169
294 163
101 96
28 251
93 303
95 125
276 273
29 279
96 90
208 272
204 115
132 80
287 243
164 13
21 23
68 176
162 107
256 294
247 134
12 286
229 262
68 143
127 30
20 288
170 64
185 233
276 87
88 180
254 252
149 217
167 8
2 198
33 233
19 78
166 148
2 19
228 153
222 76
104 99
182 229
154 219
127 67
39 281
51 60
284 122
9 253
160 13
235 108
270 186
255 45
259 9
231 143
100 75
14 206
120 121
105 69
280 36
239 207
119 227
140 57
257 95
21 138
282 257
204 239
178 194
120 189
150 268
295 228
259 234
242 239
282 44
260 60
231 134
267 145
243 109
261 183
251 86
245 185
208 101
151 210
116 1
168 10
63 261
99 274
119 68
260 39
147 83
80 110
160 45
283 34
53 65
301 86
253 198
114 117
63 235
85 245
261 7
81 252
168 212
199 252
75 250
107 64
66 115
252 68
243 23
114 43
95 96
97 227
8 183
41 168
213 221
267 65
150 275
218 257
190 196
54 249
59 126
264 31
25 162
306 254
35 129
146 231
206 204
62 251
120 48
250 274
300 293
127 89
120 157
252 143
233 179
299 112
252 38
261 70
185 105
101 128
42 249
292 42
291 284
154 225
28 239
139 25
222 297
11 173
182 18
41 299
116 104
153 108
292 149
113 184
258 37
273 119
240 260
210 85
59 158
36 125
98 215
268 161
25 194
193 219
261 100
78 152
5 248
216 194
260 105
31 29
151 7
262 43
252 77
45 237
111 206
224 294
149 145
51 192
13 128
177 121
274 231
217 252
276 103
91 279
78 18
60 85
214 80
281 7
45 194
77 156
218 248
202 288
170 173
272 224
135 123
251 40
276 223
22 158
186 7
117 10
152 286
5 83
1 73
96 130
97 92
93 14
238 116
226 247
53 45
255 89
280 265
56 301
154 186
1 19
88 157
156 225
254 263
225 163
184 145
34 285
227 134
288 83
277 92
219 187
169 123
98 122
184 183
299 46
257 303
226 169
150 130
13 174
251 259
97 29
286 93
186 186
249 95
205 13
238 113
110 14
6 294
112 299
84 240
28 188
193 90
277 210
103 274
216 18
16 296
113 113
50 253
280 119
252 136
64 210
252 202
188 46
201 214
301 71
223 286
43 291
178 272
122 55
13 170
245 217
243 2
8 232
204 19
119 83
228 190
103 174
306 79
68 250
169 178
103 27
86 201
138 282
257 12
185 194
52 185
274 2
296 194
278 222
142 200
280 219
156 263
156 259
185 167
86 64
19 190
36 235
305 7
289 267
32 61
95 201
56 208
105 21
59 32
18 163
189 233
6 129
294 94
130 121
90 4
109 145
9 104
107 163
66 114
74 15
95 239
151 200
32 109
225 270
80 69
222 87
242 296
12 249
185 219
134 61
202 267
164 30
78 61
285 158
245 99
198 140
145 24
115 227
281 89
250 67
164 258
108 250
254 202
61 185
156 251
173 284
215 61
7 146
117 284
135 196
173 228
165 172
71 293
240 264
213 31
26 1
248 118
84 95
108 93
86 199
168 117
120 66
34 28
43 217
154 230
44 50
54 85
83 187
244 168
181 212
231 38
222 276
251 27
36 222
248 181
56 252
152 94
13 251
125 114
296 201
96 42
104 14
164 11
4 131
115 131
59 21
202 187
106 296
292 80
274 39
178 291
161 215
245 251
298 32
260 246
103 57
151 306
93 280
94 226
151 102
298 21
150 233
145 135
234 139
250 33
168 35
195 114
196 165
41 63
257 40
31 120
98 99
275 4
124 34
72 155
87 68
85 40
135 178
58 74
163 5
19 225
130 112
248 300
58 191
210 216
270 126
184 93
73 163
253 180
147 258
10 104
128 200
183 124
202 264
292 99
46 305
140 31
193 115
67 17
24 266
106 71
116 29
116 96
297 242
273 129
33 53
282 258
172 141
183 257
282 17
245 166
70 234
180 110
167 16
267 237
11 57
85 64
66 140
188 9
7 245
214 282
148 109
129 33
255 160
144 168
302 242
189 228
62 213
75 149
148 302
262 198
100 145
298 203
236 299
46 133
155 248
133 282
168 28
65 211
20 5
299 145
59 165
10 99
88 55
183 103
21 57
51 173
271 48
147 189
8 259
264 245
8 135
93 67
178 163
2 9
89 44
165 212
183 86
18 60
238 109
177 224
225 79
288 144
140 228
49 59
266 159
76 141
23 306
283 98
241 11
194 303
59 18
233 158
183 115
25 59
14 28
264 66
218 6
141 220
30 256
214 267
283 43
255 298
184 12
17 56
287 72
24 210
151 97
69 36
3 28
287 301
70 245
234 296
24 74
9 180
73 254
186 25
73 20
236 229
59 224
226 93
266 108
285 273
270 242
273 153
48 288
258 136
274 304
239 259
250 275
238 194
81 56
239 126
206 183
178 172
290 136
259 44
64 234
155 126
255 145
10 7
89 274
298 20
293 277
77 162
151 56
133 225
129 159
289 252
52 139
263 10
2 169
158 43
200 61
86 203
100 19
168 255
250 236
165 24
52 147
119 132
67 264
42 214
284 130
179 198
256 16
87 145
276 181
157 112
90 37
284 99
232 207
170 72
27 237
187 231
68 195
209 83
234 272
297 17
199 124
268 199
100 70
46 98
252 235
32 90
268 294
41 141
187 140
118 244
26 98
113 164
110 7
230 180
69 11
179 111
91 126
91 135
116 202
93 14
283 40
230 178
54 240
140 33
186 52
45 124
15 161
57 265
288 300
61 131
274 16
110 182
75 213
4 124
159 168
48 260
77 17
80 212
120 109
125 262
205 269
215 265
161 49
38 157
208 186
68 181
186 51
50 245
276 106
6 16
95 271
63 192
102 135
283 75
110 140
25 138
136 62
30 184
11 267
141 252
112 227
141 259
267 246
139 9
41 78
34 170
36 149
15 67
266 225
125 145
96 239
241 226
243 94
65 25
217 130
62 194
63 156
16 212
196 161
186 167
15 48
16 292
31 76
243 272
100 115
15 204
85 241
186 136
39 114
201 63
135 151
236 271
39 204
289 271
3 242
58 227
125 287
273 194
42 130
243 119
93 237
47 61
62 34
81 52
215 97
78 151
193 5
153 142
221 12
152 256
83 240
147 151
76 15
118 171
63 126
207 182
105 215
118 282
14 141
265 168
286 198
250 262
223 186
106 251
195 80
20 172
225 20
199 78
99 33
2 12
146 184
192 4
166 240
243 144
197 83
137 70
299 178
126 174
51 24
113 60
36 8
234 207
250 8
204 126
6 155
85 68
104 250
201 195
41 287
29 248
56 262
167 139
54 193
171 130
295 137
289 48
227 256
111 191
190 59
88 206
245 112
272 246
74 225
85 63
108 56
104 239
19 150
99 126
169 53
99 127
225 171
116 12
256 137
131 19
221 37
165 27
80 189
78 26
217 285
71 254
177 215
161 36
255 216
100 161
104 203
10 246
294 93
129 187
176 242
89 137
150 108
32 159
216 127
213 264
217 284
164 283
13 211
187 251
91 275
268 163
157 133
302 271
250 101
94 51
290 240
215 25
300 89
277 280
1 15
115 16
247 298
225 152
212 257
154 275
96 106
68 136
126 279
67 107
130 18
108 96
82 83
199 267
176 306
80 243
56 157
95 271
57 25
262 243
26 165
16 7
275 180
124 140
29 279
18 49
193 250
270 262
252 196
58 13
33 259
101 289
249 254
289 232
18 123
102 138
235 79
27 179
71 193
279 211
54 228
191 45
241 63
261 218
157 75
289 187
89 121
143 236
76 112
119 284
194 116
83 195
12 183
79 84
284 12
30 269
68 10
293 216
127 173
227 212
250 121
258 66
164 150
174 47
161 222
153 33
263 236
34 137
21 231
284 147
15 50
32 290
278 270
179 247
135 68
11 125
185 86
199 37
212 1
207 187
138 260
294 72
1 36
63 109
70 98
67 167
289 144
21 148
208 177
160 148
169 17
212 260
91 300
294 122
115 245
7 303
92 234
36 79
26 105
255 243
8 110
134 38
210 287
87 35
53 173
38 7
143 51
191 178
107 70
95 248
78 19
301 7
88 82
21 150
90 68
136 301
238 188
196 57
88 124
298 74
198 241
102 29
211 201
246 138
3 69
259 159
259 164
82 129
294 179
270 283
30 65
142 189
126 180
119 284
131 195
209 57
140 273
156 10
85 286
202 78
30 263
35 42
126 43
120 13
139 277
240 52
142 231
59 145
169 181
68 23
81 297
99 132
266 149
258 207
87 10
158 140
116 139
87 92
83 189
168 40
7 251
76 89
104 254
186 147
103 4
278 42
207 117
238 184
91 240
79 216
188 303
182 243
60 266
213 261
94 178
91 290
2 94
163 45
84 132
173 249
114 160
206 24
293 257
53 223
264 64
93 109
283 276
204 17
286 14
251 193
296 269
131 270
167 219
69 51
125 139
176 132
262 41
54 86
251 195
65 65
18 223
178 198
286 245
210 276
263 10
223 137
198 11
304 278
95 229
215 71
109 189
220 257
50 260
265 61
147 74
13 295
277 148
284 52
65 13
75 141
273 36
51 101
252 69
188 150
194 271
57 175
149 204
24 181
19 196
135 148
192 225
87 77
82 58
214 140
115 282
60 240
98 103
189 290
190 144
238 2
276 273
156 174
11 14
67 299
4 93
226 77
124 277
64 267
66 101
220 247
148 181
142 68
223 256
209 3
29 70
160 83
216 63
199 47
243 120
26 69
141 62
81 275
260 78
274 22
291 146
218 36
231 13
98 143
151 43
161 11
109 45
106 117
31 113
74 55
47 165
160 66
237 305
240 264
122 24
27 277
56 87
109 229
39 172
281 230
199 215
129 103
279 192
116 284
247 57
90 211
122 245
113 171
128 256
192 294
149 264
206 157
288 287
1 164
41 80
234 26
73 287
122 158
78 245
118 42
105 24
29 81
144 189
277 210
290 146
256 112
158 187
75 274
159 63
21 274
154 27
266 35
269 159
243 73
180 35
171 36
134 21
92 58
239 164
292 197
110 246
189 193
193 71
238 177
113 238
62 168
229 120
220 186
234 234
237 82
153 199
256 268
93 10
211 303
218 305
239 300
69 284
99 32
101 193
296 8
74 36
71 117
229 154
97 83
196 171
66 123
238 87
242 14
113 142
27 133
265 132
52 19
103 112
50 48
228 101
295 47
31 153
155 118
159 104
184 176
148 197
205 182
28 278
95 21
76 170
204 97
245 167
183 23
46 260
222 272
174 302
227 110
47 172
95 270
140 115
104 240
231 52
101 208
110 121
193 138
305 55
131 49
150 204
241 107
249 125
43 7
155 78
297 88
264 163
296 227
226 23
87 102
166 104
33 286
55 112
168 41
177 75
56 158
60 124
191 158
97 138
49 111
264 158
284 130
52 16
226 285
6 122
26 188
305 55
156 110
10 157
299 36
93 244
143 293
192 125
286 266
166 155
279 282
213 211
33 100
248 156
55 157
164 100
23 234
51 270
302 53
282 277
54 119
188 112
88 306
122 205
267 35
28 299
164 91
154 12
257 303
130 290
270 23
61 45
116 303
7 248
204 254
235 178
226 222
267 220
100 40
149 171
260 53
216 298
224 156
285 242
18 24
165 188
179 98
127 297
44 171
50 53
264 45
43 14
114 141
230 65
213 147
255 273
68 280
139 182
173 303
32 178
156 48
118 222
98 90
265 224
256 298
186 55
282 89
200 70
46 262
196 121
207 75
75 211
141 147
97 228
238 304
303 137
229 80
10 47
261 169
165 114
222 48
16 21
74 243
82 14
266 34
297 299
306 140
31 94
114 299
136 214
236 106
203 71
201 238
36 22
126 271
118 215
102 114
303 19
143 177
272 236
265 28
284 120
44 1
163 56
124 13
203 19
152 298
92 256
138 293
179 183
276 38
231 215
102 49
259 184
184 180
293 68
220 172
148 178
170 74
109 46
131 268
216 281
276 286
297 263
156 12
25 279
194 79
258 65
159 14
269 187
165 273
29 259
259 245
99 47
288 167
216 178
108 294
283 302
104 301
74 180
121 299
45 269
153 30
37 290
38 60
35 12
163 262
139 278
184 51
41 17
125 226
66 103
75 192
213 160
101 130
140 122
120 37
11 92
101 150
162 3
231 98
34 211
225 56
166 197
56 132
263 72
270 196
221 285
175 224
254 121
252 260
144 229
33 245
26 301
252 77
269 179
201 271
16 170
140 234
270 163
287 246
22 291
147 169
269 233
238 285
247 302
99 179
245 224
253 226
108 299
66 305
217 71
99 199
13 185
89 109
149 11
212 162
301 191
294 61
8 148
104 249
171 137
302 107
291 145
164 213
74 194
3 194
47 83
233 175
144 112
132 285
266 163
282 35
111 103
248 265
260 106
291 60
35 97
250 157
110 178
6 95
119 34
26 276
163 138
22 138
28 168
41 5
232 4
41 133
121 126
186 279
23 185
234 24
116 108
212 91
85 306
33 288
62 263
239 39
285 144
254 227
91 228
259 170
14 128
123 60
248 184
295 107
66 34
114 78
174 18
44 281
152 229
1 132
57 304
96 185
122 236
93 186
83 280
184 191
205 248
47 144
51 135
104 22
106 181
225 305
199 89
68 106
84 123
54 65
211 172
114 141
161 33
285 146
273 26
52 20
72 32
112 27
284 271
253 155
283 216
303 159
80 235
61 286
240 183
260 277
215 212
254 70
141 289
66 197
262 138
74 232
283 57
200 29
199 169
64 264
251 257
305 115
80 239
6 77
233 254
283 84
66 99
152 229
200 229
174 280
304 239
300 87
101 51
227 180
171 255
178 109
157 105
252 239
251 169
10 104
116 225
106 18
47 240
209 198
144 133
189 113
250 89
94 145
23 80
169 166
23 10
192 25
112 262
39 255
306 270
148 8
278 109
176 227
159 220
122 145
116 111
237 52
55 12
128 59
112 241
175 133
126 41
63 148
193 9
216 299
210 296
12 304
300 58
182 299
103 95
86 35
136 115
72 129
235 134
39 214
34 182
15 115
280 165
164 23
228 109
15 60
91 212
119 148
164 6
265 264
21 138
182 275
242 40
131 227
168 121
130 148
129 3
67 87
152 264
64 121
253 206
64 216
16 114
65 153
176 199
267 96
209 278
206 188
101 141
303 274
289 56
284 288
287 87
291 239
181 31
300 88
231 287
61 36
111 162
95 206
167 51
39 139
218 197
269 147
102 47
89 80
298 275
32 21
115 101
46 124
28 252
18 77
10 40
159 285
46 136
211 159
66 172
142 300
2 9
268 7
154 228
258 132
69 129
207 18
33 175
273 242
72 302
245 13
256 237
97 59
70 239
279 276
169 231
135 225
124 53
58 256
83 289
187 177
56 16
55 283
91 52
142 11
138 69
156 216
294 21
290 88
150 248
209 64
7 2
216 144
134 203
101 168
52 123
47 233
248 290
125 230
162 207
289 189
1 268
82 60
244 55
241 273
155 156
172 220
54 194
14 229
208 60
116 60
58 281
16 235
164 82
182 39
179 33
12 37
228 178
188 242
125 153
138 294
305 304
260 33
252 243
5 300
239 41
97 227
48 37
87 54
290 266
201 227
257 46
280 209
24 206
269 272
152 208
144 248
150 173
239 122
245 97
3 51
12 177
166 105
235 153
227 254
217 183
240 83
16 265
209 163
158 178
85 45
12 280
119 149
66 45
184 164
200 155
80 71
91 238
120 213
250 213
112 276
92 133
267 147
233 230
104 160
161 114
252 181
171 100
47 150
169 33
276 42
185 170
60 27
207 286
8 111
229 31
246 64
192 6
21 291
93 300
190 107
21 293
71 18
261 272
6 272
168 179
97 126
36 285
105 107
169 23
87 183
186 86
49 51
256 206
91 86
128 287
251 291
97 137
21 64
2 119
187 242
190 289
158 139
116 46
220 70
218 97
137 38
134 4
174 128
25 222
161 177
228 80
290 26
214 186
220 64
123 23
213 260
285 116
217 136
9 4
108 11
34 64
78 207
26 185
161 227
75 163
222 109
260 50
173 195
208 75
116 68
143 120
103 13
302 245
159 270
268 97
8 276
274 177
293 115
82 235
117 37
24 206
279 199
168 275
177 302
23 266
145 60
244 272
89 125
275 180
156 213
192 144
52 159
85 264
5 16
16 137
17 164
124 54
252 227
264 229
24 194
157 225
173 56
179 3
258 138
270 70
263 50
70 94
302 28
149 242
291 232
212 299
47 20
156 106
80 31
114 248
214 168
215 230
126 10
224 164
275 252
187 199
175 255
217 137
95 75
73 52
168 160
161 183
209 261
130 241
118 192
62 65
48 76
89 160
260 12
206 113
119 115
204 64
65 100
117 150
187 265
268 3
79 306
242 121
298 162
290 84
292 267
166 224
304 245
121 296
123 268
185 60
34 61
37 140
139 40
14 60
253 261
33 128
164 23
229 1
263 296
160 173
1 189
5 123
281 127
257 268
215 163
39 85
269 24
137 259
259 265
172 151
285 281
40 200
148 29
130 147
298 46
211 79
231 23
42 41
223 249
153 290
254 145
2 87
25 164
193 79
273 184
31 16
60 271
28 285
226 96
287 115
297 37
176 190
112 46
23 19
60 163
134 125
74 51
77 167
276 257
179 234
159 146
241 156
254 82
198 300
193 101
124 189
123 304
39 199
16 114
82 145
26 225
235 115
145 143
195 280
183 147
279 106
270 95
285 81
285 241
250 57
87 271
6 113
179 155
8 179
262 297
67 262
75 270
198 93
13 197
290 205
129 56
152 130
234 143
224 284
297 179
235 122
217 87
284 28
150 239
27 65
234 292
178 255
92 291
118 30
116 246
108 59
13 156
140 128
235 159
108 266
281 25
267 150
27 86
221 120
85 223
62 110
119 168
29 158
200 73
96 235
148 139
161 30
170 25
163 295
253 60
241 243
113 74
230 24
38 278
242 197
278 279
203 159
7 254
249 178
40 268
299 162
194 169
183 139
298 16
297 216
149 192
276 128
63 199
37 5
34 6
70 23
259 175
133 75
180 305
263 248
242 151
283 291
296 48
45 302
231 54
272 146
282 111
42 122
240 179
144 180
171 306
158 162
264 277
257 48
78 161
179 109
66 199
293 151
259 38
197 22
176 157
288 275
36 77
233 305
171 77
217 173
244 210
304 140
99 223
185 48
161 63
199 121
40 295
200 297
179 2
134 230
295 30
232 123
272 81
137 136
245 95
48 81
194 285
16 301
297 23
114 136
30 280
246 261
271 7
66 200
16 11
7 233
165 91
91 43
41 51
27 55
26 135
97 174
67 103
296 45
262 169
302 303
112 117
177 186
189 277
168 217
123 26
134 19
69 128
124 292
84 242
4 204
302 132
60 270
97 119
122 197
265 38
84 142
169 40
128 301
37 52
180 1
203 231
274 185
190 279
194 150
264 210
242 239
200 146
246 24
268 262
187 127
228 149
115 135
261 265
79 138
258 155
182 147
154 190
55 277
50 166
295 245
13 204
105 260
5 64
66 107
17 25
206 39
25 24
63 107
186 199
173 89
168 241
201 95
298 264
77 177
266 7
154 146
16 77
289 3
231 150
59 8
84 140
61 260
140 243
282 97
231 205
142 73
11 29
44 42
33 77
304 168
78 291
212 304
195 134
185 190
67 155
281 240
220 280
138 292
281 119
35 299
53 255
200 22
27 99
223 41
204 263
268 13
213 57
131 186
127 135
172 107
207 92
276 269
133 14
279 289
163 226
300 70
164 185
198 44
14 24
10 31
13 163
64 110
162 113
93 111
134 2
114 21
19 68
84 284
95 300
56 178
265 71
133 233
215 201
18 74
203 53
7 144
243 243
87 268
44 146
177 30
34 155
150 211
102 210
116 120
271 251
40 1
267 146
63 88
254 54
48 36
10 9
214 116
151 291
31 50
81 170
32 232
221 297
301 122
111 253
215 145
150 153
249 193
10 67
19 22
199 160
226 81
104 220
186 298
297 86
15 30
302 130
20 201
71 90
128 285
5 134
215 194
199 117
156 138
159 77
168 36
31 1
44 169
109 203
229 130
39 51
274 211
209 64
53 175
256 267
35 68
61 172
120 285
229 182
276 17
24 129
147 140
34 83
2 255
267 30
37 68
87 303
286 210
294 68
291 198
188 282
237 263
87 233
211 98
49 172
152 143
133 166
189 187
48 275
265 253
196 151
82 22
56 65
53 214
37 36
41 294
185 228
88 204
279 31
129 201
178 264
66 48
123 97
63 251
47 165
15 18
247 74
203 145
104 168
247 245
278 254
225 127
111 288
176 68
243 274
45 114
19 147
262 304
164 18
23 257
217 5
302 150
23 113
219 286
112 195
86 240
165 79
239 276
182 132
70 147
210 276
241 177
33 231
4 277
57 168
273 279
90 139
269 26
108 261
113 92
46 125
252 134
20 167
12 125
247 179
94 202
261 60
111 303
20 207
119 47
191 193
196 111
280 47
93 110
251 91
113 174
3 67
70 108
186 33
47 175
269 245
247 67
301 58
288 268
51 104
258 88
109 119
165 140
110 279
245 263
261 291
127 47
247 229
290 153
29 11
84 266
226 252
25 289
197 126
181 65
158 224
146 36
248 9
186 49
124 205
205 235
285 177
232 267
287 211
295 8
39 262
193 199
97 180
54 27
261 284
128 30
146 301
122 120
147 46
185 111
116 176
2 279
43 275
111 78
71 208
281 200
222 106
121 257
184 147
48 56
56 227
199 256
221 304
261 174
76 207
141 306
10 280
131 111
39 5
282 24
55 177
179 107
83 152
166 238
273 278
176 296
261 243
12 235
166 188
76 207
233 204
90 106
115 132
3 197
104 85
134 156
282 301
179 180
1 56
251 66
300 226
74 217
71 263
98 172
306 106
88 168
131 53
221 184
212 263
284 35
166 196
9 62
230 154
12 107
93 89
249 66
1 108
248 93
46 217
270 235
256 80
284 209
213 306
195 72
165 125
152 230
225 19
191 205
271 24
267 197
181 203
237 207
256 294
183 135
235 172
248 302
166 68
258 240
13 104
232 243
42 211
180 207
5 38
85 151
160 278
115 56
150 28
57 109
297 113
5 189
110 254
170 61
144 185
261 170
67 226
239 213
26 6
257 152
121 24
159 33
54 102
208 137
97 13
139 111
88 38
264 85
102 188
57 228
181 273
119 97
77 132
259 1
230 141
236 27
273 102
230 33
211 199
130 280
73 3
102 36
56 207
295 303
261 26
5 62
29 77
163 6
96 57
69 201
155 21
272 68
158 64
282 130
218 305
211 66
282 256
255 182
113 268
276 279
204 16
98 113
127 246
168 109
178 137
28 140
105 212
82 150
178 18
31 255
139 304
18 144
82 55
110 101
79 152
278 144
84 183
75 302
37 298
291 43
285 177
95 23
264 246
228 175
283 69
267 196
8 223
170 188
206 214
257 46
212 203
104 69
74 113
252 100
37 172
145 122
159 95
177 259
237 120
265 77
56 283
182 198
293 224
67 268
173 31
253 48
188 75
184 2
202 141
22 107
303 26
266 12
255 158
25 106
175 246
52 110
33 10
91 133
200 27
235 293
143 50
95 169
259 89
156 165
199 174
66 305
270 19
234 292
6 272
28 100
24 105
162 160
169 278
87 243
128 302
190 12
33 81
240 95
70 15
302 97
102 272
120 55
95 125
148 305
215 229
129 211
157 242
57 187
12 125
198 81
123 41
117 34
115 290
171 94
183 288
185 51
3 205
199 37
48 152
202 32
219 228
21 216
219 219
211 27
179 272
269 78
90 216
105 111
291 63
257 140
133 235
24 85
195 299
120 193
199 156
40 120
92 273
41 165
49 15
10 77
234 70
214 161
255 87
264 178
174 34
96 150
58 261
160 304
76 306
107 171
60 300
151 279
62 95
285 171
306 41
231 169
246 112
82 123
15 301
96 243
211 207
265 178
220 68
133 56
164 255
23 119
147 243
245 11
291 61
25 199
124 306
175 195
38 135
99 83
213 11
274 133
231 11
104 254
201 255
232 61
231 235
86 250
244 70
30 80
151 248
93 81
210 182
146 63
293 19
36 256
118 99
297 64
214 167
209 192
196 245
87 232
246 169
148 236
84 206
223 273
8 115
142 188
222 286
190 35
131 107
289 28
119 254
88 154
133 124
218 105
243 110
100 151
136 104
105 16
243 270
259 233
172 90
94 40
199 306
302 99
151 241
8 19
22 231
114 39
170 164
72 95
223 170
126 278
288 210
52 56
87 260
232 292
61 305
295 144
87 157
108 51
124 111
57 3
177 285
75 189
143 224
137 14
23 65
215 244
77 175
272 16
38 185
208 127
288 259
7 145
91 110
161 3
265 40
98 284
168 301
110 209
112 143
263 121
29 251
99 193
120 97
43 182
139 154
197 151
155 167
274 157
28 87
182 88
97 77
142 211
51 296
207 267
203 62
292 61
237 63
275 112
133 190
239 86
2 50
68 256
26 65
306 248
195 301
283 277
84 22
210 72
294 48
266 202
89 12
15 32
70 221
189 275
53 221
7 273
32 90
121 97
26 168
222 156
300 226
254 78
270 167
269 123
32 248
17 38
178 97
120 212
49 110
191 162
75 93
105 119
285 204
232 3
7 87
188 14
118 81
178 221
114 162
33 164
162 105
246 237
134 186
242 301
12 135
37 113
225 158
232 37
300 174
294 115
138 78
162 266
272 117
17 248
213 245
115 20
130 158
85 182
283 224
194 86
6 298
269 128
58 8
253 72
302 299
163 58
279 99
133 99
291 288
252 194
266 101
11 233
119 297
306 148
157 174
73 106
253 302
163 262
107 32
42 251
197 279
186 187
147 204
104 245
94 206
171 107
214 102
175 208
199 28
190 114
142 238
231 5
161 93
31 151
59 211
185 10
44 257
39 256
226 34
270 158
6 257
29 131
95 6
145 57
77 51
298 117
270 51
88 127
171 281
6 3
160 41
146 100
77 250
30 306
121 28
33 192
8 137
115 218
224 201
47 127
128 147
10 67
123 12
17 109
6 128
148 291
20 124
45 86
20 95
28 183
263 197
22 137
270 227
237 290
103 303
137 117
245 6
29 202
263 261
37 222
248 169
306 216
241 140
124 173
210 245
243 297
188 54
207 286
274 222
272 144
77 111
79 281
207 93
213 256
221 250
129 239
219 263
230 223
124 80
68 46
220 213
174 2
67 28
20 27
253 85
259 43
34 253
79 248
224 96
282 189
211 306
45 131
49 224
113 237
169 190
73 218
122 210
295 89
260 122
155 76
45 187
293 287
252 102
144 48
53 257
192 142
5 238
259 170
224 39
102 216
114 164
265 106
252 288
176 140
197 91
103 79
263 170
262 187
206 160
13 46
87 295
277 181
233 41
229 151
55 95
288 46
41 255
157 118
22 29
296 26
200 275
229 223
290 256
81 136
190 89
238 37
57 153
201 155
224 2
31 210
245 142
59 145
163 21
262 109
117 139
131 126
78 21
50 45
205 62
295 116
165 273
58 207
106 146
26 212
238 159
124 275
174 304
29 186
92 251
230 198
151 303
242 103
108 271
218 265
299 264
259 293
291 10
256 144
130 39
141 300
155 272
135 296
75 29
121 156
198 168
85 7
304 233
73 164
49 68
91 65
194 157
44 67
154 85
255 99
13 189
56 295
84 137
151 88
228 115
269 169
290 262
170 218
66 202
268 87
73 231
85 173
35 185
254 198
45 255
179 298
122 306
81 289
168 263
217 103
158 80
117 162
64 198
107 288
198 274
154 66
198 4
252 43
69 98
222 1
124 231
124 277
231 190
54 225
159 181
210 107
287 292
287 143
175 42
15 242
162 34
181 60
54 144
229 93
74 53
291 31
29 97
71 175
19 3
185 130
76 178
99 191
253 179
180 232
102 292
19 291
303 289
170 231
284 14
46 200
21 286
1 45
238 174
7 155
68 241
156 28
6 84
253 173
2 201
1 279
285 90
305 250
23 228
159 95
181 152
142 279
46 138
161 238
143 275
137 102
21 273
129 183
260 90
141 184
213 290
146 119
262 162
228 249
196 65
169 142
187 189
238 149
284 213
59 179
120 152
54 131
41 112
17 174
230 181
292 94
175 162
161 59
108 82
122 214
171 118
112 29
163 292
118 31
184 47
14 163
105 252
306 52
10 3
91 186
58 43
82 220
225 258
188 188
223 82
184 133
56 49
249 48
109 177
110 192
305 113
290 268
136 264
155 227
228 274
91 303
279 223
132 288
127 60
233 185
248 122
168 278
301 175
135 71
268 98
155 249
245 195
237 122
129 125
267 191
289 62
284 72
264 14
133 147
274 142
187 89
138 188
99 150
33 19
102 70
18 189
197 23
118 176
101 21
221 96
132 65
73 103
251 65
270 253
23 70
213 197
151 91
150 84
84 153
117 304
159 276
290 122
21 73
184 182
44 233
66 123
193 13
282 204
276 15
30 151
152 47
273 33
306 134
220 224
227 3
18 149
132 10
116 299
50 227
11 227
227 91
290 76
12 183
279 42
137 77
268 272
264 47
98 247
168 284
65 259
171 55
96 18
63 74
140 15
50 37
79 274
204 3
241 120
193 95
128 238
5 194
60 227
155 66
191 226
57 186
223 96
232 129
33 8
209 207
112 292
205 159
41 223
102 229
282 247
148 22
128 274
299 260
95 61
154 113
245 172
133 101
210 220
273 211
99 176
280 52
38 122
73 257
94 246
69 284
76 297
265 257
27 258
193 228
277 45
83 113
86 121
153 208
52 104
85 257
49 120
41 156
256 116
254 270
49 251
30 83
167 228
194 198
152 99
243 139
236 51
22 173
16 240
28 235
271 35
209 102
150 240
147 15
161 120
106 57
173 107
34 201
195 234
19 133
287 294
101 16
282 280
272 227
285 261
179 28
213 238
40 51
299 244
284 79
236 154
78 14
217 121
87 244
101 86
75 188
162 181
201 161
281 306
92 1
209 175
153 25
59 185
89 4
24 99
61 165
71 115
161 148
149 299
54 270
34 139
183 191
99 34
201 14
94 69
290 112
67 228
145 128
278 232
288 191
228 231
90 19
109 204
254 97
95 163
31 152
175 14
82 100
59 121
37 206
235 290
132 104
105 95
202 64
74 257
216 199
201 12
1 260
8 15
70 255
84 50
121 109
92 179
85 237
91 240
47 80
6 225
70 136
298 84
291 287
176 165
97 213
232 195
211 20
132 223
174 282
242 72
49 245
10 301
70 143
56 73
109 156
66 281
24 213
117 33
3 223
232 13
267 8
184 224
56 51
284 282
236 90
52 173
247 291
217 202
288 171
203 251
18 17
176 283
192 244
99 81
213 65
305 71
75 61
159 6
157 241
25 15
186 272
234 241
186 8
180 153
140 296
26 262
224 218
109 173
172 171
144 282
69 20
59 272
283 84
107 275
199 60
140 280
176 108
209 34
145 195
14 36
215 35
136 234
44 300
168 145
151 69
224 188
162 45
157 210
203 155
92 144
84 151
252 295
242 239
150 174
291 209
6 269
200 73
190 100
49 229
210 35
66 53
188 6
154 286
63 254
295 253
156 296
207 215
285 140
131 62
42 15
300 31
169 244
143 142
254 101
297 145
29 290
85 93
269 225
306 12
227 249
119 32
132 25
237 115
68 211
126 299
232 263
231 71
190 115
296 1
274 233
254 176
142 264
237 21
43 48
93 236
82 248
259 206
281 86
162 73
115 115
2 153
268 209
190 44
162 190
81 28
178 204
212 114
68 113
97 26
168 262
199 139
45 55
213 124
208 82
51 52
293 156
90 222
78 21
71 2
112 220
239 84
174 111
206 47
220 253
138 201
291 275
90 97
123 136
293 39
174 136
54 73
19 79
192 180
273 25
258 43
61 56
79 180
258 131
147 113
253 286
254 14
254 301
306 265
169 221
288 161
36 57
18 253
210 61
20 120
300 43
292 187
97 141
244 37
128 175
295 18
160 26
158 70
153 296
261 91
297 121
154 9
187 134
213 119
228 184
123 38
276 131
6 132
73 24
155 244
84 109
192 256
145 294
103 149
148 161
220 157
146 52
114 2
193 55
118 230
110 134
183 201
178 290
174 200
91 64
184 219
84 160
69 204
43 304
147 215
187 262
146 2
263 285
80 104
19 178
168 68
160 173
179 301
275 152
198 120
114 298
225 23
281 219
21 235
126 206
45 113
7 1
93 113
29 175
23 208
106 52
268 286
214 129
242 284
141 279
9 169
15 128
9 6
231 40
130 240
267 66
72 161
34 57
140 231
190 210
278 98
246 279
66 76
201 19
184 244
255 126
192 170
160 117
231 116
292 300
234 128
147 278
53 75
30 297
246 144
102 236
151 114
86 14
150 165
111 63
146 205
99 11
96 217
44 164
299 189
40 232
142 5
89 58
90 119
84 234
137 163
254 294
287 186
168 189
188 218
194 233
72 172
104 302
169 298
226 163
160 5
198 184
96 187
102 51
114 255
252 68
257 8
42 161
84 268
283 31
193 210
233 31
23 192
37 1
72 24
11 169
2 5
203 300
258 242
210 240
237 87
253 216
91 95
149 134
278 144
23 110
25 29
131 112
129 9
110 240
217 266
217 5
135 65
222 276
4 304
287 75
156 106
61 246
131 229
16 201
198 271
74 101
227 120
119 26
207 39
138 3
43 186
274 301
294 72
63 230
21 157
306 277
258 225
108 197
20 289
221 77
245 274
225 263
163 123
19 159
187 41
257 3
17 50
133 139
163 287
148 196
205 155
264 42
267 282
285 30
97 289
275 45
194 289
25 256
84 82
302 203
268 256
79 53
35 194
55 244
156 234
156 143
49 51
180 20
268 115
230 15
126 127
214 214
33 212
128 44
157 270
294 212
116 1
285 156
186 243
134 133
164 240
72 187
187 18
70 175
260 10
231 242
165 214
202 169
262 287
29 218
245 38
106 105
303 306
183 82
200 164
263 65
302 178
174 294
42 243
230 243
53 140
261 36
243 98
230 197
172 93
73 270
203 65
268 265
93 96
171 133
213 215
111 158
184 244
133 91
9 151
301 163
204 208
36 1
299 195
49 241
234 89
132 26
206 252
25 144
303 208
261 299
288 112
5 101
99 236
29 180
218 127
215 58
162 256
185 183
270 33
59 196
40 180
157 302
45 58
259 64
46 129
28 174
15 132
305 280
206 203
176 239
1 285
32 157
32 241
281 10
255 53
165 94
263 225
50 99
217 263
268 207
135 82
114 82
289 82
70 219
231 122
289 271
35 273
59 92
131 180
197 283
5 203
70 63
125 130
226 96
259 183
107 26
107 56
174 168
149 70
55 125
75 42
300 282
115 233
11 121
12 196
149 9
72 156
170 301
37 59
224 185
113 239
304 229
282 176
8 78
267 29
277 201
187 235
45 96
101 137
172 29
200 156
241 210
174 27
15 117
73 206
304 47
184 282
200 51
80 107
46 3
51 144
73 170
94 208
155 71
142 5
242 50
151 248
133 79
234 209
296 122
48 283
241 192
236 253
8 96
206 83
238 78
33 44
197 116
165 226
280 294
167 214
105 79
24 207
22 120
110 45
226 47
130 214
285 175
57 251
201 154
116 5
126 253
148 9
257 279
132 84
195 222
110 93
11 120
255 159
36 183
167 5
116 30
189 10
260 11
95 110
54 53
296 71
278 229
121 161
281 249
265 161
92 301
292 193
128 105
179 304
121 255
41 143
33 10
286 134
221 231
219 170
244 189
222 194
201 101
52 199
244 290
163 73
159 42
200 291
83 159
32 198
292 290
38 261
31 157
28 239
114 39
135 251
204 188
270 16
4 84
260 49
87 116
28 43
160 107
248 282
292 248
256 49
111 290
171 247
73 160
208 239
210 298
214 259
280 17
125 131
11 107
108 41
207 170
163 86
66 264
161 129
289 224
304 48
151 146
144 190
117 86
256 10
53 129
115 31
233 143
297 75
101 192
29 165
87 292
265 110
120 24
267 150
58 306
267 163
160 51
117 145
71 45
236 50
82 154
258 212
271 6
173 232
79 272
215 217
21 151
191 71
139 233
155 196
148 2
21 203
302 269
300 81
11 91
256 112
140 271
257 299
192 143
1 52
43 3
246 21
296 93
78 4
56 256
249 259
108 256
193 22
125 119
134 249
73 202
288 164
220 169
205 85
297 20
118 18
218 123
179 93
168 292
72 205
280 197
80 184
283 287
12 244
253 192
159 29
36 241
49 2
306 172
76 32
281 306
103 301
91 48
25 58
227 176
193 70
227 273
23 144
51 136
166 113
207 26
142 96
222 146
43 164
165 82
186 104
258 67
100 19
242 192
164 254
261 18
9 262
297 29
44 290
40 12
138 145
96 79
118 17
30 33
78 220
100 289
229 55
130 54
244 189
68 206
193 81
257 80
163 254
168 165
167 42
221 180
9 213
98 154
195 130
133 79
249 110
100 192
3 274
177 234
255 217
31 175
54 236
280 263
152 35
32 248
192 8
35 22
206 69
18 145
270 50
42 138
69 263
253 270
294 4
244 10
55 97
105 99
201 207
252 239
274 116
288 226
79 47
28 171
19 140
203 67
134 158
90 123
104 287
24 169
273 43
219 78
287 162
171 103
280 248
14 113
243 141
2 183
285 234
282 51
262 245
262 253
117 219
143 90
72 75
100 201
14 127
143 16
235 19
197 211
40 199
68 149
179 106
33 236
126 200
160 44
272 208
200 24
91 254
266 180
26 236
70 257
130 251
158 142
174 211
158 190
16 224
245 30
183 301
15 213
275 39
108 144
149 211
56 53
300 172
171 93
152 287
215 284
9 163
105 70
92 266
185 197
107 61
6 20
155 25
194 84
251 173
128 195
136 285
284 117
16 305
51 205
202 243
62 196
125 184
281 91
270 300
248 67
151 231
185 126
271 132
122 244
52 276
175 10
201 191
272 26
243 31
215 228
249 197
78 126
118 83
222 108
291 65
245 102
89 225
129 153
29 195
14 213
284 34
234 98
