222 5954
53 222
20 197
144 107
140 29
215 56
111 82
17 144
147 140
45 212
25 14
104 111
198 156
122 29
135 210
117 22
157 42
214 49
46 177
92 179
171 208
31 49
180 151
72 98
206 113
128 111
95 202
183 25
36 63
109 113
73 24
14 67
131 188
154 103
21 198
15 197
3 46
202 71
164 76
202 207
1 137
98 5
92 184
221 125
206 20
159 31
46 170
36 120
127 25
112 101
90 193
15 166
46 65
43 31
121 166
213 213
121 165
115 42
6 38
125 127
180 75
87 81
85 61
145 125
202 133
162 77
82 13
30 107
72 156
132 58
36 112
168 218
47 18
90 57
54 137
149 56
12 105
71 87
98 66
42 216
121 133
41 93
71 40
158 114
162 73
121 175
132 79
183 108
116 182
117 144
134 194
175 59
133 62
83 36
162 81
158 196
42 1
73 222
35 83
151 75
112 188
84 42
143 75
102 16
97 54
131 33
189 11
144 164
64 88
176 54
26 64
190 4
192 145
216 194
94 104
127 66
11 101
217 111
60 80
167 120
68 102
149 19
202 61
145 59
169 42
88 45
201 138
136 181
167 150
50 144
165 183
171 18
55 141
189 117
4 94
63 58
151 29
114 214
193 36
29 162
122 79
71 113
152 215
171 87
76 9
5 182
105 131
205 177
97 6
170 36
129 59
48 126
71 141
73 14
71 96
202 92
86 92
206 207
20 180
91 218
210 64
92 34
18 39
198 77
148 150
50 167
102 193
95 136
9 37
102 106
104 15
135 154
221 184
177 107
129 198
103 31
6 182
109 12
211 170
45 158
49 106
216 25
27 48
20 165
221 193
131 217
9 73
68 153
53 65
58 53
188 94
203 148
196 112
21 24
139 107
45 126
128 190
163 126
54 128
134 3
154 16
50 221
202 193
182 153
117 99
114 172
75 47
128 211
190 62
19 200
16 10
17 202
167 86
56 145
108 208
15 170
139 202
185 58
221 200
14 204
168 49
110 88
131 68
124 30
182 58
173 94
38 220
88 42
10 151
16 11
54 115
193 43
83 64
199 184
187 155
36 28
141 159
62 166
58 48
32 184
30 179
164 25
129 108
170 16
1 187
202 180
87 193
219 30
132 210
91 80
138 173
118 9
1 112
55 97
203 197
97 190
120 145
56 60
189 176
99 53
28 169
205 192
61 92
97 138
28 218
31 163
185 88
87 162
112 107
101 45
142 4
55 130
40 202
160 70
167 164
41 29
193 103
56 104
201 85
203 53
5 30
2 123
175 222
103 199
75 180
44 66
30 41
184 66
79 132
136 178
207 46
121 73
211 211
94 213
208 139
162 33
154 210
195 191
184 158
138 221
91 215
111 172
77 222
138 67
195 8
77 85
96 66
109 69
3 191
120 36
128 107
220 96
54 120
54 209
13 102
16 33
59 65
16 195
144 36
76 98
132 55
50 3
13 179
160 184
86 118
142 159
12 111
34 70
3 222
175 189
141 178
16 222
205 150
81 222
202 185
160 32
217 205
176 23
39 144
26 68
123 187
74 178
106 94
166 71
165 59
163 119
66 160
137 217
39 9
111 45
50 192
108 191
161 151
60 213
143 154
132 27
77 143
111 85
81 61
72 141
123 59
84 21
20 67
2 174
165 120
134 201
36 110
81 10
143 165
187 146
218 101
141 220
67 143
29 186
198 93
169 136
174 170
94 108
3 64
31 204
128 136
83 22
76 131
170 69
51 168
110 118
68 91
168 191
21 37
101 125
57 113
199 44
54 117
65 44
81 154
84 89
41 99
134 187
94 180
58 142
30 52
81 185
151 11
32 125
105 213
10 220
113 23
128 97
54 119
131 167
182 91
156 89
151 64
218 218
119 136
21 170
200 184
209 61
51 81
113 104
94 218
92 212
123 102
144 136
42 151
3 182
79 84
50 140
82 12
27 133
152 65
18 205
46 202
192 23
108 146
158 147
145 144
206 204
219 100
76 33
202 185
176 156
92 181
3 85
155 167
111 183
116 55
108 40
9 85
156 47
178 133
215 141
157 71
222 103
190 76
153 184
12 144
101 8
184 173
93 218
95 211
29 100
8 62
147 211
217 70
206 148
211 136
164 94
146 222
198 11
211 133
214 171
96 99
23 209
47 163
165 49
47 67
50 170
127 91
149 81
141 83
40 146
155 92
29 192
12 151
222 28
140 15
6 99
136 134
86 75
188 139
69 132
108 62
65 130
147 220
35 40
212 99
189 168
131 100
99 69
126 107
82 198
147 53
125 151
54 150
128 11
211 117
22 180
90 134
144 133
216 58
153 216
138 148
144 36
49 97
3 186
160 121
131 43
215 85
160 13
203 91
116 82
177 91
198 23
42 93
175 74
137 102
197 158
33 141
62 23
14 2
48 187
36 166
47 43
49 58
130 137
29 83
117 22
47 101
18 73
58 211
97 113
132 167
103 196
206 108
17 19
52 138
122 173
80 6
184 52
60 44
207 215
129 43
204 58
117 198
190 104
220 56
106 44
69 40
78 103
203 193
180 178
213 29
199 43
20 186
63 70
55 118
171 106
76 5
188 15
173 24
203 144
6 94
20 155
130 155
13 36
75 200
221 35
102 211
141 97
6 56
204 152
126 204
209 117
170 155
206 95
30 153
164 111
180 202
125 95
37 190
162 131
86 190
166 153
9 110
97 192
124 199
51 22
3 204
65 210
76 166
222 7
40 189
149 93
7 183
92 218
128 3
162 179
14 90
124 150
142 19
144 141
153 14
198 32
116 31
152 80
93 86
142 165
112 125
102 35
179 40
186 181
218 30
143 49
189 138
39 104
19 208
2 81
54 200
9 116
129 55
215 24
70 94
127 160
217 19
54 162
4 157
91 50
25 109
49 59
62 120
204 22
181 7
13 193
13 74
22 155
212 99
28 98
72 183
218 100
136 130
125 143
217 3
182 11
118 66
186 127
69 69
132 194
42 5
47 93
167 136
188 209
182 100
129 52
112 162
90 218
143 118
34 25
124 132
155 14
16 82
124 69
215 19
96 146
108 194
133 197
210 146
35 28
6 122
164 36
183 34
55 106
211 58
81 20
199 146
212 46
189 16
185 164
210 50
146 95
123 62
34 81
121 183
179 135
177 43
74 183
215 174
40 98
175 39
206 39
201 130
128 28
89 62
104 201
19 78
153 170
17 91
132 136
199 221
94 101
9 178
67 222
34 18
129 78
166 158
93 97
124 221
220 64
158 109
69 1
154 114
47 141
55 74
161 148
161 173
67 214
53 17
136 133
64 61
165 21
217 185
139 160
99 195
220 22
103 205
88 59
185 92
121 209
141 196
108 115
142 26
69 119
207 89
91 27
180 67
116 6
61 173
196 39
4 62
117 57
36 41
210 105
134 71
64 50
126 192
4 139
113 45
29 44
132 135
32 27
219 204
150 118
132 148
12 32
138 59
199 98
37 78
19 59
32 158
116 114
117 188
90 110
179 42
126 77
137 41
198 45
168 73
102 11
186 133
3 192
23 73
80 176
174 138
147 3
22 95
73 164
13 81
92 69
145 57
167 214
121 69
108 145
153 164
152 151
122 127
142 83
94 127
101 150
180 101
24 68
182 150
118 192
61 137
26 217
146 107
102 18
17 172
194 97
84 172
96 16
140 186
47 171
123 141
169 112
153 183
121 198
45 27
93 101
214 139
115 24
122 218
30 105
196 56
194 156
208 215
165 204
96 191
31 32
90 178
156 105
201 97
160 107
87 118
53 89
184 41
67 140
167 113
191 171
88 214
142 66
5 201
98 179
144 153
180 180
72 129
38 114
186 200
220 111
135 8
55 9
187 95
70 179
27 7
154 134
66 28
29 22
22 110
87 201
133 114
150 216
154 60
164 59
72 200
90 132
182 87
86 169
196 156
23 87
133 215
22 64
182 91
79 96
100 126
12 154
8 150
77 110
121 196
4 53
12 208
162 36
11 65
89 41
127 31
222 128
114 29
149 151
52 114
7 174
207 203
49 181
206 152
118 161
222 129
29 26
101 91
130 176
180 134
23 17
160 143
136 159
9 14
131 137
75 217
108 190
38 74
176 178
62 148
16 18
95 40
165 136
113 202
123 120
198 210
73 3
91 176
65 33
134 59
63 196
128 164
152 97
206 78
168 108
211 215
202 85
40 132
125 198
218 32
84 194
11 7
39 8
127 7
6 135
152 48
79 176
153 124
46 61
186 188
202 123
123 23
217 102
42 65
206 108
185 51
151 113
177 189
36 42
203 123
162 80
208 40
76 68
157 150
172 95
90 127
49 157
171 79
204 161
168 136
77 222
144 197
117 144
7 192
153 10
184 38
221 71
179 138
43 15
66 82
38 188
141 216
56 104
145 76
114 165
102 37
110 197
73 195
205 171
197 94
146 56
42 198
83 199
89 2
196 60
120 35
81 111
31 63
98 141
11 140
129 151
125 167
191 191
133 195
198 78
132 13
25 4
37 185
169 218
66 14
69 210
209 76
114 202
23 210
212 218
102 58
134 103
6 202
99 103
96 121
111 211
94 135
216 110
18 71
165 156
31 78
57 199
181 37
149 120
134 96
196 82
166 124
207 56
71 71
39 145
128 23
108 193
28 62
149 168
2 6
90 21
209 157
40 62
131 191
184 45
191 158
143 42
8 116
148 151
95 50
220 84
25 176
31 207
210 139
111 159
93 187
166 158
183 104
112 208
60 55
8 103
142 26
127 80
78 125
117 212
46 106
37 95
202 140
106 53
54 125
129 175
54 126
106 122
197 88
175 156
64 179
51 221
48 70
23 138
192 94
152 112
166 98
196 72
138 14
130 91
210 191
44 99
174 18
148 82
156 5
87 146
154 138
118 107
81 98
212 180
89 33
68 97
36 13
161 28
5 146
97 27
29 124
202 139
112 26
67 110
166 150
101 23
30 119
83 136
180 96
79 179
216 20
32 51
164 152
21 97
96 199
18 45
211 106
148 192
30 24
73 34
200 134
35 182
82 193
186 18
43 186
18 55
26 170
41 83
78 99
64 219
22 222
173 219
200 67
49 8
171 108
140 11
198 139
38 212
161 112
84 126
67 136
102 124
28 132
70 141
204 15
55 91
189 94
115 22
18 117
43 99
151 159
173 128
18 143
23 83
26 155
110 25
24 109
204 177
97 95
17 184
183 114
146 2
70 85
196 199
90 90
61 207
182 28
88 191
42 164
8 173
91 199
147 13
59 72
178 167
139 31
13 191
54 33
87 55
172 86
46 174
148 67
166 129
104 5
109 137
112 86
28 68
79 115
33 187
99 59
47 197
93 132
68 107
85 92
141 46
138 154
185 102
69 80
217 29
4 222
5 96
6 211
46 203
204 99
177 23
58 146
199 149
46 65
30 147
133 194
111 191
52 81
21 135
104 211
145 38
179 108
93 171
89 118
37 116
47 55
140 133
61 133
194 53
130 53
180 140
9 48
45 75
77 73
46 108
126 137
132 167
20 76
155 50
79 133
8 182
11 24
112 210
193 158
154 97
186 120
77 155
30 153
155 13
169 62
35 94
33 149
85 190
60 55
82 34
77 146
109 195
203 153
50 38
53 164
85 101
87 180
2 15
159 123
84 169
33 88
135 101
24 79
140 75
37 112
78 202
115 197
222 76
123 58
130 95
144 149
123 114
69 84
127 48
124 198
194 111
161 41
32 217
215 58
20 118
115 202
11 128
87 10
153 213
110 194
7 36
62 151
105 156
99 38
125 203
111 43
181 8
144 41
69 87
180 67
184 130
6 203
146 144
84 175
148 37
115 141
91 106
183 158
133 174
196 103
206 176
202 173
110 107
99 115
41 80
130 121
165 132
75 183
140 163
136 104
92 113
88 120
50 149
126 135
157 139
61 139
183 86
172 182
179 48
205 122
106 217
141 179
219 189
34 104
200 136
21 72
19 16
132 98
196 125
156 114
191 89
216 205
42 11
152 142
194 17
158 56
201 55
28 172
170 46
37 117
98 87
115 59
159 113
151 202
65 46
10 114
30 134
61 124
133 136
151 201
101 201
131 15
106 121
4 196
77 70
141 167
99 3
101 137
159 196
29 131
42 31
149 185
39 15
27 192
190 196
14 23
200 216
115 215
65 10
158 118
42 217
81 197
79 121
117 68
149 77
26 1
50 91
84 13
26 59
154 35
145 11
173 119
203 67
139 57
158 197
201 88
64 198
98 188
19 59
99 128
52 201
207 114
22 67
117 141
97 199
28 75
102 132
142 109
113 83
202 114
72 174
34 130
51 191
192 106
115 122
197 7
73 23
51 9
84 217
54 33
117 47
34 174
169 136
24 167
49 191
121 75
195 194
20 73
44 144
66 219
105 31
98 129
204 191
11 55
37 12
26 161
169 76
123 128
56 23
43 30
46 159
204 64
183 140
187 53
44 28
217 217
55 49
167 182
1 130
33 23
203 121
220 141
125 158
206 5
21 208
215 99
126 171
183 154
23 69
194 117
57 186
29 157
154 79
28 53
66 182
181 75
176 48
60 70
37 201
165 46
163 160
72 121
131 181
151 212
37 1
121 76
182 157
190 214
144 109
45 3
69 92
119 94
218 107
143 142
38 105
121 130
203 43
62 120
24 182
203 206
12 40
15 169
108 33
127 147
147 19
72 140
6 84
219 45
196 147
80 105
206 185
144 26
179 2
198 32
32 204
74 123
100 154
94 72
184 56
132 139
164 47
123 134
74 66
198 27
28 29
168 130
21 126
124 213
134 79
44 45
203 141
26 214
49 92
220 169
177 159
220 101
56 119
163 116
41 108
99 171
170 189
150 99
205 128
53 21
83 165
71 186
2 62
175 119
95 161
100 134
49 48
57 27
73 182
56 178
5 124
177 51
1 11
13 32
114 24
4 55
64 91
157 153
87 14
174 18
23 88
54 147
187 207
112 33
211 205
139 96
168 67
44 6
97 83
218 170
126 10
50 173
32 42
4 114
30 88
8 212
106 100
194 13
155 158
188 89
151 55
220 87
146 69
188 50
19 30
128 100
155 19
214 195
167 16
163 69
61 58
31 19
78 217
204 13
134 84
35 134
48 202
66 133
201 157
109 121
78 145
190 195
17 55
12 114
147 104
70 129
79 198
83 115
88 71
111 66
194 39
214 87
118 169
206 131
38 134
131 63
149 168
211 142
53 171
54 74
97 49
121 151
129 18
208 47
217 66
39 196
25 101
72 37
50 10
32 60
162 117
20 154
169 55
158 90
2 159
16 189
167 14
135 7
1 184
199 205
1 94
77 98
139 33
98 96
207 28
108 100
10 80
211 42
217 51
79 49
103 69
38 87
96 41
94 5
23 31
164 220
80 67
188 178
75 201
191 101
116 42
135 122
183 180
146 21
21 66
96 38
217 61
126 68
63 16
41 91
193 158
71 62
72 33
192 158
26 165
21 12
103 79
188 39
165 66
186 73
95 56
197 73
69 216
193 28
215 138
62 103
101 156
185 73
177 6
175 93
128 179
55 175
102 83
195 67
221 174
212 202
198 173
195 183
31 148
60 38
177 18
127 82
143 187
169 18
50 81
206 168
66 156
147 170
48 39
54 194
95 12
120 149
199 210
71 176
187 118
119 1
128 101
179 143
196 43
55 37
92 84
103 68
16 156
46 150
17 68
75 88
130 10
110 79
109 176
194 39
2 212
95 80
165 69
24 67
141 2
213 6
39 90
208 91
140 105
30 8
192 7
23 114
149 36
222 15
54 213
16 54
56 140
169 164
128 70
30 218
65 31
32 1
94 193
110 183
140 95
124 10
145 205
221 19
149 216
98 35
77 28
89 108
133 198
70 124
173 131
106 218
111 167
140 42
181 212
207 123
127 108
190 30
70 79
181 112
8 83
211 23
91 71
35 123
94 81
167 219
77 192
71 91
83 139
172 58
18 164
37 135
83 27
59 50
137 63
42 59
183 41
7 99
1 48
120 192
221 187
94 74
44 159
105 58
146 18
33 155
25 19
156 205
33 169
94 181
188 14
43 90
121 167
129 11
137 51
149 52
199 33
44 132
143 17
125 131
36 20
200 145
143 55
218 151
84 125
205 52
170 163
3 169
27 31
41 180
112 28
1 35
103 102
123 222
166 75
48 78
162 124
182 190
91 40
35 50
168 169
66 82
160 104
83 58
9 111
88 119
119 104
23 109
39 140
40 115
129 174
176 158
51 25
158 19
75 173
147 158
30 157
84 171
166 207
119 222
114 42
182 45
18 68
204 188
134 171
33 62
40 35
133 28
146 125
158 29
43 133
219 31
64 202
109 83
90 87
8 33
131 198
145 211
219 112
40 193
66 80
74 203
207 198
55 184
193 44
191 165
222 82
153 105
144 9
40 111
191 195
48 118
122 124
11 30
91 6
161 49
62 192
39 218
5 179
110 44
85 48
19 129
135 153
217 221
143 4
183 47
32 214
73 9
77 179
106 204
209 57
27 38
6 196
205 106
221 28
76 34
12 53
119 6
111 23
52 101
100 103
78 214
85 159
35 162
202 150
79 74
206 82
111 9
47 100
44 26
183 139
66 13
58 195
59 4
80 161
110 139
17 198
145 55
39 216
133 21
169 64
138 199
166 167
62 101
105 190
166 194
160 38
206 188
7 129
91 128
59 22
87 52
175 196
179 45
148 171
197 83
212 46
161 112
87 131
129 63
69 38
101 173
53 207
149 89
44 62
108 2
130 58
50 105
191 46
74 118
33 93
170 121
12 214
142 57
143 162
43 112
125 29
29 210
80 1
37 207
207 82
204 80
158 22
200 129
202 94
137 44
81 67
149 2
139 91
31 192
116 17
197 222
177 6
170 52
68 214
158 18
159 134
48 113
211 168
151 52
134 210
179 31
195 164
90 120
7 95
23 22
182 98
179 186
117 87
119 175
183 101
210 66
164 7
164 149
132 38
141 141
18 28
67 89
69 75
117 5
17 218
221 28
131 56
56 2
152 51
95 140
54 127
180 88
95 209
47 207
170 38
104 192
210 157
139 194
41 111
111 215
67 65
14 118
11 88
74 171
134 191
199 61
196 181
2 40
100 52
81 111
146 58
115 200
19 70
55 197
168 7
80 140
209 20
206 196
38 40
20 157
206 183
208 72
156 72
158 197
108 140
197 77
207 187
152 52
127 105
69 95
77 14
114 174
112 130
158 43
64 139
170 18
120 16
52 88
39 29
156 26
65 137
27 190
86 97
87 53
96 156
134 188
50 105
151 3
70 37
122 12
217 9
138 71
111 214
115 214
23 216
36 31
13 156
142 78
29 148
165 70
31 221
188 8
42 13
180 183
190 54
31 93
91 173
76 88
168 125
158 110
78 189
216 51
163 198
68 19
79 157
166 222
75 207
15 198
210 39
200 167
39 191
142 184
217 100
194 155
21 194
157 79
9 36
221 52
53 189
37 156
86 45
47 30
89 2
174 73
208 104
201 110
91 41
96 93
187 63
24 94
132 3
164 8
40 114
132 220
161 52
105 98
127 13
218 191
77 96
104 34
69 184
118 48
188 100
25 76
114 159
48 92
214 199
199 146
65 74
193 103
18 141
126 184
161 110
54 133
35 129
16 115
47 102
39 29
143 90
4 121
52 129
195 96
89 142
205 99
30 168
91 124
26 50
197 199
130 7
159 24
135 198
12 111
57 26
156 79
9 204
126 59
9 208
90 30
28 54
40 202
169 146
46 120
108 121
108 124
6 99
70 154
19 68
73 56
183 116
92 51
103 176
12 196
98 143
22 1
73 142
99 20
42 117
87 191
145 75
193 144
57 152
156 154
210 172
132 59
132 150
171 159
9 141
161 107
125 8
87 22
53 92
37 66
147 147
192 124
201 13
73 61
44 171
158 122
193 92
197 186
105 211
93 208
133 102
91 141
178 222
27 176
54 14
111 212
85 31
212 184
19 166
47 79
113 30
163 37
142 126
129 166
126 46
149 162
94 138
10 70
93 71
38 201
176 137
195 49
134 51
39 5
55 12
73 95
194 98
162 202
95 158
209 193
44 28
61 101
111 82
138 198
17 47
213 16
201 154
82 47
132 39
131 110
197 56
103 74
41 19
193 85
155 205
39 87
133 82
134 74
176 165
7 179
3 153
92 154
84 32
59 89
146 132
207 98
126 123
182 96
113 29
135 95
161 95
21 15
218 97
136 200
208 20
179 66
211 217
11 97
181 78
210 18
22 12
189 146
51 156
206 73
167 128
166 121
93 90
173 202
91 82
44 109
141 166
17 206
42 82
204 70
40 210
204 40
163 194
193 204
10 57
2 173
145 191
184 148
128 121
144 6
121 16
125 132
185 178
88 192
65 5
164 201
49 18
180 182
45 4
38 168
38 21
87 15
61 78
92 64
124 197
92 153
47 215
80 67
141 215
74 36
70 99
177 56
22 211
72 160
186 195
162 20
102 104
91 161
210 1
184 37
222 42
113 192
52 103
115 70
12 151
132 1
220 67
132 94
55 35
168 206
22 197
167 137
95 37
137 170
157 194
57 38
189 135
221 184
133 192
52 155
40 13
118 6
185 84
156 49
95 35
193 24
168 62
98 16
62 129
121 146
146 193
62 188
5 199
105 179
13 1
156 133
140 202
50 70
105 18
150 51
33 66
95 28
162 124
176 14
114 123
99 102
54 180
175 15
37 218
55 170
63 149
91 12
160 155
139 156
91 61
74 56
47 51
2 165
183 192
151 194
189 217
13 209
187 168
35 59
110 156
26 219
96 31
192 186
204 196
162 58
167 137
107 78
222 89
27 140
32 135
113 42
14 192
176 122
155 133
56 214
194 11
22 106
77 212
14 151
177 31
112 188
57 163
159 138
150 15
122 91
54 37
192 178
26 144
57 207
165 85
89 98
150 16
207 115
11 99
84 22
10 41
120 123
48 117
82 200
119 92
216 218
113 155
92 68
148 194
164 154
151 72
192 167
17 114
198 102
6 109
132 141
50 17
145 153
171 35
44 184
169 218
147 13
212 38
143 210
98 205
200 36
102 89
6 36
146 105
7 193
116 122
131 147
176 215
215 222
100 174
114 50
167 105
204 185
47 120
217 133
78 200
131 37
109 199
164 84
86 129
152 102
206 62
57 207
201 11
110 161
132 204
208 112
136 171
28 70
222 60
85 203
127 156
82 118
200 217
211 184
174 142
200 66
135 70
206 39
192 144
6 171
118 217
160 118
18 34
215 188
133 129
82 154
53 135
132 178
92 144
190 197
122 166
139 66
71 3
143 202
217 214
51 180
189 218
44 12
135 142
139 169
22 169
5 73
53 193
171 6
176 198
118 218
146 184
20 38
103 184
63 15
214 148
192 171
201 26
195 107
187 200
9 211
209 135
138 54
15 60
184 79
2 78
95 13
207 196
2 101
175 98
118 82
155 167
99 115
28 208
29 63
71 184
140 78
102 32
58 157
55 141
160 62
120 219
151 193
17 47
83 89
144 158
170 194
7 81
191 82
170 91
4 125
141 126
166 101
145 12
151 47
24 75
117 77
163 141
61 160
11 82
58 186
42 75
151 117
91 55
93 22
85 198
69 51
86 157
104 151
46 160
201 134
211 23
14 88
170 189
139 124
51 208
115 10
54 20
128 35
8 62
133 143
183 84
132 175
206 82
122 202
24 176
180 70
169 184
187 194
135 152
168 130
154 222
114 176
93 120
10 101
97 47
208 78
36 127
142 99
145 169
83 63
27 58
90 4
122 66
17 75
194 21
192 84
195 67
165 144
114 133
66 104
195 151
181 64
192 193
23 47
178 148
119 196
115 12
196 115
71 177
83 69
126 205
87 94
91 58
63 78
127 44
219 95
167 7
205 182
182 193
204 144
22 89
198 137
207 211
1 157
5 126
155 28
196 87
156 140
76 122
4 18
161 11
219 78
64 204
188 43
99 107
207 55
11 178
24 63
13 68
217 55
160 119
139 104
21 145
128 208
71 205
116 30
114 209
184 79
156 167
39 61
211 105
113 53
37 80
120 5
204 213
54 145
70 132
3 173
158 88
112 79
79 166
19 168
18 178
60 169
47 157
79 121
137 65
35 72
183 42
196 200
192 172
220 110
197 60
159 165
184 205
158 207
91 131
178 171
11 86
76 181
112 11
56 92
69 206
100 121
10 22
192 107
11 108
131 176
200 49
109 154
190 23
20 153
19 190
197 217
116 205
153 1
118 43
70 18
28 202
214 111
159 216
154 98
47 182
205 196
147 23
11 123
138 183
206 111
79 104
154 92
106 120
139 136
167 7
51 91
171 5
72 63
108 117
5 130
10 49
10 91
145 213
131 137
102 111
158 73
175 152
8 91
207 101
103 37
106 85
53 222
137 88
207 219
218 22
25 92
153 126
114 75
159 195
46 51
76 120
2 7
70 132
26 120
111 88
92 50
105 20
33 141
17 212
212 9
216 84
205 72
132 9
117 78
179 24
173 182
7 84
123 158
200 75
99 4
81 25
86 194
169 181
89 147
179 209
144 16
155 193
222 214
40 185
197 152
78 222
75 172
169 38
100 173
46 10
134 182
108 205
107 89
141 91
131 168
181 16
160 81
177 67
87 210
87 61
38 181
214 220
54 74
104 141
48 198
213 98
193 166
206 191
102 176
134 171
43 42
89 113
66 80
128 63
169 28
203 171
43 36
207 184
73 113
99 194
203 35
182 193
215 135
204 179
101 147
85 127
123 68
219 75
104 55
102 39
68 51
16 147
194 82
80 139
204 82
159 129
138 141
36 133
207 155
215 80
218 51
219 14
107 51
2 197
29 100
205 114
102 157
31 145
196 131
209 92
137 95
78 175
27 27
39 169
196 46
29 152
65 98
25 172
130 58
80 42
152 93
191 82
119 202
215 58
161 20
206 14
175 152
219 197
181 133
80 203
207 193
158 33
212 10
38 110
139 132
117 32
160 222
55 170
195 207
46 96
118 184
48 110
107 181
139 171
127 85
15 103
217 79
142 47
58 39
69 38
61 82
217 191
89 41
113 73
188 187
210 12
120 12
180 57
109 187
154 155
193 123
50 14
113 81
108 124
188 33
46 131
186 160
183 171
59 17
1 204
77 196
148 16
117 215
177 87
209 86
61 107
109 46
145 75
29 96
217 123
115 94
140 64
27 64
92 219
42 199
191 26
71 194
57 143
66 164
121 145
50 99
43 201
43 178
63 172
162 138
52 104
9 129
43 103
87 96
190 115
186 5
17 13
77 91
157 215
152 120
102 11
72 145
183 87
195 189
14 89
89 130
106 10
92 88
114 114
69 97
33 95
205 71
177 198
212 107
96 27
22 217
138 150
45 9
47 3
135 218
177 191
175 10
120 35
34 71
109 138
156 201
201 184
174 5
195 144
69 7
19 218
48 45
95 131
212 115
82 33
147 60
116 76
167 25
7 151
114 139
203 116
112 9
118 131
114 178
45 203
142 171
185 185
184 130
63 83
130 128
164 186
92 83
105 152
202 199
103 47
72 216
162 113
50 51
50 183
101 171
133 31
20 151
173 195
190 171
189 131
77 68
161 124
205 17
163 61
98 129
126 159
156 216
67 202
125 80
180 131
194 218
157 132
52 174
52 179
6 123
195 4
9 113
54 71
91 121
185 32
168 103
27 122
25 204
217 18
44 142
215 165
2 217
44 198
200 180
4 123
41 175
163 70
67 191
110 221
132 94
2 37
154 157
145 80
8 200
72 46
154 193
52 44
106 172
197 89
13 175
53 3
39 211
60 127
74 165
132 45
215 188
60 221
219 144
212 191
83 222
195 209
75 206
195 20
157 31
183 73
107 221
23 86
30 204
104 192
164 154
32 179
64 117
67 147
84 80
108 121
102 178
69 19
120 88
172 212
218 13
195 156
170 186
31 222
48 208
207 196
114 80
125 80
113 8
94 120
101 190
78 37
143 1
77 192
118 143
112 178
88 30
73 148
204 147
68 173
142 119
207 113
222 118
218 95
32 100
33 46
77 74
191 60
37 159
193 40
136 137
35 116
70 65
198 203
51 101
54 120
148 219
137 182
62 73
10 6
73 179
115 216
5 80
142 125
190 79
20 132
8 180
195 66
189 42
22 38
28 173
35 199
166 86
215 126
65 59
157 116
56 185
57 69
89 193
120 123
53 176
33 74
5 161
130 100
93 161
75 98
182 81
199 118
15 166
47 12
23 191
114 163
21 55
195 14
175 64
195 94
43 137
161 91
61 86
109 79
43 148
136 191
132 143
181 129
105 124
38 20
99 122
93 215
186 168
65 164
85 19
134 50
112 180
180 96
108 104
205 10
167 1
61 136
122 117
7 169
43 1
174 110
199 212
153 19
46 160
19 79
64 182
152 7
46 106
8 213
30 158
7 167
137 213
26 144
93 11
113 104
188 217
209 146
80 173
115 13
94 174
86 164
49 89
7 121
3 42
118 175
9 112
91 107
82 104
133 40
30 88
5 213
201 170
95 48
98 38
143 131
47 132
212 167
94 111
8 103
144 169
130 120
130 158
120 107
194 219
160 216
141 7
26 154
188 37
35 24
61 65
48 125
78 4
140 171
134 38
13 33
4 135
219 153
49 19
177 168
149 18
152 144
109 141
203 126
139 60
188 111
176 97
132 88
151 215
31 201
61 31
132 12
55 219
140 47
222 178
189 214
70 71
1 179
84 81
56 26
96 108
68 22
186 63
5 76
132 178
15 204
36 168
206 122
94 39
125 43
35 189
96 127
154 182
188 206
76 142
68 77
148 159
25 189
215 117
77 74
215 66
94 178
43 139
80 165
40 213
221 141
201 211
89 47
95 27
35 136
68 17
59 40
31 116
83 101
207 155
124 153
161 190
112 140
181 12
117 109
178 16
170 59
80 141
166 117
22 4
63 182
157 166
130 175
79 83
84 143
208 49
85 126
33 91
46 28
179 222
87 172
217 49
40 27
40 10
139 41
117 164
143 29
185 10
22 195
153 3
105 171
66 127
75 113
180 4
162 204
186 10
104 194
197 49
94 160
146 212
101 132
182 163
6 141
188 151
54 107
182 177
11 62
191 177
14 68
159 5
188 1
28 124
135 152
21 138
28 218
129 148
91 75
214 190
24 220
19 203
149 164
112 16
151 97
53 151
48 18
173 9
8 150
75 171
20 19
57 132
92 131
185 130
73 102
61 201
13 14
87 120
30 83
103 30
22 21
4 116
97 71
63 171
3 150
119 138
138 53
131 104
148 221
153 161
88 118
142 24
15 26
11 179
42 4
30 186
196 118
73 40
82 55
152 63
160 177
20 178
14 208
81 188
128 101
86 30
156 164
19 181
74 83
110 64
127 102
126 2
173 199
58 148
40 205
67 164
186 6
132 196
141 138
202 199
111 111
28 181
168 135
56 11
45 82
149 121
136 110
167 70
154 111
203 175
204 59
145 125
216 79
12 175
73 55
40 197
10 103
175 67
192 104
181 211
29 108
81 178
166 172
148 163
4 26
2 178
28 76
26 84
81 117
130 105
44 114
37 65
199 95
89 30
121 133
73 25
102 189
135 171
124 37
79 53
120 83
179 70
72 213
201 107
62 99
187 125
161 38
183 137
82 35
201 11
201 5
102 152
153 91
88 63
25 177
101 87
9 39
98 215
214 79
86 211
101 152
115 137
180 212
211 87
37 39
191 18
5 202
196 137
9 126
36 218
133 34
37 215
41 62
170 111
40 162
26 70
178 206
43 59
69 13
72 85
20 100
200 29
221 32
218 76
110 42
4 136
44 124
8 166
219 56
29 121
197 146
133 162
29 212
172 142
150 121
63 58
164 79
176 125
92 215
39 94
65 19
178 122
127 213
3 175
172 57
213 218
37 75
29 33
37 108
32 77
28 220
102 53
156 128
113 99
195 204
81 216
113 155
206 216
10 67
113 95
106 20
72 86
39 60
193 183
116 210
87 19
155 35
171 207
89 2
92 200
35 208
154 23
65 103
177 31
64 135
68 65
190 129
39 160
108 100
188 124
144 113
150 177
161 140
136 203
42 107
54 214
1 39
75 145
145 50
143 176
130 199
70 108
201 45
187 9
214 26
107 203
208 110
69 11
176 66
46 1
25 97
44 74
209 150
87 133
188 108
12 133
122 134
187 60
123 2
216 182
220 69
178 139
78 80
211 94
185 107
108 146
128 145
192 122
198 187
186 60
60 117
79 43
146 216
144 141
142 220
112 171
47 75
93 7
202 170
110 195
18 156
121 31
148 103
34 131
166 45
2 30
119 138
64 63
176 143
140 119
188 36
206 37
73 141
141 16
12 153
138 76
79 119
75 201
48 110
17 113
36 78
195 173
208 82
51 51
3 94
160 124
48 133
199 104
131 31
177 4
40 174
143 187
67 126
160 136
112 215
57 5
31 92
194 72
11 75
36 183
14 20
173 111
176 163
135 29
203 190
46 158
144 221
173 174
53 36
210 173
44 65
38 67
219 136
127 70
50 13
51 72
31 68
189 216
10 6
203 215
21 198
57 213
50 90
89 141
108 89
214 180
12 78
48 117
146 167
209 52
180 98
214 95
170 82
82 122
43 140
157 14
147 162
127 62
137 184
123 10
216 183
203 20
207 83
75 195
11 204
202 127
116 168
103 44
174 140
107 147
83 203
155 151
41 14
214 123
78 68
80 24
71 61
210 153
181 81
155 99
142 65
68 205
135 56
91 209
201 29
78 138
83 9
26 59
115 144
77 6
196 102
37 40
30 129
112 164
12 63
114 167
73 89
20 65
153 86
162 165
141 180
143 129
30 162
140 96
48 177
31 78
183 142
114 17
194 212
138 25
162 35
182 73
70 202
175 107
209 204
19 108
119 159
142 120
97 15
78 84
148 52
81 138
163 7
23 91
140 162
26 123
61 220
160 58
7 30
182 105
1 211
157 179
109 69
32 217
143 222
98 194
179 189
52 7
180 164
173 9
150 120
103 174
142 34
180 178
93 100
192 142
166 140
184 200
125 115
65 65
149 26
184 176
74 91
146 122
187 69
41 41
132 155
161 44
156 45
206 81
21 211
47 176
142 36
43 196
145 46
140 74
185 67
195 184
194 26
31 126
86 137
88 88
107 183
112 171
164 47
14 68
140 212
6 24
193 125
92 31
110 207
33 147
120 146
111 60
101 92
144 206
48 66
99 41
93 196
41 163
15 74
127 204
48 25
10 190
153 129
92 50
70 68
146 23
145 122
5 34
27 30
144 158
122 179
46 222
210 196
180 45
147 99
16 160
132 5
168 209
168 62
12 77
193 210
178 135
126 87
130 143
124 145
129 178
122 91
149 89
30 65
217 175
141 166
145 143
179 13
70 62
114 4
148 131
6 168
1 135
72 171
76 204
109 104
4 82
64 35
152 3
116 62
12 152
49 192
165 75
110 63
91 119
141 167
9 49
48 149
115 2
122 9
209 55
117 209
194 40
35 64
189 131
23 105
195 28
38 75
204 215
67 55
86 179
188 111
181 2
186 163
160 144
175 138
57 183
129 147
41 142
17 166
86 212
216 130
123 77
16 19
10 131
133 122
132 72
19 29
13 137
215 205
67 133
52 56
184 123
153 91
200 81
219 88
10 85
65 114
10 118
3 74
86 188
180 106
18 131
196 57
203 96
186 123
156 153
99 55
158 121
80 83
103 68
28 103
81 139
120 132
95 82
2 70
11 201
110 67
21 166
207 170
140 132
161 115
5 121
199 197
79 67
133 187
77 36
93 80
46 67
215 180
44 63
145 99
39 192
42 74
121 221
84 221
131 47
206 71
152 74
47 114
196 156
37 165
180 63
146 187
147 152
99 150
130 201
77 79
16 210
171 154
191 207
177 150
117 135
114 128
107 42
139 111
42 47
215 153
156 83
141 69
15 71
13 118
190 14
88 17
189 7
201 51
28 207
26 69
161 91
9 13
98 71
115 123
20 124
167 70
186 10
78 132
19 202
35 107
204 206
142 1
213 93
31 197
61 122
42 196
221 90
195 53
83 113
168 44
40 26
30 172
213 38
81 154
17 111
174 20
142 107
154 178
90 141
150 186
129 128
203 54
18 61
146 105
65 181
46 188
9 47
76 70
125 59
123 40
114 27
140 118
94 62
214 113
47 60
124 205
55 182
140 216
200 175
188 174
29 133
46 76
126 84
15 78
137 60
61 206
207 206
26 12
192 177
77 197
217 112
173 23
67 84
97 7
20 96
118 137
112 174
165 35
193 79
89 196
91 162
97 98
55 174
112 78
81 18
211 83
22 198
41 94
35 79
24 55
202 69
185 130
156 51
167 182
165 39
92 167
111 79
103 34
62 45
208 18
33 87
86 171
156 205
79 62
132 168
62 113
147 219
24 51
177 221
219 19
100 41
161 40
159 137
120 122
190 118
125 20
53 42
102 147
202 104
46 211
42 163
201 84
164 154
161 126
218 162
22 47
82 129
52 73
125 63
132 116
110 25
143 45
5 161
154 80
44 157
107 163
9 56
136 197
137 66
152 189
33 196
167 120
140 133
23 2
40 95
114 97
222 171
140 55
111 21
199 25
59 63
215 217
131 10
193 29
16 193
40 155
96 12
16 90
114 167
20 205
31 30
152 94
124 24
122 14
137 31
5 11
196 11
186 107
21 67
114 187
111 74
84 127
218 152
183 73
146 14
21 72
46 211
154 129
35 130
22 183
33 127
13 114
20 26
117 145
168 65
171 68
178 53
208 141
134 182
56 141
31 42
208 117
5 47
85 142
15 76
156 146
72 167
10 115
122 103
75 202
139 29
106 56
154 197
112 47
70 217
65 171
93 48
4 117
29 210
13 181
101 112
126 166
130 62
139 206
103 144
113 45
210 43
55 25
49 213
184 201
173 88
170 60
22 72
109 21
71 89
64 154
65 171
124 211
68 181
39 213
85 1
66 153
163 138
222 114
135 45
72 138
134 142
46 58
128 36
78 137
186 43
11 191
7 56
99 32
146 147
168 161
6 122
204 71
46 27
24 158
28 126
165 115
74 30
151 192
166 100
28 58
68 207
105 166
116 121
77 57
185 15
71 2
93 167
86 77
220 78
129 67
92 148
156 5
192 69
35 129
4 115
173 137
134 136
40 175
81 46
217 100
116 82
204 220
67 68
9 103
108 94
34 50
104 87
10 52
95 170
52 160
70 148
4 45
21 218
181 162
52 200
61 196
105 120
196 219
162 54
48 117
77 2
77 116
117 45
145 204
22 19
210 36
83 194
5 139
64 70
190 63
18 28
4 144
201 115
105 133
165 211
142 85
118 1
115 117
122 32
12 185
96 7
25 220
157 215
123 149
148 78
140 127
167 169
53 215
54 88
6 197
181 52
181 203
209 153
26 131
107 184
55 38
97 218
70 178
39 119
29 91
100 42
127 40
175 135
179 79
207 72
43 24
23 169
20 147
208 120
56 200
174 189
144 44
53 109
137 118
119 95
215 133
74 218
84 102
78 170
63 155
61 90
97 90
4 87
84 176
68 161
123 164
28 215
126 62
40 169
102 113
72 114
71 28
169 78
35 3
109 76
50 206
80 77
13 83
140 42
112 187
80 157
42 49
81 127
65 222
192 72
93 192
210 216
209 48
54 30
71 54
188 38
74 205
63 213
132 136
8 207
31 156
42 48
109 187
62 18
34 3
58 70
201 65
221 195
217 157
8 66
205 98
80 38
152 180
57 120
172 101
36 72
38 20
90 128
178 30
134 174
208 71
93 55
26 5
200 152
158 104
221 139
197 102
103 122
118 212
209 159
39 9
53 103
55 23
58 58
39 181
151 40
69 220
131 80
82 148
147 78
143 11
68 147
198 215
222 64
197 50
143 216
211 187
162 103
205 145
132 76
79 18
195 120
13 181
210 176
23 41
66 71
186 77
60 182
149 187
46 110
141 85
95 150
222 93
141 69
190 159
203 74
63 109
150 173
47 195
17 44
112 182
180 218
66 54
159 193
188 83
143 179
124 52
1 90
53 1
64 56
93 136
46 21
139 57
217 162
180 127
81 138
137 160
206 172
149 206
26 112
213 86
146 86
44 75
129 111
110 172
150 190
38 77
175 174
185 90
143 42
176 165
14 127
37 7
47 169
27 40
110 26
40 189
88 25
142 99
117 147
170 62
10 140
57 66
210 15
130 67
125 210
8 179
88 163
47 201
104 182
182 39
124 25
59 180
171 95
86 31
54 179
114 128
68 25
33 163
115 114
124 37
70 207
195 118
193 146
40 96
10 53
219 27
161 191
16 54
210 221
159 31
16 165
148 148
162 4
1 217
9 31
109 116
15 137
57 116
86 69
62 145
163 11
189 160
14 220
37 46
36 198
99 2
1 1
33 222
183 115
26 125
189 54
31 116
170 182
108 196
171 80
42 178
137 58
154 44
3 57
22 18
47 22
49 1
80 33
47 69
203 20
23 127
48 70
113 50
28 124
122 172
170 21
187 118
73 1
105 173
113 1
132 164
174 72
211 59
48 202
108 58
217 182
185 177
193 50
1 99
117 170
108 62
105 69
137 30
201 50
45 147
2 1
222 92
84 7
117 94
163 126
210 124
14 192
158 1
167 120
86 67
205 20
56 171
139 83
151 196
74 106
158 12
119 214
83 169
140 14
41 130
202 37
60 141
83 40
192 71
196 10
179 32
116 90
159 9
26 171
195 124
41 21
32 195
139 189
130 4
149 72
153 16
43 21
106 90
103 62
199 34
161 6
183 182
151 162
206 146
111 90
136 124
155 114
129 91
158 106
63 132
166 54
156 79
215 58
42 40
214 38
120 9
218 90
68 215
55 66
177 190
85 162
221 100
108 158
135 44
16 185
76 208
184 178
110 34
112 144
125 154
150 171
11 206
199 179
179 146
107 91
193 116
196 38
124 124
57 145
71 204
166 145
88 154
193 180
155 41
99 20
160 159
41 168
199 47
202 132
8 26
192 195
1 104
214 153
191 136
19 120
93 93
134 117
102 204
77 169
75 31
105 35
172 72
215 186
114 185
72 205
72 143
148 70
53 132
131 168
44 212
49 139
27 160
37 115
55 76
7 181
177 26
117 187
44 171
44 97
152 16
104 137
211 222
207 179
180 11
70 93
17 65
158 162
16 177
121 13
106 59
222 55
25 1
35 200
114 24
45 41
47 129
125 53
164 41
165 150
169 217
105 84
63 200
163 95
199 6
183 138
185 8
115 211
174 104
53 54
45 63
64 167
59 189
111 170
142 61
160 45
91 182
168 14
10 62
119 67
11 157
46 217
77 29
164 99
220 204
169 35
215 96
187 47
180 106
97 167
63 195
179 24
164 42
106 156
102 3
197 195
146 169
67 53
122 175
15 15
116 83
95 175
84 125
81 107
13 28
215 54
134 99
209 58
195 17
161 122
123 38
203 122
176 190
183 102
184 137
135 51
210 10
29 59
38 144
98 62
173 97
48 34
185 122
199 198
149 30
138 52
221 48
219 9
180 157
222 4
202 190
64 53
203 6
4 59
3 118
139 20
48 185
82 115
35 160
103 212
202 143
41 35
78 114
9 173
183 110
201 181
184 131
127 222
123 107
110 221
59 131
174 138
121 20
60 77
184 150
49 56
51 14
20 221
172 187
3 99
205 57
106 136
119 4
169 127
128 53
130 221
174 199
25 88
212 87
43 191
172 69
181 201
191 1
140 200
55 52
153 222
212 78
23 115
95 219
135 135
157 197
139 148
197 85
90 160
208 33
4 36
99 132
163 104
22 103
196 195
123 136
47 10
128 86
40 42
161 221
146 130
181 172
87 121
42 6
202 6
93 45
39 161
21 36
99 103
187 176
212 221
12 179
13 50
123 175
82 108
148 189
132 173
169 47
201 187
33 169
22 151
62 140
70 198
1 218
29 37
150 177
204 167
101 14
50 35
12 56
215 117
132 40
131 70
48 90
114 81
164 49
58 10
72 95
17 174
165 28
82 108
149 82
153 33
103 104
132 77
102 215
9 121
48 201
2 13
57 103
101 127
152 135
1 92
151 79
49 111
134 99
208 49
181 73
170 128
147 117
14 167
37 177
141 52
70 213
106 94
136 29
186 113
71 111
190 195
155 161
156 178
158 67
8 92
21 88
172 29
83 197
41 98
178 25
197 142
76 165
33 150
194 44
206 56
22 93
41 186
63 42
16 58
171 155
41 130
112 44
98 76
37 183
57 198
166 43
135 155
177 160
14 94
220 200
170 17
67 93
18 185
40 123
54 98
160 86
98 172
171 75
199 79
122 158
188 204
209 67
140 49
121 214
107 51
65 8
6 126
135 178
58 3
209 146
213 120
205 84
30 41
95 2
191 166
91 177
181 121
53 167
95 20
57 177
115 161
168 166
50 115
165 94
139 70
142 184
106 180
27 21
3 193
195 22
154 21
134 164
216 48
29 88
132 138
114 160
116 3
117 221
165 5
74 159
193 116
77 207
214 136
169 163
64 68
216 139
108 171
4 60
179 196
207 89
79 72
38 203
32 148
107 166
96 98
50 93
50 98
91 111
83 173
151 174
208 127
65 179
208 182
163 117
59 84
15 96
220 206
98 37
172 20
84 20
91 35
222 148
204 37
149 105
183 187
148 152
182 70
108 68
55 101
126 220
198 15
124 49
16 62
115 174
79 32
127 104
67 40
1 90
64 18
16 135
212 40
96 179
190 158
7 165
140 191
157 201
143 23
130 88
142 32
35 51
206 84
176 21
101 218
52 205
194 194
100 78
185 91
72 178
24 209
122 135
170 131
27 33
166 65
210 84
167 196
13 12
6 34
132 58
220 156
154 81
147 13
147 39
152 204
128 106
39 180
14 128
28 218
11 51
131 103
47 76
8 90
120 117
110 163
55 92
44 72
154 47
140 172
1 184
109 120
70 83
27 11
132 64
4 37
203 80
56 65
179 76
134 143
55 203
49 212
201 160
75 57
148 142
11 172
19 4
191 208
41 116
161 211
220 68
170 13
1 221
27 201
128 183
44 162
188 142
172 141
182 213
133 12
16 14
207 6
220 45
90 219
82 108
61 23
63 32
160 134
184 70
51 109
92 33
140 2
102 173
129 62
11 18
100 15
97 189
17 77
33 113
130 119
17 107
182 25
143 169
25 160
201 54
104 200
38 100
22 128
156 141
123 219
209 194
125 109
25 171
131 68
45 155
116 56
65 220
55 90
99 33
80 132
107 111
150 191
179 136
214 145
160 160
47 161
105 37
78 84
13 73
194 15
113 139
86 98
50 180
29 140
105 221
154 4
134 119
176 139
206 78
97 172
71 26
218 123
174 193
176 63
222 126
198 123
24 157
27 220
97 107
57 222
15 33
81 172
67 93
200 21
177 63
69 128
203 203
62 176
134 184
193 115
76 33
10 48
165 140
147 112
53 221
22 64
69 43
153 183
8 92
202 155
44 9
86 79
197 214
146 12
212 197
163 75
33 97
122 79
134 26
85 126
15 93
144 170
93 176
204 12
213 71
188 195
12 213
76 196
91 121
157 170
77 202
160 126
40 151
90 75
3 159
199 175
197 27
24 195
210 65
127 86
83 106
118 24
54 106
15 46
33 141
99 167
109 87
150 71
188 36
8 63
47 139
136 56
179 58
206 177
60 92
51 74
114 114
178 8
72 141
147 72
166 125
127 66
200 38
53 184
213 204
175 77
103 47
12 68
153 207
33 190
164 90
71 28
200 180
83 187
220 177
133 14
220 112
96 189
151 7
37 107
196 142
70 85
44 206
106 153
191 126
11 2
19 199
169 10
97 89
156 191
62 94
210 41
124 8
219 182
58 6
198 221
118 3
163 107
24 49
150 48
212 205
152 58
90 166
169 109
108 221
69 156
19 91
113 185
199 117
98 148
115 91
33 29
37 112
15 64
61 7
218 193
85 81
88 45
140 34
176 76
37 217
127 25
68 87
178 102
85 214
206 53
152 33
15 94
57 68
168 157
154 171
26 98
143 204
61 165
184 30
135 107
51 46
36 38
160 33
192 129
50 12
143 121
194 158
10 128
189 178
129 161
141 29
149 210
50 192
80 54
212 27
166 214
160 23
56 112
196 96
41 118
203 70
16 77
68 79
218 198
79 2
17 86
4 198
188 11
136 88
57 2
174 173
65 136
52 37
109 202
76 66
128 161
60 135
7 72
87 46
195 182
55 214
171 35
156 198
200 187
196 90
106 31
39 180
107 89
105 61
210 178
219 76
186 98
123 29
32 120
83 67
110 92
23 122
50 35
81 35
213 86
129 6
211 117
54 8
82 196
97 88
79 2
174 87
214 194
119 92
145 7
172 28
153 131
132 75
60 157
98 93
147 16
198 189
203 77
185 37
180 198
22 132
9 123
207 102
109 24
112 98
113 63
63 66
32 172
86 61
140 50
72 28
25 2
49 34
17 76
105 196
222 139
1 184
103 191
90 109
82 15
177 147
107 181
139 196
65 141
34 90
2 115
174 212
10 24
56 46
107 89
99 43
32 96
140 172
201 181
109 187
196 189
54 45
128 145
33 110
86 154
129 180
89 27
16 70
90 152
134 43
127 91
97 195
137 178
220 9
209 139
27 149
148 220
132 171
144 200
206 62
93 103
221 97
112 105
15 14
113 209
164 107
135 194
134 180
214 168
111 121
58 13
98 15
158 163
75 116
156 222
191 104
118 83
167 17
170 87
94 10
116 27
10 97
112 214
83 16
121 1
54 37
220 30
34 23
112 130
176 68
89 143
62 162
51 63
8 193
161 56
113 196
6 39
177 173
201 173
212 27
165 209
30 160
78 81
193 12
69 157
18 210
164 50
154 93
59 4
137 12
91 54
74 28
19 42
105 116
83 69
26 168
7 13
73 1
193 148
210 116
102 76
47 52
33 49
124 128
118 129
139 124
86 129
88 34
108 180
206 6
78 171
174 198
85 187
149 127
144 173
166 43
184 152
121 194
83 206
92 94
61 69
152 61
116 171
108 109
111 24
123 45
165 50
212 151
110 80
58 51
180 181
222 91
96 92
55 179
176 205
85 36
41 219
16 120
122 164
145 15
102 141
142 152
38 115
18 44
212 213
87 197
22 93
153 43
121 189
185 43
113 95
62 82
23 215
75 2
108 6
131 10
20 207
145 166
64 55
172 219
62 168
87 182
210 39
153 47
82 111
168 178
191 87
77 191
127 146
86 17
209 146
179 128
212 153
39 143
148 136
137 155
24 217
205 95
126 114
65 58
203 163
31 183
78 126
212 24
67 67
8 211
93 150
33 11
103 176
18 202
55 115
115 8
100 174
97 72
9 123
100 163
180 194
126 165
220 84
194 161
81 152
49 19
175 199
210 10
4 56
22 23
188 46
141 44
13 211
129 128
206 9
2 32
203 174
131 221
28 156
94 177
138 59
186 39
175 37
166 11
90 153
33 136
75 64
37 64
215 91
203 105
39 165
116 178
34 127
11 123
55 16
127 43
189 136
40 62
103 39
55 88
23 93
191 185
191 217
6 61
196 123
61 211
138 143
141 78
7 175
44 121
131 199
167 144
117 102
122 25
97 45
53 33
46 10
41 210
157 51
11 110
33 208
57 73
219 129
140 8
55 220
14 62
55 39
192 91
136 179
103 212
157 74
206 94
103 16
96 124
118 18
97 110
35 13
73 65
9 191
149 133
151 108
156 98
111 14
7 160
217 34
18 193
206 35
214 147
182 65
76 169
183 124
22 132
157 165
195 181
133 222
208 45
222 157
87 33
68 81
126 136
170 168
165 164
99 120
38 188
104 37
8 174
62 187
115 125
86 133
152 186
21 49
120 144
157 132
1 15
98 194
47 138
29 33
63 109
127 86
137 20
39 20
97 187
222 172
122 56
63 173
155 97
221 114
33 138
222 195
213 48
58 101
196 179
93 143
205 189
116 186
117 108
60 50
114 188
5 4
115 187
19 135
66 18
98 184
102 120
66 84
170 77
66 119
46 153
195 162
177 212
217 90
57 25
107 175
168 207
20 67
181 62
210 93
222 174
59 155
43 197
78 15
74 164
84 109
212 152
51 54
89 111
160 217
205 65
7 173
101 94
160 132
60 154
52 113
3 79
23 23
5 22
37 46
125 115
68 156
71 48
35 110
176 169
63 61
91 220
215 27
67 116
209 149
143 105
58 54
2 18
17 6
107 40
216 69
162 162
97 46
210 25
135 198
59 92
94 155
179 187
5 21
98 6
85 193
179 85
169 51
81 163
99 132
218 211
210 157
103 156
211 100
59 73
103 84
220 154
103 212
49 155
75 55
166 115
10 139
61 184
28 176
87 70
222 121
26 95
191 163
129 53
70 55
158 62
205 199
154 213
99 165
29 149
188 103
186 149
142 22
144 12
167 33
125 205
120 59
69 80
109 184
105 154
91 195
40 44
199 199
139 129
216 40
41 131
196 106
60 211
190 100
67 3
183 170
174 174
11 119
42 60
2 212
37 89
2 26
195 101
171 74
44 35
118 51
180 93
128 196
159 66
84 30
207 65
212 142
205 31
60 212
177 39
15 181
162 152
202 133
104 58
21 112
25 45
121 134
145 209
12 116
65 102
25 43
155 207
121 94
111 29
177 96
198 187
114 114
99 18
199 195
184 59
215 33
120 218
123 64
2 22
212 183
121 47
175 222
206 100
104 146
142 159
164 203
26 196
147 36
163 110
89 1
140 127
100 209
15 177
111 177
183 65
54 81
101 159
92 52
148 28
188 77
219 150
114 183
32 53
45 119
88 16
75 169
42 142
162 158
184 184
34 111
198 78
99 211
46 117
94 27
194 214
151 118
219 199
46 9
54 13
22 86
87 137
216 195
