999 5759
917 723
305 731
952 256
506 644
770 473
239 452
402 200
937 308
136 670
633 877
623 383
878 131
113 689
265 911
363 298
861 368
488 381
346 328
846 539
775 201
276 927
354 715
850 720
456 804
586 164
74 248
197 733
166 75
206 287
977 305
618 883
124 462
362 825
968 705
480 402
654 40
470 555
835 237
829 353
586 248
92 252
897 372
416 898
217 629
841 749
175 944
455 75
701 995
264 704
280 365
564 175
490 154
671 861
481 528
914 311
674 362
252 93
57 499
228 611
630 699
621 950
499 513
881 799
992 878
290 41
530 685
235 408
44 77
228 805
718 874
720 417
171 345
984 833
673 148
997 522
862 772
126 643
86 830
245 306
26 181
310 404
794 726
857 717
917 581
245 134
707 777
151 206
622 50
184 566
810 256
838 713
430 878
918 647
569 908
94 281
527 815
949 509
803 119
83 136
538 454
224 695
322 693
420 995
710 34
909 416
340 666
736 300
83 126
410 506
14 771
859 482
849 940
202 739
440 918
151 336
457 146
178 749
284 535
633 528
479 254
173 619
934 896
913 238
619 331
357 298
966 773
293 575
716 673
198 247
272 78
975 84
599 948
527 447
424 845
984 637
867 850
602 204
621 467
401 924
991 853
69 617
732 346
504 915
202 174
955 682
506 283
628 596
807 396
73 298
246 480
180 701
412 611
252 8
600 750
498 892
404 176
896 331
789 319
350 296
228 402
23 486
27 107
590 205
409 320
409 513
435 592
249 498
465 948
202 865
454 687
742 95
481 25
107 841
907 442
168 80
750 582
967 818
325 893
446 933
814 203
315 708
294 666
400 82
395 613
455 245
743 788
815 926
282 637
360 561
198 190
883 127
395 896
201 420
848 17
221 960
402 725
965 606
948 675
110 920
261 550
789 870
331 605
931 235
78 785
742 584
139 966
119 869
917 497
591 108
634 665
854 82
854 791
763 554
865 262
989 914
172 279
133 866
282 106
508 33
355 945
8 284
754 796
45 31
821 762
460 200
319 256
797 995
357 854
843 212
905 556
505 189
717 305
101 255
539 216
437 788
812 320
98 118
519 929
532 499
373 224
825 270
455 247
542 675
353 840
872 672
224 334
362 89
258 510
823 467
934 602
775 35
400 315
452 152
603 493
741 582
116 421
874 924
847 905
689 85
512 37
663 153
968 637
918 577
329 606
659 906
12 912
145 882
250 750
770 593
731 392
537 291
700 600
302 250
501 40
170 560
443 409
91 698
351 45
60 758
943 238
546 809
569 479
15 875
276 160
76 543
52 502
572 194
150 768
757 350
606 434
929 333
768 37
553 540
904 677
574 532
141 144
315 379
527 559
592 74
581 131
453 363
198 481
525 668
416 267
437 539
935 920
204 491
762 527
472 131
844 82
483 758
570 458
357 680
752 670
681 488
720 588
88 493
200 713
987 175
878 394
137 541
960 923
987 732
734 488
104 760
938 87
781 601
961 518
696 155
539 902
236 35
754 762
864 594
568 836
513 777
755 342
828 805
173 911
295 170
758 870
677 560
938 281
737 719
720 582
188 459
667 608
213 392
338 158
846 71
880 767
208 75
604 920
997 178
145 30
18 523
638 915
333 214
691 4
388 267
199 695
453 896
881 9
14 709
358 153
871 728
721 121
603 371
338 99
412 369
301 39
831 994
416 693
504 752
505 13
512 348
880 441
600 647
27 814
193 96
456 305
870 762
435 92
566 271
835 267
583 495
666 540
999 337
396 492
4 711
366 987
346 9
22 177
85 153
551 172
148 50
569 95
505 755
973 650
942 510
49 131
263 196
39 954
785 46
288 212
385 96
883 739
647 763
285 529
848 588
148 624
668 837
513 37
352 864
773 673
240 639
837 336
230 380
290 106
60 185
101 239
170 148
903 92
694 585
556 82
751 446
514 614
395 420
24 190
303 777
784 549
367 537
362 599
771 478
635 417
553 242
784 418
521 165
630 119
560 386
317 53
822 999
818 248
431 712
181 767
882 697
780 609
490 375
692 960
19 58
790 610
773 246
896 567
443 613
342 322
523 811
762 16
926 450
282 394
314 448
684 426
407 119
770 951
953 884
454 553
434 132
129 797
561 991
555 823
602 490
35 334
398 757
926 979
18 946
235 947
324 512
177 278
130 153
383 672
571 788
752 547
761 710
925 841
411 238
314 922
507 115
717 787
682 916
201 899
417 27
140 599
42 425
427 303
913 952
426 755
997 617
93 294
379 999
888 756
213 572
536 541
967 878
852 350
505 197
778 389
537 717
461 503
606 647
828 925
432 149
742 602
195 126
265 198
792 116
790 243
985 255
51 991
506 274
587 191
807 532
625 487
107 901
595 955
201 551
181 256
21 850
802 563
94 630
799 441
134 34
37 657
145 898
852 563
794 94
669 948
972 42
226 82
363 857
835 112
781 92
384 43
731 246
69 24
829 273
927 238
670 397
178 819
490 286
811 908
473 478
844 706
32 946
611 861
127 406
399 327
262 90
210 262
757 94
756 834
70 640
236 376
749 823
512 557
256 230
725 677
500 806
479 871
589 937
801 622
415 568
553 373
118 599
543 611
279 42
802 570
525 304
146 155
608 209
91 315
857 122
863 885
354 659
696 667
702 128
722 305
931 942
368 425
250 270
410 126
13 636
925 924
638 749
645 624
366 733
179 52
136 618
369 464
220 863
948 447
438 459
194 847
366 871
517 643
968 601
434 673
250 387
749 451
241 717
62 493
481 555
649 718
858 922
329 533
739 515
574 424
755 191
336 503
586 561
337 770
497 234
401 991
952 474
964 55
626 715
963 402
55 940
646 436
989 335
463 669
257 988
357 83
496 148
834 507
820 555
64 362
237 545
784 887
583 576
804 97
243 600
81 296
308 967
652 290
799 895
37 376
516 283
789 304
410 370
893 634
393 389
736 494
700 291
331 184
127 439
872 168
892 947
984 811
991 718
317 531
891 446
665 736
191 116
38 359
535 869
809 302
234 897
461 180
208 734
350 230
140 98
163 95
808 449
592 28
761 179
211 719
20 29
224 520
616 351
284 251
827 349
181 913
227 790
125 582
536 540
276 125
652 318
352 540
727 789
460 615
559 780
326 281
914 129
869 475
216 787
872 145
658 207
626 48
934 316
589 592
235 750
331 871
600 856
924 67
888 682
11 863
868 574
609 656
767 200
222 819
873 107
972 300
148 142
623 921
532 771
898 770
289 507
19 62
986 540
884 877
883 693
482 480
536 386
708 757
215 644
316 133
490 69
638 771
37 327
624 244
380 723
584 131
668 494
842 21
879 65
372 780
491 636
50 412
263 762
470 901
230 116
801 288
591 580
512 878
908 566
872 797
906 379
48 681
639 82
835 750
43 233
523 277
68 812
52 497
825 658
399 458
830 591
494 109
177 36
711 70
996 197
277 166
862 115
591 655
956 515
373 443
162 727
351 105
407 186
237 894
682 133
396 338
145 27
142 464
621 761
930 55
138 375
789 199
875 15
412 295
136 937
571 121
174 601
534 295
303 934
839 4
341 758
772 400
504 822
805 305
855 145
853 608
971 305
812 347
220 808
318 109
236 472
958 354
791 729
324 714
629 466
226 270
418 922
637 265
504 244
353 195
477 830
762 478
637 70
612 659
466 787
263 14
60 775
839 598
598 482
778 736
999 688
388 873
447 421
463 784
567 727
135 828
974 435
717 950
897 842
39 595
106 900
176 98
56 795
844 710
417 398
110 500
365 74
689 628
714 95
9 962
977 227
284 711
305 91
922 505
364 47
646 916
848 690
807 350
492 955
258 238
84 716
35 440
751 485
599 215
76 4
860 10
220 350
279 874
445 298
112 786
597 501
23 775
382 720
980 181
858 731
271 985
250 440
854 503
549 941
989 285
587 723
581 556
839 544
48 274
122 725
798 528
444 250
760 42
126 513
953 396
948 278
573 706
282 297
722 74
236 22
463 364
950 423
114 989
812 926
688 12
438 706
574 697
504 284
215 837
948 960
909 749
738 74
687 229
269 205
897 570
381 674
974 852
711 157
240 835
306 563
912 521
443 90
319 312
798 15
171 754
539 410
6 691
829 120
645 829
115 357
121 16
805 135
716 499
222 121
990 632
853 485
846 988
155 552
418 969
562 351
349 113
421 815
685 47
447 799
967 227
709 251
101 906
396 686
225 829
52 546
264 226
614 819
475 296
723 726
78 954
743 205
955 948
351 436
951 479
163 540
735 254
262 897
88 184
593 651
672 50
954 862
793 801
993 395
395 707
614 385
491 615
110 411
550 541
915 893
920 105
298 520
477 768
510 738
880 380
288 190
370 403
862 191
138 347
545 166
207 232
784 73
455 810
979 888
437 344
628 385
367 674
996 796
354 110
237 445
450 702
864 591
747 926
943 280
45 935
361 57
228 882
76 463
920 141
849 162
406 732
192 454
987 144
330 642
806 135
246 927
419 316
426 350
790 626
501 688
98 553
853 371
257 206
925 30
213 899
635 258
825 937
794 898
561 201
778 439
744 503
8 599
259 745
909 436
642 745
474 491
274 240
326 840
759 424
861 547
912 920
359 655
566 103
902 191
13 658
958 470
281 883
519 231
456 131
597 694
187 586
2 243
678 375
470 83
65 189
144 375
621 858
151 712
909 67
790 58
231 61
690 408
190 859
987 816
313 217
201 593
881 846
728 819
456 435
257 129
468 175
397 281
812 972
599 964
116 255
983 918
131 59
505 930
873 792
668 543
962 787
333 970
168 375
403 774
134 719
163 413
585 653
255 223
317 246
457 639
910 535
836 887
290 729
18 56
353 657
228 110
305 646
494 835
254 650
787 59
551 70
986 978
695 778
66 941
31 468
79 530
10 629
574 345
720 203
779 978
699 863
344 98
404 249
596 580
998 336
318 49
751 987
864 601
270 387
947 225
826 945
822 367
254 240
550 352
653 370
405 166
144 44
833 303
905 384
201 666
336 270
54 825
574 974
968 997
865 201
483 367
481 583
607 818
574 541
795 177
903 871
611 326
428 148
995 379
103 70
935 109
822 426
574 990
199 245
96 992
502 969
797 255
288 553
287 490
236 947
219 630
976 298
198 714
113 414
624 997
735 558
454 990
202 494
622 758
593 917
207 803
730 141
498 519
230 827
651 7
985 740
835 701
869 14
66 970
902 850
464 366
536 988
573 889
514 694
116 35
652 672
490 15
170 319
207 404
254 875
240 506
330 449
63 999
185 776
702 765
340 878
335 980
220 204
503 282
300 537
45 980
683 262
330 413
682 792
371 44
460 441
576 431
879 650
548 434
255 148
11 445
554 445
423 732
63 199
419 981
199 531
818 56
160 683
154 529
810 266
501 174
854 271
496 497
623 230
27 264
330 258
699 712
463 918
439 880
188 684
334 128
156 604
970 893
815 102
731 757
893 946
313 242
895 389
583 419
517 438
455 791
537 572
322 953
644 44
903 372
186 252
942 339
381 211
397 853
477 150
504 585
394 77
920 31
983 261
491 652
740 24
309 142
542 149
195 731
661 151
22 292
261 876
274 805
394 149
699 415
90 886
742 312
765 660
598 383
567 470
185 707
730 279
21 127
856 13
465 704
807 472
780 943
269 211
783 634
434 478
429 62
629 798
902 279
715 75
784 989
206 977
468 792
747 324
772 980
505 619
951 117
668 95
653 886
625 63
192 813
895 437
409 753
66 62
915 629
548 689
969 55
839 706
617 571
610 503
251 856
107 13
92 504
228 920
79 156
307 785
362 879
717 607
60 598
324 205
464 156
335 955
148 35
873 772
394 466
742 354
351 619
115 404
244 468
14 79
57 135
232 185
959 90
948 689
8 851
62 174
224 387
730 604
569 785
580 705
978 268
596 564
928 898
375 303
364 866
408 287
23 179
477 557
100 138
815 512
619 776
62 863
407 36
473 502
910 603
369 187
454 998
439 132
376 13
330 395
259 847
729 997
116 320
457 447
10 444
916 808
628 627
596 860
177 597
930 664
529 505
872 343
122 19
489 726
419 265
178 306
125 614
611 109
447 616
696 522
179 474
476 200
492 887
391 117
595 469
959 112
880 398
146 74
251 526
729 509
511 873
205 647
409 687
847 656
181 303
644 848
668 289
559 709
498 207
366 477
171 177
684 525
993 578
686 438
455 529
136 705
30 117
594 558
174 588
854 503
971 787
11 794
645 126
978 548
600 16
865 185
919 488
442 540
759 386
720 827
790 91
353 41
626 947
390 384
753 914
349 338
976 179
245 559
761 717
875 810
117 4
499 266
836 15
948 180
803 604
615 938
208 789
623 471
727 675
488 591
741 706
847 752
390 862
883 446
998 650
742 492
876 995
607 462
977 567
896 652
317 608
516 926
542 775
66 257
323 292
260 765
279 525
359 211
88 937
523 786
666 818
888 444
796 939
291 90
986 440
776 361
412 450
12 550
20 953
600 347
483 548
122 792
11 850
648 639
721 306
578 966
49 805
737 131
923 547
305 477
390 833
19 630
773 526
778 619
996 400
926 810
930 549
873 546
807 18
87 805
11 79
584 45
972 567
510 417
994 717
997 261
916 315
956 727
991 264
803 348
124 754
249 61
364 950
382 154
494 773
445 676
250 454
787 992
311 364
352 636
829 104
301 246
74 940
424 356
204 483
269 769
45 76
509 563
592 948
38 354
322 624
955 320
813 918
930 641
483 183
489 619
441 237
544 634
947 354
26 1
689 647
602 471
3 935
170 457
432 998
4 420
794 13
805 13
590 577
206 923
135 827
49 103
976 948
633 123
695 706
59 261
210 72
183 419
692 900
877 586
246 54
464 539
17 108
963 51
807 130
956 411
937 862
822 768
786 548
156 862
591 802
127 589
890 279
850 331
184 3
125 856
676 617
325 57
899 135
564 310
303 826
107 208
799 605
303 73
194 216
16 388
22 972
323 611
642 962
300 567
744 457
175 89
782 249
441 778
239 700
158 110
637 907
481 269
123 546
178 444
618 834
260 711
889 931
318 542
708 705
576 586
383 696
484 367
166 193
26 765
724 821
293 908
882 765
152 729
948 844
758 53
886 186
459 116
809 189
224 567
353 946
695 889
631 174
23 75
793 302
664 764
208 823
575 222
667 421
86 304
539 633
461 998
332 892
197 790
730 936
384 501
702 731
67 465
205 499
372 33
873 148
991 522
797 617
99 369
428 321
813 986
707 358
846 320
438 29
259 98
515 167
872 46
557 344
214 103
620 811
356 907
571 99
139 237
3 171
487 30
997 877
257 886
241 806
784 761
363 556
173 619
194 142
634 99
822 294
277 557
53 330
783 743
543 15
720 906
555 2
76 738
693 979
685 544
934 678
157 922
528 578
190 212
636 144
989 620
762 873
942 119
357 63
593 950
983 258
256 883
563 924
302 528
9 505
985 810
224 273
332 731
246 617
70 947
881 116
239 548
140 442
216 18
896 6
236 541
194 66
463 159
816 540
199 935
213 54
653 821
194 926
877 396
963 920
439 27
331 612
828 298
22 998
290 84
940 174
608 56
416 763
344 607
900 189
727 759
530 856
491 92
875 404
689 357
471 193
952 653
316 94
13 576
942 677
943 445
247 364
140 140
505 205
72 764
69 466
543 573
777 904
697 262
856 281
554 751
856 322
868 671
487 920
376 796
297 366
846 433
7 179
342 402
799 744
29 687
516 274
172 263
479 932
231 975
460 284
147 23
845 549
674 811
259 52
39 764
850 560
701 179
34 305
902 994
147 228
721 613
810 133
542 969
408 242
804 974
193 969
703 127
589 24
638 971
996 476
486 66
382 656
89 529
748 277
251 329
342 391
192 621
706 761
527 640
739 951
435 230
901 149
585 724
789 212
809 503
698 333
430 811
429 436
587 558
188 919
548 504
946 176
55 683
46 663
990 927
267 802
247 687
132 445
49 998
117 270
478 280
552 620
373 202
102 674
268 317
413 800
129 813
336 553
520 609
89 8
878 965
115 69
957 805
461 798
450 952
394 400
444 185
112 792
392 384
865 117
88 116
797 987
680 767
779 254
525 142
281 634
62 600
514 151
177 255
913 133
813 193
181 580
570 782
295 60
579 53
376 311
638 610
165 419
745 155
795 463
116 158
342 764
854 333
437 254
866 562
388 509
631 411
777 367
886 916
40 635
993 898
260 831
757 155
324 360
286 270
674 663
567 767
501 464
524 672
190 500
612 415
305 491
468 79
134 449
58 547
292 860
365 847
63 13
344 84
958 259
84 386
951 636
480 843
954 789
304 635
775 964
79 826
108 566
495 23
692 369
78 647
499 461
153 803
9 795
363 986
967 993
490 190
391 186
979 906
9 879
337 756
659 325
370 925
11 120
969 901
17 862
629 484
381 773
381 7
139 437
631 582
360 163
346 438
151 425
988 235
330 253
668 969
49 602
390 504
564 435
688 909
703 825
411 487
973 866
857 255
109 841
319 747
39 561
317 948
849 659
481 195
865 512
805 944
589 333
681 310
187 547
295 561
950 667
151 633
949 622
479 941
379 96
836 228
902 517
497 304
769 44
362 621
12 79
721 235
406 918
282 114
242 325
28 391
91 491
531 982
616 552
103 202
426 406
32 699
441 209
625 292
121 990
315 323
747 41
555 299
955 471
496 716
733 93
543 670
954 582
876 524
473 291
584 109
396 644
961 775
242 298
339 41
208 930
7 700
431 935
128 997
945 300
61 3
623 685
982 222
377 370
233 670
261 496
490 128
135 937
22 91
300 780
312 407
90 415
372 709
740 816
850 30
471 747
136 958
516 38
811 439
983 265
635 127
869 380
732 131
999 949
572 118
480 452
91 130
405 214
655 167
247 740
602 762
51 595
342 348
579 916
659 700
684 142
988 639
701 783
443 104
696 53
465 814
427 430
594 310
440 229
832 482
82 351
853 585
922 51
867 450
574 583
698 209
101 527
264 648
109 33
483 79
781 727
621 137
788 564
671 140
529 651
641 413
654 889
843 269
708 780
17 473
398 108
142 111
871 962
82 858
814 809
282 766
743 482
978 115
248 196
466 752
376 621
994 599
114 924
530 176
329 512
723 668
844 69
466 920
620 763
911 29
232 173
865 148
224 467
97 779
426 245
821 675
322 334
615 383
975 245
654 333
751 258
20 947
96 411
351 892
912 682
780 461
319 935
890 938
511 77
251 754
411 878
597 790
671 258
29 31
37 767
817 285
760 626
710 907
782 192
98 607
656 363
830 952
35 708
87 192
216 377
427 675
518 518
652 26
186 842
24 144
484 704
522 812
875 646
587 306
676 43
696 579
720 210
976 102
948 169
839 87
263 813
37 852
546 397
213 291
329 320
946 418
950 973
545 2
388 473
734 918
174 305
499 351
187 334
830 321
80 686
182 19
374 881
971 553
587 361
643 904
721 303
586 684
157 690
721 823
321 780
884 163
594 699
388 765
18 836
289 690
913 506
410 857
656 222
732 551
785 878
992 854
955 719
960 86
200 940
233 673
848 425
881 38
539 26
486 428
442 93
130 301
121 920
883 100
628 777
402 504
619 455
883 709
507 307
285 863
58 79
718 467
133 424
558 879
366 398
563 308
577 599
849 150
408 294
60 834
928 139
282 905
757 723
794 752
269 261
139 31
416 691
513 84
464 231
998 169
284 841
963 827
703 52
409 793
71 854
233 498
190 696
865 715
875 622
166 142
885 639
90 547
501 947
713 286
287 686
213 6
951 636
672 108
352 845
323 434
55 193
379 661
557 935
543 55
610 599
121 372
26 934
996 977
306 661
940 619
514 411
500 269
747 68
899 541
771 173
562 762
818 307
165 886
602 977
579 837
891 301
474 711
504 591
61 677
637 986
678 408
399 434
977 699
763 603
845 193
67 953
180 797
256 570
864 624
653 923
460 339
860 14
839 806
158 674
452 257
701 43
706 78
181 475
843 219
767 255
388 747
789 980
778 969
961 583
72 624
813 96
178 927
11 801
558 657
203 256
869 552
587 944
409 457
436 893
733 470
137 382
470 302
717 108
75 842
657 994
152 930
835 101
415 353
779 673
679 394
267 209
714 630
329 98
140 361
38 719
311 1
381 196
414 635
877 417
426 543
335 32
227 579
52 232
408 769
541 386
31 263
267 21
859 852
509 489
34 618
68 677
714 497
846 97
918 63
246 18
92 423
610 84
683 92
436 53
151 300
156 227
915 646
754 186
174 465
575 623
970 405
887 371
678 707
138 80
519 659
598 55
637 229
299 196
554 752
578 894
626 911
576 807
816 482
404 735
870 793
862 459
101 974
835 1
324 191
933 817
599 985
659 79
51 716
681 437
15 533
254 586
76 740
384 397
443 797
992 901
241 244
853 809
560 641
605 410
732 535
999 431
364 434
299 635
110 348
898 576
909 760
987 677
597 411
29 969
977 745
539 135
53 381
255 583
571 691
331 167
744 710
496 743
73 614
718 518
949 484
49 958
475 881
112 995
669 125
567 876
42 672
105 900
278 785
449 143
52 412
567 196
270 957
507 976
290 960
436 476
736 107
349 237
460 393
954 918
505 589
203 188
308 923
328 812
785 291
942 736
504 352
844 559
200 452
64 196
114 932
362 143
329 710
915 492
950 854
295 830
712 207
152 343
305 670
282 826
967 123
683 147
573 509
308 1
323 429
221 524
422 812
559 996
728 794
99 742
939 272
16 825
474 504
494 850
102 51
321 625
395 380
41 606
872 563
15 494
25 972
725 789
408 56
786 256
908 652
124 798
748 426
767 703
355 936
24 808
190 666
35 839
514 294
85 217
822 686
274 974
258 764
986 725
109 589
513 464
421 92
70 474
163 533
208 217
612 996
694 900
440 694
185 441
457 249
889 417
872 322
116 570
17 202
826 46
66 951
192 331
407 985
654 51
255 204
627 93
890 850
491 109
173 246
527 360
178 415
990 817
958 897
5 29
797 466
446 493
257 523
725 77
450 330
147 555
725 17
878 75
33 703
14 590
227 39
941 930
784 575
73 400
295 806
492 823
818 342
829 681
688 446
192 397
846 722
802 79
839 930
835 470
605 878
126 229
387 156
108 4
327 866
318 292
232 661
153 503
737 859
536 575
931 208
259 249
271 980
776 364
768 153
403 351
492 262
869 684
865 970
938 365
552 417
149 830
738 673
920 813
833 584
964 398
13 642
575 14
467 852
405 615
950 481
497 885
218 773
525 48
976 850
739 520
464 392
723 855
953 357
890 650
819 800
78 529
596 437
624 461
607 375
553 707
726 642
18 169
639 918
633 475
841 541
651 95
196 163
212 622
123 172
318 642
319 27
678 677
893 801
509 391
272 125
598 526
738 115
31 884
137 303
1 506
313 21
772 584
35 100
162 456
140 961
443 401
168 603
45 915
545 39
641 61
169 250
630 170
645 683
809 928
283 9
836 479
839 676
963 307
389 952
739 922
409 464
64 592
179 56
942 4
889 242
854 757
850 596
109 154
327 387
448 52
667 152
357 587
306 379
959 211
506 626
264 615
472 157
144 585
91 467
117 51
872 34
649 256
10 539
727 445
252 953
319 633
504 262
195 451
852 318
67 374
675 5
608 416
985 333
207 696
831 107
24 631
175 398
31 31
319 30
844 707
899 437
703 240
235 779
909 702
745 526
500 46
530 94
728 312
248 349
870 798
205 197
186 707
978 889
900 151
303 784
251 95
980 318
507 239
837 108
308 507
962 516
25 249
594 573
95 356
274 520
751 429
311 596
133 805
917 763
960 892
936 48
59 789
234 526
914 735
472 447
351 323
993 752
659 969
215 724
481 583
572 117
209 495
230 763
490 553
262 912
541 378
709 356
344 692
574 505
397 461
545 87
875 774
840 629
265 214
880 192
308 862
461 794
302 233
373 103
915 338
858 624
784 462
545 632
310 370
818 116
969 805
352 379
930 304
712 257
206 352
913 311
384 620
646 323
100 592
475 190
310 409
528 491
6 524
991 995
364 91
132 148
59 220
658 923
620 737
34 185
35 305
882 457
376 210
203 173
5 702
90 81
90 429
349 713
791 696
955 313
181 96
996 485
313 600
614 343
438 649
772 779
691 694
878 904
263 697
415 441
835 355
930 575
387 149
805 331
325 484
968 155
814 797
603 801
999 97
672 41
53 665
167 499
63 638
76 671
8 825
872 916
395 932
707 602
997 564
121 87
911 9
231 276
383 98
641 264
562 434
210 941
276 738
199 910
55 872
160 626
524 718
704 539
559 584
298 483
139 93
617 494
7 772
384 542
72 90
211 242
816 433
475 745
798 838
91 872
869 964
591 545
215 566
769 472
838 585
420 496
404 247
454 80
840 809
767 554
579 685
285 914
547 439
388 100
745 400
568 989
683 332
664 621
767 471
906 835
168 770
651 61
264 297
380 691
825 429
848 213
720 104
131 656
704 922
583 433
281 584
223 325
632 68
210 168
269 427
358 275
737 469
901 66
531 376
997 182
455 268
72 143
554 196
224 821
387 573
533 366
989 108
183 763
599 844
311 252
210 56
571 680
682 486
997 957
549 376
409 317
496 212
210 389
942 906
227 131
278 663
862 452
891 566
281 832
394 175
201 213
468 86
807 514
335 191
464 398
150 149
405 677
854 44
624 158
134 670
797 837
571 442
29 497
365 577
355 836
432 320
993 914
738 369
759 596
680 738
577 268
913 141
771 738
273 999
954 827
468 466
313 479
734 68
665 157
775 507
279 381
327 801
365 684
509 616
449 145
574 878
188 868
579 408
386 959
599 893
276 416
617 624
246 17
748 69
806 292
729 660
7 878
156 635
44 623
480 623
241 714
522 515
380 297
33 964
828 105
101 8
240 581
733 547
673 523
703 582
499 581
492 698
740 958
575 224
262 750
426 134
887 37
197 162
380 688
554 955
964 972
776 863
783 75
977 612
310 134
825 325
279 68
836 802
474 935
114 311
51 427
648 250
344 685
98 79
881 919
963 210
304 187
268 649
525 991
501 720
461 500
74 751
581 702
388 968
226 722
8 87
250 884
662 843
243 15
443 576
227 822
570 694
591 542
104 867
439 395
738 345
531 201
753 64
56 618
355 964
988 621
516 516
36 526
355 162
226 935
305 771
451 674
38 794
572 705
381 873
621 135
290 981
278 394
563 380
241 876
849 896
195 135
365 839
893 437
857 366
86 988
267 983
379 592
630 402
560 449
496 296
261 14
376 494
528 187
651 41
41 432
323 416
214 331
343 900
989 897
441 409
943 394
232 822
403 944
33 782
682 193
565 578
325 580
241 53
165 569
272 993
330 280
901 478
572 247
663 605
482 406
202 410
982 357
599 208
447 860
634 647
842 93
764 889
292 352
727 678
41 647
44 446
232 476
919 401
608 545
975 55
425 255
715 717
853 230
566 747
571 812
354 354
222 859
628 171
949 523
984 948
757 651
679 302
873 326
124 147
872 259
611 10
489 232
646 330
654 198
531 305
146 884
382 750
903 142
771 970
458 861
468 65
576 615
57 124
292 374
479 342
675 312
24 143
3 870
748 468
391 804
109 204
705 888
29 349
765 929
36 627
603 904
229 374
818 795
386 473
976 884
505 85
967 38
209 53
744 733
48 918
312 9
119 501
699 706
765 620
882 805
62 924
834 312
482 826
608 835
615 766
512 136
382 793
4 613
143 232
127 642
124 536
7 85
815 971
900 378
81 341
569 242
379 53
678 598
22 992
145 337
336 114
167 335
475 867
937 524
378 697
520 472
540 124
865 58
732 380
272 376
308 638
424 531
606 771
976 23
829 145
679 93
185 37
821 510
154 774
43 374
981 230
272 858
888 224
467 242
276 413
467 388
729 751
471 999
217 189
592 93
478 501
952 443
366 254
129 314
301 941
296 219
509 779
977 958
401 658
562 124
249 254
822 121
935 695
312 953
868 902
551 343
441 813
662 515
682 701
664 849
981 436
889 516
586 582
61 639
83 443
947 816
572 106
303 714
877 718
621 966
514 539
916 156
903 937
519 263
968 6
895 405
367 562
536 129
809 71
40 728
34 942
88 772
638 156
482 6
633 727
298 119
23 571
659 93
90 779
503 50
760 684
537 888
299 435
776 282
62 192
800 215
790 653
241 157
853 6
457 868
485 238
255 813
123 249
702 645
557 538
319 80
414 939
579 495
155 169
613 465
506 990
154 391
238 501
15 369
996 224
621 702
589 731
906 63
183 742
746 862
281 76
391 492
705 753
884 82
2 650
169 567
433 475
960 276
419 567
529 45
535 882
267 617
496 358
570 806
575 899
920 70
860 175
858 128
347 295
591 580
125 484
872 479
826 982
179 608
696 454
734 966
378 257
33 618
598 457
851 882
710 861
789 343
300 610
182 10
194 581
977 575
112 596
123 332
110 575
248 35
346 269
792 208
440 473
161 684
471 999
212 295
652 622
357 936
232 71
804 400
10 259
120 107
989 248
406 470
460 680
320 282
133 428
614 233
355 683
795 224
109 893
385 61
316 537
332 640
263 9
739 210
767 531
936 707
92 281
842 138
784 581
274 345
968 898
301 436
684 746
770 136
466 31
348 222
822 50
903 314
352 776
209 536
232 420
271 981
867 661
392 680
822 839
295 116
311 698
129 101
893 884
711 991
148 263
978 271
85 43
395 679
27 691
200 150
72 656
462 496
209 251
488 367
739 407
607 847
828 655
129 582
767 797
620 773
903 370
620 503
81 655
976 436
270 232
564 697
280 565
916 682
918 467
654 851
908 894
77 759
616 550
691 165
131 353
148 546
986 165
45 164
974 629
636 694
541 701
295 874
860 694
762 458
339 351
668 872
182 252
27 183
970 282
591 682
439 780
908 447
258 780
933 615
425 759
264 48
354 803
732 284
53 238
23 418
255 218
761 459
195 418
300 91
961 221
191 109
9 700
112 198
295 193
413 940
986 125
953 837
623 668
909 567
910 750
919 102
757 834
984 676
171 841
969 69
870 911
409 510
527 976
634 33
884 679
776 67
929 858
240 681
822 73
151 868
898 477
873 369
621 510
928 101
907 746
868 354
110 539
102 956
704 336
172 613
271 554
184 815
572 222
311 432
631 1
320 101
673 734
823 279
609 6
771 792
828 476
274 351
848 985
684 263
475 831
606 366
14 590
694 380
706 925
39 581
599 213
538 448
606 921
775 693
929 206
148 677
640 936
109 579
460 158
335 625
342 724
977 210
448 942
929 457
749 586
214 325
795 311
70 396
220 113
795 269
939 355
425 745
228 700
634 17
596 933
194 363
474 907
897 795
207 296
688 347
12 209
394 916
375 97
221 405
781 657
754 317
259 924
113 942
709 781
349 978
886 691
980 271
724 632
813 653
527 44
881 957
963 409
280 735
312 660
96 73
642 236
552 168
756 429
583 584
935 837
704 551
862 914
512 19
521 529
830 233
639 116
334 740
587 997
859 866
121 368
445 849
517 448
446 186
638 137
211 860
872 44
459 599
506 15
562 319
438 782
822 248
795 543
378 837
87 859
67 286
725 637
644 859
347 733
3 138
676 577
558 493
536 631
331 404
374 424
666 527
665 929
488 984
770 4
533 932
981 763
788 986
665 280
88 223
374 227
423 530
798 294
761 534
786 878
395 792
192 507
239 918
518 370
682 460
809 294
227 866
293 433
787 959
205 724
415 420
969 370
799 315
509 758
650 598
5 562
765 252
159 398
505 217
757 761
652 658
104 558
924 156
444 886
48 137
518 976
233 351
293 783
552 960
944 301
290 654
258 932
274 512
440 357
82 377
558 399
462 790
27 622
497 356
726 543
931 838
51 840
762 702
910 960
272 551
479 284
222 820
967 821
699 315
209 166
163 182
479 824
19 803
820 413
490 503
926 521
404 227
458 557
359 332
830 840
911 958
490 120
40 994
862 957
504 452
771 850
394 615
695 635
689 55
310 831
291 407
653 484
64 56
507 160
709 340
801 781
118 648
952 664
995 683
966 103
314 597
942 159
294 807
230 770
277 539
215 201
757 420
509 972
536 128
58 404
922 433
8 532
470 708
862 234
105 571
786 65
538 382
485 431
27 359
548 707
133 680
799 591
394 114
215 765
369 245
820 681
847 711
344 902
169 301
312 561
650 979
466 301
757 6
225 785
968 849
198 391
167 465
379 339
279 123
697 421
557 436
165 539
583 396
446 415
677 428
680 686
142 436
940 378
456 791
959 160
187 813
633 424
239 412
680 890
235 246
359 936
829 598
162 627
47 97
504 810
911 305
305 652
305 214
726 703
210 480
641 191
251 276
145 187
59 311
876 158
819 320
582 917
854 131
387 743
903 266
473 863
833 597
463 288
910 997
176 105
167 603
396 123
926 899
101 803
654 462
965 497
720 797
575 636
878 862
516 591
589 186
404 751
803 831
769 976
673 425
109 276
339 462
690 9
938 145
876 571
623 812
397 381
868 962
57 75
644 659
119 606
454 175
688 1
65 643
89 212
204 269
114 364
775 713
76 395
24 737
718 578
767 662
850 43
400 385
65 233
6 688
371 7
676 875
593 473
358 462
473 809
466 636
556 469
829 697
842 839
837 737
234 472
56 245
100 535
132 553
667 263
856 522
761 333
194 82
333 632
588 823
61 682
176 703
949 830
279 319
118 364
446 70
241 787
351 918
323 35
177 498
820 756
345 312
63 782
625 235
952 875
164 56
513 581
192 588
589 37
355 921
842 9
477 710
947 345
494 111
494 312
392 432
457 36
985 439
490 863
270 966
49 54
438 317
748 880
774 684
36 27
919 674
438 529
957 517
253 541
445 468
59 658
573 17
442 861
898 953
22 986
670 289
190 887
596 135
653 971
172 870
923 274
94 270
149 264
301 815
605 991
33 898
135 641
206 98
119 286
1 675
524 954
439 712
303 239
772 791
10 146
734 464
200 642
383 118
289 275
285 462
397 742
503 517
245 721
333 847
605 301
28 50
345 978
704 630
202 181
520 656
437 657
236 56
31 417
138 751
341 610
177 712
788 330
776 315
154 917
129 121
837 948
223 543
100 15
15 120
361 650
824 535
599 383
816 321
655 78
33 52
525 88
985 348
47 100
648 829
944 222
670 144
812 28
495 42
497 427
443 371
87 810
542 998
620 22
817 446
163 765
381 320
969 545
343 254
249 795
908 189
479 843
875 197
14 512
616 866
363 122
977 691
454 696
920 928
525 789
757 228
560 809
200 75
778 443
948 86
300 396
932 977
822 492
880 514
358 658
164 534
798 813
726 917
361 31
602 329
757 197
751 792
768 329
118 562
501 75
626 687
944 94
69 694
902 298
574 615
800 633
938 536
518 126
933 727
589 823
552 645
541 269
747 35
539 550
715 28
643 921
889 614
981 664
684 610
605 800
215 861
793 397
289 561
639 993
305 608
723 632
829 217
425 702
124 999
503 292
207 540
124 526
961 663
352 820
361 49
319 157
7 835
484 144
899 898
200 906
507 62
264 461
344 229
566 924
19 105
170 163
205 852
652 147
240 400
623 29
378 939
646 589
7 612
803 987
552 87
177 833
483 275
914 900
678 329
656 155
188 579
715 843
992 918
937 60
3 168
285 727
334 803
290 665
462 475
390 681
74 801
919 969
587 935
105 73
10 628
90 220
332 908
839 835
16 750
924 668
190 241
339 986
664 71
642 624
547 455
943 246
337 780
372 855
514 705
30 383
930 144
590 70
369 5
872 636
185 826
179 621
534 680
94 335
430 286
18 604
271 449
927 95
979 278
371 978
933 944
9 636
600 737
430 82
987 873
887 335
127 148
588 933
166 408
302 759
946 532
845 943
379 788
408 948
815 189
896 654
103 77
91 418
498 735
909 396
947 206
151 246
176 313
861 131
383 98
679 882
442 572
427 959
689 670
917 763
701 971
489 545
112 297
813 53
292 850
726 585
397 309
124 321
875 538
884 96
883 240
939 372
71 134
575 537
667 263
713 815
212 393
179 658
649 886
532 725
295 107
52 241
80 883
906 206
497 186
540 406
378 242
613 690
287 636
459 454
207 536
859 437
610 859
664 211
773 805
985 112
205 504
980 599
958 795
491 982
445 296
598 739
76 751
736 950
891 531
95 328
895 744
957 865
75 498
646 228
485 127
115 35
469 984
967 225
84 262
446 720
68 777
386 272
683 25
35 119
370 236
735 709
954 906
576 674
115 631
126 749
710 174
146 539
777 576
761 636
105 465
991 533
796 534
868 944
377 114
807 342
538 226
131 278
876 149
639 575
121 542
323 591
289 669
780 43
83 143
10 245
486 350
899 708
51 58
532 479
216 973
82 50
616 952
960 824
552 740
852 305
161 175
839 644
191 331
243 350
628 973
144 270
517 82
718 911
186 455
644 596
680 241
149 901
446 909
224 74
555 765
696 226
843 365
409 596
583 284
955 844
53 970
132 279
990 631
966 120
818 189
422 83
329 30
254 528
782 928
524 329
571 585
274 793
563 992
783 608
110 881
596 439
550 329
163 639
346 590
259 705
86 991
614 108
190 680
419 542
570 662
384 632
681 677
434 223
328 174
961 851
147 324
206 473
559 347
724 677
327 570
333 517
29 615
377 104
61 620
642 88
428 141
457 993
458 332
74 939
437 637
871 91
171 226
377 393
808 229
436 820
865 898
323 412
406 81
153 107
393 340
316 597
64 529
198 931
504 263
501 585
412 31
343 376
690 623
970 264
994 504
621 547
170 935
544 540
297 287
470 119
534 57
679 263
731 470
698 178
653 858
555 299
245 68
121 186
766 976
339 504
28 327
55 518
555 365
693 707
351 852
1 855
803 6
39 323
607 738
151 734
555 624
204 818
772 454
185 397
459 412
942 903
280 821
803 247
98 3
366 149
62 591
173 549
283 16
156 445
971 624
850 137
276 927
468 136
723 960
256 535
298 231
785 889
224 877
485 53
582 229
832 598
256 36
97 325
73 246
395 420
113 678
152 494
101 211
935 838
556 41
264 482
301 45
968 156
67 771
966 397
665 518
698 783
279 583
70 893
713 382
341 395
507 287
723 735
215 613
561 846
265 398
474 660
685 760
939 672
571 970
36 255
334 815
890 808
420 264
5 473
460 606
480 316
663 692
952 386
153 981
498 929
925 125
655 703
103 898
14 549
517 153
85 885
903 964
305 344
926 925
679 771
931 951
202 85
526 58
179 445
538 328
383 318
874 718
664 239
111 827
825 285
378 645
326 888
404 503
406 438
454 128
894 49
654 758
44 584
597 870
238 562
612 128
724 46
839 362
792 663
432 758
206 819
471 268
172 856
132 637
231 839
840 849
78 378
442 905
287 101
52 622
972 973
737 48
556 75
303 515
557 831
381 523
703 595
608 478
258 356
337 165
246 689
772 643
88 965
126 676
372 19
62 788
34 814
679 666
645 473
273 890
202 480
456 769
173 340
469 795
420 107
140 387
25 745
411 388
721 654
754 341
979 450
728 102
688 644
81 312
321 364
188 270
473 614
289 95
276 67
987 776
194 912
442 86
796 796
869 975
547 456
458 366
481 768
252 188
944 126
892 51
600 584
384 858
497 827
2 89
523 778
675 228
696 281
522 411
327 767
665 617
37 578
756 255
272 716
314 8
115 852
317 246
105 203
456 2
547 561
291 646
859 458
205 342
822 295
398 223
591 465
321 836
51 155
176 886
786 428
112 453
168 986
223 752
421 222
280 374
576 429
744 425
825 272
393 711
685 876
255 489
336 362
75 976
553 32
262 665
646 123
574 394
589 110
7 676
887 683
512 227
268 132
583 412
267 697
416 508
441 494
356 168
530 920
364 220
406 606
710 982
584 374
316 479
268 406
106 224
788 745
324 414
704 771
337 107
608 214
417 293
783 245
643 907
740 765
29 878
256 336
942 31
730 53
819 458
882 554
280 312
949 514
368 433
342 479
234 102
647 106
563 110
774 130
859 851
789 623
985 74
914 215
112 222
404 606
503 802
214 66
446 276
318 306
356 243
603 687
722 274
814 409
678 193
337 620
222 509
375 569
648 791
605 831
490 976
704 828
943 134
243 646
906 567
225 892
70 171
561 185
923 910
595 480
596 630
895 324
896 997
341 483
163 930
577 978
278 717
876 970
437 848
102 411
585 150
860 734
819 573
804 353
554 731
176 500
41 446
951 583
250 831
665 763
18 508
277 828
646 32
221 713
19 217
612 349
254 659
5 148
905 841
612 97
932 344
478 642
107 493
352 245
664 608
876 181
373 169
797 390
80 211
764 257
411 402
633 414
442 729
347 632
735 263
670 881
596 735
776 626
391 836
726 913
921 651
65 172
934 29
159 479
428 400
684 689
566 234
234 216
927 448
218 573
262 786
181 100
714 77
205 9
819 104
409 487
767 944
40 180
743 483
176 286
575 313
1 542
987 63
934 486
752 383
361 353
388 197
253 901
469 993
861 190
419 436
335 77
18 751
434 977
899 736
602 265
9 131
742 321
193 654
5 443
511 988
490 818
592 222
284 294
268 775
745 302
437 209
948 893
450 238
624 206
386 724
96 291
892 442
722 271
914 735
80 825
408 546
234 670
809 215
634 484
174 399
657 379
528 32
957 36
26 90
666 541
522 264
927 525
465 455
595 255
177 46
860 676
924 224
699 541
714 53
274 287
256 133
143 499
336 257
658 228
687 886
4 487
484 423
472 24
243 496
350 44
623 679
574 348
8 606
242 613
473 805
902 477
788 260
139 395
429 111
885 109
968 499
55 312
950 643
753 163
320 620
377 508
75 842
24 489
714 389
283 72
864 574
555 628
67 320
941 71
183 842
691 678
798 896
575 353
432 254
819 788
248 101
412 38
977 435
309 279
403 25
54 673
375 951
165 836
309 710
813 643
29 368
557 949
647 633
329 201
613 826
943 742
611 929
831 757
581 535
92 151
232 529
43 891
348 695
732 345
37 40
938 852
82 82
681 690
519 293
31 41
56 630
731 605
642 992
377 843
990 327
740 948
325 989
586 738
488 569
646 32
877 924
805 403
825 218
839 748
454 682
232 601
605 694
345 562
512 414
836 944
177 187
593 172
208 458
112 418
475 921
643 147
81 691
428 696
420 147
25 252
11 452
255 439
115 431
70 73
661 605
469 423
254 971
121 635
137 336
611 735
975 298
403 883
636 690
959 867
653 498
603 802
77 779
987 324
958 539
906 242
600 360
624 648
637 280
135 765
550 578
942 780
334 751
340 517
130 456
786 724
249 208
537 879
447 277
781 849
488 578
221 726
730 131
576 533
765 135
131 629
642 472
395 616
869 599
1 34
481 547
12 98
481 5
126 544
187 381
467 629
465 492
444 470
710 244
582 254
191 827
853 100
713 178
218 852
41 997
140 940
138 255
820 674
194 338
60 354
525 877
909 248
576 269
620 564
54 305
823 10
598 209
39 353
493 577
750 634
528 460
613 146
439 260
745 85
841 19
26 346
617 453
598 699
407 944
53 972
460 621
414 631
554 488
320 581
418 962
549 165
907 463
907 607
221 443
663 600
195 999
570 413
880 233
17 897
604 49
584 74
282 493
72 206
44 846
974 403
36 937
7 742
914 901
217 203
711 537
602 187
304 754
458 848
46 588
657 957
841 53
294 202
756 414
336 58
763 102
964 615
43 482
393 712
668 2
171 299
184 847
262 841
371 759
696 662
779 238
950 274
491 52
955 193
763 268
432 904
776 570
323 563
105 693
475 922
871 628
294 978
871 795
488 363
467 693
558 459
927 400
589 823
241 386
827 346
360 630
814 998
167 754
572 921
659 707
698 240
110 738
857 547
988 188
55 410
966 724
695 611
267 542
752 764
819 97
913 326
827 211
27 279
805 243
227 418
798 266
967 870
70 271
554 612
239 301
816 472
345 343
36 794
919 193
224 415
654 357
813 569
450 101
431 747
92 878
661 605
220 5
748 194
732 20
401 124
324 764
777 807
338 831
76 476
731 411
840 740
571 612
350 330
289 504
656 650
742 200
583 192
8 606
345 595
716 23
484 157
137 746
580 377
516 414
183 664
533 640
536 315
833 640
788 739
593 664
151 588
484 295
197 596
264 608
101 609
58 412
783 245
648 244
969 250
10 850
148 202
785 818
83 37
538 22
145 842
603 656
334 106
498 872
66 462
601 89
399 726
503 334
528 360
945 225
309 355
609 53
101 651
531 867
298 421
85 356
964 541
641 781
292 329
530 20
722 358
369 523
780 884
61 863
349 497
750 404
723 16
85 685
813 684
78 590
126 709
628 841
129 681
743 952
186 278
226 551
315 904
256 437
837 155
546 216
340 741
420 340
825 959
906 158
521 682
991 767
290 407
966 569
913 351
448 395
513 270
263 839
972 651
881 649
90 966
40 790
428 382
215 160
53 566
755 147
300 478
52 385
489 800
768 646
221 939
181 251
575 108
199 245
642 681
494 708
326 455
61 541
257 764
945 968
581 198
948 743
650 817
38 570
536 152
18 218
533 938
646 924
565 462
898 804
514 989
595 62
165 740
906 746
863 714
351 195
466 561
622 64
218 350
740 464
595 608
684 331
704 674
910 193
539 848
456 290
387 804
770 382
528 806
843 648
38 162
213 441
768 256
466 492
174 527
838 908
321 343
785 579
275 628
710 173
106 77
285 517
429 247
262 641
626 363
398 881
657 38
209 835
913 841
747 213
768 545
801 445
77 40
891 891
583 523
510 700
951 431
174 930
283 130
35 121
817 993
579 99
315 521
864 968
981 664
344 844
625 450
508 355
922 710
188 612
641 504
632 113
963 90
240 161
675 86
429 237
277 41
259 137
876 639
646 582
361 25
667 57
954 303
712 932
925 7
561 151
538 821
409 307
502 178
346 593
978 523
392 635
104 272
585 450
199 512
409 732
255 173
639 659
834 987
959 138
991 642
365 565
296 937
18 305
269 294
378 558
191 649
865 559
203 126
928 917
152 763
457 582
908 420
897 184
225 707
342 2
351 992
930 462
754 624
483 247
736 890
6 289
342 736
237 271
767 624
286 369
744 357
388 851
409 738
414 483
950 20
995 228
34 143
362 230
90 692
153 896
673 508
183 351
500 703
968 962
248 916
288 501
178 70
8 235
758 527
741 348
182 55
70 660
687 344
902 981
438 13
355 223
856 817
382 59
842 797
560 5
774 625
645 493
172 205
352 972
284 54
249 648
663 919
903 350
161 335
95 528
478 265
141 53
941 301
670 483
830 714
485 971
77 37
67 660
179 553
174 600
117 769
484 768
983 942
441 840
396 95
105 524
579 997
345 949
169 270
872 73
330 799
560 463
278 487
533 156
491 727
83 372
523 845
944 905
395 506
26 307
720 262
720 814
390 486
715 365
204 795
720 867
984 767
738 16
83 13
979 86
993 885
125 924
84 4
525 554
494 560
146 827
419 910
335 184
525 235
883 500
656 963
737 895
183 548
267 783
377 447
763 335
421 644
135 301
159 959
567 464
524 617
34 724
726 709
402 299
513 248
875 549
213 998
826 612
55 466
655 78
711 120
991 736
796 259
732 43
605 100
889 742
161 530
44 170
440 91
66 489
757 230
219 490
318 707
131 809
394 518
453 901
709 181
522 937
913 404
271 24
927 777
953 168
483 490
414 106
872 717
614 810
786 780
632 534
316 947
431 691
400 778
633 899
261 225
498 792
492 488
168 69
272 894
300 537
274 823
344 494
908 809
33 935
423 533
585 869
208 189
771 423
128 231
190 419
535 780
574 541
59 533
549 255
537 533
572 309
640 685
902 884
876 160
227 410
112 128
405 786
6 496
281 819
116 36
850 361
54 858
15 618
388 954
166 573
621 819
632 559
840 209
926 662
13 139
155 805
745 252
545 819
132 449
834 8
26 386
326 525
297 560
545 972
175 696
411 31
225 329
968 314
224 302
296 325
104 986
433 912
247 182
733 367
658 329
521 241
521 547
979 570
363 638
583 876
286 114
606 338
820 15
779 441
49 110
117 199
950 87
292 216
272 358
486 961
530 373
355 258
688 241
978 131
379 733
263 128
393 191
852 11
424 816
128 336
719 456
489 18
387 169
892 393
453 168
848 318
373 753
93 86
944 618
673 47
992 646
54 874
863 288
785 682
974 738
893 48
291 732
352 475
354 724
764 190
40 598
683 56
172 837
948 933
633 745
982 82
848 439
284 17
93 777
886 264
380 329
802 98
752 842
163 416
857 380
608 855
277 54
171 108
458 43
784 490
312 122
359 389
721 232
971 529
876 595
704 577
935 386
69 239
595 902
360 269
376 168
383 661
63 539
724 282
294 611
495 945
57 937
551 793
650 651
821 594
795 453
406 383
516 641
569 513
651 910
797 380
629 262
565 239
510 680
654 237
278 224
249 971
630 516
42 329
996 504
358 816
921 619
605 526
794 910
753 216
563 666
499 163
406 526
957 374
991 151
236 480
543 162
16 317
103 714
146 55
224 509
906 46
212 238
486 606
846 610
628 35
197 384
206 999
406 670
414 855
813 862
789 284
971 713
425 130
583 263
830 617
37 576
843 434
145 8
407 416
25 577
294 359
431 466
954 482
585 76
925 95
449 85
212 245
728 955
685 733
871 655
252 228
764 569
456 426
151 649
947 962
668 872
84 740
908 685
114 404
953 815
653 396
306 240
683 706
535 501
323 47
835 571
188 318
54 998
868 712
664 22
125 738
450 740
561 879
115 868
491 414
389 94
883 839
641 80
404 206
85 358
646 395
724 578
963 548
659 404
67 41
229 675
504 485
242 967
824 829
289 662
733 298
65 882
349 799
12 299
655 305
599 653
990 675
593 116
47 28
187 139
718 182
486 571
776 768
341 89
520 369
109 261
100 176
512 675
714 27
258 576
470 312
550 138
510 206
231 38
179 432
727 183
793 581
375 581
504 919
469 842
821 188
628 734
529 606
741 967
826 922
994 310
657 393
484 322
524 162
737 288
531 383
541 49
33 149
547 170
376 36
430 246
549 361
412 472
130 524
130 321
191 584
170 838
86 507
316 186
288 707
595 737
550 888
491 715
380 724
580 547
549 728
803 318
689 677
697 584
656 26
101 78
553 531
756 672
258 3
477 790
890 702
326 819
435 984
774 744
830 631
585 732
212 781
78 238
383 497
586 532
966 473
292 528
242 445
100 649
202 848
428 770
440 197
914 846
952 462
648 118
887 785
195 277
927 33
117 482
828 58
876 511
230 55
184 196
55 464
221 48
64 117
406 217
360 115
232 445
301 634
191 286
987 199
136 390
157 289
157 919
614 85
821 404
537 709
811 307
834 996
364 398
238 212
884 825
24 102
995 977
305 757
292 864
476 272
203 6
80 979
452 150
155 733
89 896
774 978
54 937
78 297
411 837
592 813
845 552
285 533
19 651
744 642
96 466
706 382
240 368
509 700
167 55
141 99
758 270
241 115
124 905
699 686
315 908
303 678
242 873
288 3
19 297
373 245
685 257
748 722
283 278
173 283
124 940
784 576
590 432
627 185
801 719
981 713
804 127
209 365
172 622
964 601
233 741
353 764
670 9
5 590
957 4
821 347
702 269
826 962
472 185
670 575
98 279
98 997
872 91
641 204
284 75
534 263
353 763
565 215
42 739
984 183
603 180
353 43
483 165
495 550
995 4
951 313
859 38
119 886
862 372
251 351
973 785
636 729
621 129
491 433
494 713
804 21
668 550
341 326
238 522
760 506
558 874
814 157
749 589
778 992
467 563
103 818
679 973
490 206
470 292
691 794
696 803
850 763
539 16
370 55
6 689
752 691
184 342
665 909
728 124
775 808
561 236
745 488
223 726
252 71
433 279
525 444
900 116
80 141
376 175
977 176
191 320
379 459
709 538
171 517
60 646
672 757
638 886
264 201
720 73
892 36
9 160
787 770
992 787
794 770
236 354
920 315
763 189
444 32
410 342
41 245
506 501
708 276
547 449
858 270
836 804
79 613
35 916
