95 456
88 69 52636
6 1 46092
64 28 389463
51 47 121511
80 63 910965
68 69 869282
84 11 499573
70 32 230291
62 11 755950
10 35 783326
21 40 974509
81 84 818612
71 18 422980
29 74 478980
58 43 998560
39 37 754590
66 88 198330
49 13 714686
60 70 991751
53 60 531941
94 12 875877
9 89 281793
54 44 115103
18 35 97917
88 23 195910
52 77 217248
11 57 490332
84 54 998031
55 5 308760
69 65 161160
51 60 579952
3 81 343169
3 62 425921
18 89 365319
92 13 53094
88 35 841916
68 26 460093
83 66 415329
85 89 119780
7 94 739493
74 61 395314
34 93 503256
78 36 606772
2 10 981854
16 38 603411
5 45 823702
1 64 666235
13 46 756916
13 72 521442
6 51 714892
57 8 178652
3 61 55551
76 15 503925
35 70 962680
35 91 773598
85 68 523995
16 19 745687
58 20 197818
88 4 130009
93 59 637101
31 73 203523
89 4 187565
56 4 849365
27 23 527962
86 18 223064
30 40 362536
71 83 381519
94 39 767591
41 3 9348
57 66 892275
32 25 784523
51 85 727514
28 62 915738
15 83 928143
43 26 796578
38 19 990481
69 30 345678
44 40 702204
54 23 206025
8 42 745003
78 48 202513
61 93 895820
9 54 634511
29 85 921029
14 80 943863
16 67 83070
38 27 698421
69 70 872913
75 21 77944
44 14 238276
64 17 939523
36 59 329765
82 2 723722
28 89 85035
70 52 186835
77 29 275454
66 91 382714
59 62 833937
47 4 950202
19 79 383744
7 86 919578
13 12 787382
58 75 767918
24 86 981251
4 51 123449
63 73 290402
46 16 258840
72 61 761786
76 60 873949
25 57 959105
42 4 271212
94 85 177056
47 32 719323
3 85 192043
32 53 690649
84 80 819437
77 43 464055
81 45 863549
31 70 841367
32 27 157508
82 32 825079
10 17 127991
91 62 745656
86 64 148067
75 53 867686
15 79 80866
65 52 284968
88 12 105358
60 18 527305
25 39 886313
25 27 352827
40 18 302489
59 93 647307
39 76 487508
48 30 205151
48 35 119802
76 29 134398
36 76 665311
29 90 638439
77 34 822168
20 43 110659
12 52 258890
70 48 231750
9 59 744336
9 62 191751
81 73 630555
8 62 987825
51 46 224516
87 68 955544
38 58 889081
16 88 551712
77 95 204539
88 61 873252
17 56 70498
54 30 719919
73 39 537589
56 47 846263
14 88 116084
40 46 639541
64 79 101117
16 1 764313
32 45 183126
19 50 99901
4 15 320488
55 83 298627
83 71 674484
16 77 453724
56 16 592657
39 48 880705
39 33 535857
75 19 694495
48 63 367832
58 24 860120
90 63 164089
17 7 981926
83 68 156959
18 28 73707
71 37 58745
21 58 748056
57 56 506517
92 45 988347
50 85 299856
90 4 109396
63 64 479023
19 89 907876
90 50 728712
60 2 256800
69 7 157405
62 69 37628
73 36 618796
10 9 535263
86 44 205072
35 47 640610
18 84 494261
88 82 18843
88 45 95989
16 91 316663
12 60 641346
20 21 219219
33 72 367174
80 47 306941
13 21 794381
8 90 301406
92 35 754735
53 79 28176
33 25 743277
12 46 589160
89 59 76905
18 3 100006
48 91 834947
28 89 922515
49 28 274379
76 86 510830
57 54 937440
47 43 211475
66 45 650222
60 94 564278
2 41 418908
3 56 713662
57 51 660296
39 32 926899
76 17 794560
39 59 577613
40 71 711790
19 69 773501
64 53 158055
2 51 613826
93 1 52240
78 79 514186
59 68 593328
24 85 124038
55 69 181232
79 20 83776
1 78 222754
90 29 128523
90 88 206690
32 67 229969
9 46 569557
87 24 922700
82 82 966989
11 84 838656
63 6 854908
20 48 995693
48 61 402056
55 9 613878
91 39 867323
48 37 91436
72 46 89888
93 17 394325
62 34 987698
83 91 52814
4 34 242406
3 60 121149
69 67 560634
73 42 143570
58 46 328791
79 16 305840
12 94 103189
27 42 72794
37 30 825375
17 78 11079
87 44 993877
21 6 811190
44 11 518927
48 6 444926
57 74 867238
4 34 312447
8 33 938705
33 21 522827
84 12 61228
31 79 281764
42 73 590641
82 28 712162
27 33 504675
84 64 167775
21 47 380323
50 53 408196
49 80 800990
61 17 798908
18 25 377510
38 64 9917
69 70 975749
93 81 743271
71 12 985601
86 82 743037
92 42 142809
29 85 342798
47 66 140762
66 67 6110
10 89 221663
45 26 30438
53 79 285745
40 50 130959
91 31 72138
52 11 804682
19 57 736090
94 67 58134
85 82 71507
60 65 410685
48 76 132333
79 43 14614
53 41 412282
34 48 839464
16 74 641221
29 81 481411
46 42 321040
87 80 628029
31 42 246876
69 40 328224
82 17 881314
65 69 789241
82 57 431747
12 11 925416
66 65 905292
27 11 925852
33 49 647070
89 43 522406
23 68 838505
67 27 516019
33 45 993207
26 42 270210
88 19 309162
35 63 648255
53 18 444914
26 39 538806
11 77 8352
62 30 401469
78 16 197823
58 11 987032
28 40 370149
74 89 247493
68 37 488127
1 37 423140
93 77 721132
7 88 744224
33 52 1088
71 26 894698
82 46 409437
22 7 379319
62 38 68378
93 12 89185
64 32 106713
60 84 363131
15 79 514639
33 20 286737
73 62 629801
12 28 471484
23 7 752828
19 43 101211
95 95 376101
21 21 501454
21 32 342036
37 39 367973
92 80 881833
49 6 920697
54 70 938657
62 59 618081
86 74 906111
90 43 132955
90 47 366704
10 62 753147
48 87 741833
45 21 153819
74 32 217
45 75 661888
93 59 102994
51 8 74201
68 50 716352
23 67 463252
28 70 647470
74 84 313164
9 8 805141
31 49 488715
14 74 526186
69 45 735847
68 83 427445
18 74 621390
26 25 505106
93 37 56145
36 57 840360
73 74 420064
30 15 395845
82 91 365363
74 80 700369
65 68 702843
20 22 852763
89 48 440788
33 50 565933
28 38 807277
67 24 397736
37 29 633849
39 61 552426
18 9 678545
52 77 715498
12 62 688325
68 12 179992
55 48 179643
32 7 50797
40 44 321055
67 68 107343
14 28 719465
59 51 428419
12 55 357811
57 3 715561
36 78 768941
30 10 960816
77 77 179347
45 77 131891
87 39 458999
82 85 449633
20 69 48294
21 8 691456
85 22 81825
9 69 363705
81 54 107178
90 50 935247
85 78 238411
13 40 417486
52 13 512884
10 5 910134
80 67 166068
52 8 356121
9 45 338749
67 28 799129
23 50 285215
47 80 670745
29 64 6442
23 47 84471
18 18 92543
30 69 809708
74 50 737222
68 94 568567
46 59 366894
83 58 873340
69 32 572388
86 36 216164
4 10 453685
7 34 765978
70 54 104225
8 47 905573
49 84 933207
74 1 13608
12 80 963889
51 51 698462
70 40 869931
19 55 202879
23 8 300877
78 13 352224
51 38 224004
80 3 453945
5 6 85355
83 62 815365
87 2 360083
76 3 863233
81 3 731904
65 76 388335
