46 629
23 20 866057
35 10 191267
43 41 867536
3 43 79277
39 44 696564
13 29 914786
44 38 780526
14 18 165298
12 32 546104
26 11 820292
25 6 128854
7 32 212997
13 19 780206
27 14 805851
16 2 699539
28 11 636055
38 24 747135
14 12 582409
31 39 821614
36 5 561215
3 14 939242
28 5 809096
11 40 902950
32 5 513379
37 26 223464
3 46 298081
20 11 359256
46 26 402380
12 7 682897
35 2 743512
6 21 758137
4 3 768462
17 33 173262
37 38 316182
31 32 100982
4 11 729761
10 36 676434
26 7 259309
8 37 467041
21 13 163954
23 42 370105
39 32 299024
19 39 737584
38 30 780549
20 2 687864
6 31 485704
25 14 405970
13 9 286873
29 26 803991
6 30 930778
41 28 540577
22 17 28175
3 36 85459
45 30 335757
14 40 977599
19 8 700210
32 4 911505
6 29 954802
17 30 741521
26 43 592327
14 15 405844
28 31 741897
11 14 527875
46 39 240534
40 38 457448
22 4 635948
23 46 115430
38 39 144022
24 23 900256
40 33 872449
2 26 258137
43 5 379296
6 43 632664
19 1 626950
18 44 482035
16 1 267936
45 27 160372
41 42 533057
22 36 406557
22 12 90450
16 18 405535
46 1 801048
14 19 791519
40 9 632792
32 13 322773
39 17 338694
3 8 379563
28 20 984242
42 30 875787
46 3 677757
37 33 597662
39 28 282734
13 24 771323
42 8 768939
26 15 260404
14 27 300715
7 25 938839
10 35 677070
41 4 189015
46 18 430702
7 21 195887
25 8 642019
29 33 197574
5 7 482229
20 17 12091
25 43 361851
1 9 429185
40 43 344857
15 41 628957
32 29 49088
18 31 662965
25 24 322116
38 22 538282
24 36 900304
21 14 356723
30 44 212371
4 29 467383
24 22 657809
18 20 879021
32 26 841105
42 39 585525
27 9 855906
19 44 336384
10 17 246416
15 9 634493
3 10 59516
7 32 649673
23 46 730345
19 26 249506
2 4 76964
2 20 592371
27 27 839364
14 40 646384
42 46 108705
9 19 52131
39 25 978056
28 29 825652
30 6 373910
16 33 406896
37 36 217182
7 29 244068
14 29 446626
11 27 250012
20 33 849690
5 1 478945
31 29 636513
6 36 663007
27 15 606880
25 31 917588
31 28 553877
37 11 940049
30 30 994492
20 32 631952
17 36 746348
45 3 659951
28 4 955591
25 12 788820
41 37 631517
17 22 244868
9 22 68321
33 17 451470
39 31 557874
16 38 239704
4 42 186338
14 20 74989
20 5 903914
29 15 993377
45 7 500666
17 33 848535
36 12 726177
10 15 564529
37 28 137701
16 22 874902
7 12 281309
37 19 478510
26 27 455342
14 12 837214
43 3 485692
29 43 28497
43 7 51338
34 43 609921
43 7 695635
1 25 272243
35 12 56084
2 8 305376
43 21 979118
11 14 739323
46 33 635330
23 23 100225
45 41 937686
14 45 549115
22 45 150454
28 21 983924
22 14 88131
39 32 994799
1 23 551881
14 45 725281
12 46 687127
26 27 167364
40 46 44640
33 24 653726
4 24 644618
8 39 391065
6 11 944720
35 9 774863
18 37 887605
36 32 698294
1 12 658635
23 42 271550
33 23 100714
5 25 408011
8 6 996722
18 33 211476
4 1 827853
17 24 928070
26 26 197893
18 23 332345
8 31 932664
43 19 371785
12 21 103115
19 11 645645
25 26 518216
4 7 458608
2 46 801013
3 44 184555
40 38 177556
11 24 851768
27 42 815911
15 15 72637
1 20 892361
8 15 125271
22 27 283736
40 27 679715
17 23 872229
31 4 531349
12 13 284927
1 23 529683
37 10 377757
1 38 625813
41 18 362138
44 41 226925
31 14 912603
36 10 689805
26 26 640478
11 7 103632
36 29 494126
40 20 520844
25 7 723944
44 21 148748
43 44 243626
6 35 231319
35 36 855702
14 17 943458
41 31 709929
23 23 419721
22 10 940347
15 29 646736
35 26 878904
16 26 325257
27 22 424250
23 17 768426
5 18 33154
30 37 636194
13 37 684794
16 39 309059
29 23 529451
24 39 128031
14 20 293720
7 6 472795
27 8 856116
13 2 400457
18 31 208980
46 27 299980
40 19 58112
36 6 838394
36 26 311537
6 43 588001
8 2 65554
45 36 867153
32 28 32013
33 22 978108
6 26 80574
41 27 30355
4 16 341968
26 45 546252
32 6 643575
40 13 353675
7 27 916506
37 19 314546
20 43 967982
16 30 650245
12 20 974881
20 13 12263
15 19 474782
25 35 677536
38 4 987298
45 45 234871
28 45 737606
36 39 814878
24 41 486243
22 5 966862
24 28 539095
40 36 450427
2 13 269835
15 26 350507
7 17 853669
43 9 523533
26 11 985216
6 35 317485
16 21 116527
32 27 633446
3 20 569124
12 32 451240
22 43 449680
30 34 393032
2 4 524022
46 21 971882
22 2 435551
31 2 432345
2 42 83987
9 23 856100
9 44 980646
42 3 359216
42 28 972758
24 31 408161
4 5 553538
4 26 397259
19 46 75199
17 37 788327
45 33 357638
5 9 577900
9 18 341145
10 41 641487
16 1 82859
43 1 530594
16 20 975176
31 42 436836
13 41 375753
39 1 135100
2 38 967855
44 6 539053
33 40 513098
33 41 593180
31 38 920210
44 31 341241
21 9 398433
31 11 655372
2 2 63821
9 24 767972
4 18 866567
9 43 711316
27 16 735982
41 9 538421
24 14 154355
18 21 977286
10 19 567048
22 46 131952
4 27 666328
14 5 957508
21 40 112439
24 29 622054
28 3 444119
33 32 276822
19 20 984180
13 10 944981
21 11 149828
37 23 947635
10 16 814296
22 17 685632
4 40 739838
34 39 368520
45 18 77655
41 45 814625
26 9 181234
40 45 685114
7 20 368806
16 26 846772
40 4 901944
40 3 844277
5 23 591375
21 13 335667
12 14 58689
31 46 841008
43 37 652029
16 12 277627
6 16 761575
39 16 140029
18 17 770267
37 19 659804
37 11 712336
24 38 174833
25 12 64210
35 33 336162
4 29 844821
17 32 455082
8 14 114146
37 24 526623
24 40 784545
3 30 788972
42 43 406473
39 8 866878
11 29 740143
8 20 185364
17 5 293205
33 7 504457
20 28 355208
19 5 272967
1 18 27940
18 36 738201
7 25 330978
15 12 720205
32 21 182430
45 5 448279
8 45 694638
9 30 893328
3 17 645455
8 1 321102
44 34 18360
38 14 750486
17 11 794285
9 14 74034
8 24 632219
21 11 160751
31 1 582606
38 11 930752
15 36 320965
33 5 203516
17 37 287511
8 21 281829
1 39 427252
33 17 416703
21 43 949351
10 42 483034
29 29 327751
7 28 500523
12 19 825234
15 36 928919
13 3 109449
4 38 974599
20 33 658993
3 8 788324
14 9 590468
8 19 694040
32 7 374989
28 5 318329
40 45 465787
34 20 668594
39 5 577241
12 35 575910
12 19 79925
2 34 800307
32 23 755069
3 44 565988
1 18 75726
11 1 8306
5 6 480364
46 5 129872
43 17 851759
7 41 533430
44 37 402962
7 38 319620
16 40 594841
26 17 225494
32 15 701039
18 41 51102
10 16 159190
36 39 431884
15 26 378683
41 32 137190
2 21 284189
14 10 366690
6 2 862145
10 42 789536
16 13 40310
23 42 171098
44 35 809007
44 3 389197
45 37 430912
35 28 918883
40 13 555418
8 1 653284
17 11 517478
21 13 430841
23 40 182304
22 31 955367
2 33 76290
41 26 352472
5 29 167479
42 45 130303
1 31 550041
36 44 558611
22 18 534865
32 6 685460
41 45 58743
28 40 253953
26 29 831
32 14 212511
37 18 609903
4 44 943379
41 25 737715
44 1 297290
37 4 915017
6 37 866284
17 24 446252
14 10 41138
16 23 834658
34 45 803710
13 27 799828
33 12 34713
31 3 204271
35 21 267830
42 21 185723
34 20 599358
26 15 267097
13 46 249094
29 24 775148
46 1 294234
19 37 541470
22 35 110812
10 8 435936
21 8 579253
13 42 120226
21 10 819976
16 22 480641
33 38 601810
27 23 222193
25 15 717456
32 33 189178
39 5 703507
38 34 79625
45 12 371004
43 21 222829
34 44 301853
28 17 45760
22 42 217218
31 39 20640
4 42 667203
28 5 504037
14 5 873314
18 5 419188
21 22 52661
17 24 969782
9 11 913816
26 24 918775
22 18 176891
38 13 658708
41 3 237379
46 23 736970
13 35 528947
40 32 250154
24 28 948686
11 23 579737
20 19 142866
9 5 581149
39 35 922586
35 36 239544
38 40 108346
26 36 703341
12 13 476380
42 7 161651
13 25 478497
8 14 402143
8 15 843343
13 7 340912
2 42 315868
43 36 201941
1 15 648162
7 18 108296
29 5 238438
4 21 90228
44 2 468212
28 35 405244
35 18 711705
44 27 892686
6 5 709362
18 20 954477
45 27 334544
5 24 579039
40 36 173471
31 7 168378
2 39 636319
8 7 550556
15 30 947412
5 20 246961
38 2 295033
17 21 402118
23 39 985647
31 25 540932
36 44 467361
25 36 840257
38 41 376275
3 33 862027
35 40 815449
32 34 901560
38 20 668992
13 4 199936
3 12 27620
15 16 978596
38 22 470731
39 8 437284
44 39 110461
12 22 850394
39 22 42530
36 18 219683
4 30 207510
16 23 50662
32 6 264935
22 44 187653
16 20 886929
6 25 392507
31 29 16847
39 15 615973
35 31 23710
43 25 762446
36 46 351472
25 41 941822
39 41 927291
28 15 282570
23 16 261580
17 9 925304
21 44 581441
12 37 951556
17 34 140839
36 46 653872
40 15 560768
9 34 955448
34 1 649327
21 46 644683
9 43 838645
