21 797
16 11 373939
14 12 178752
6 16 608531
2 6 992517
15 9 361830
18 2 189900
10 21 583985
11 4 78690
12 7 222185
16 5 627075
17 7 729607
13 9 902054
5 18 419831
16 18 898419
3 6 183294
18 3 54324
2 10 950382
13 14 342189
4 1 863622
1 3 277367
12 3 360711
3 10 252696
9 3 56118
12 5 681333
11 8 930191
18 13 585576
18 19 245005
4 10 797616
13 14 62728
20 17 611388
10 11 717284
1 5 956267
8 1 901396
11 7 526653
18 17 33973
3 18 716704
10 16 841515
18 19 285982
12 10 853617
17 3 435756
9 16 640777
19 19 139426
21 7 178271
17 14 548494
14 8 771198
21 19 494780
14 11 334697
16 7 173771
3 7 946165
2 1 924981
12 2 584844
3 3 943229
21 3 813293
2 10 417045
2 12 916328
14 7 158083
20 17 159846
4 18 445507
6 14 735387
21 21 378719
20 1 20924
16 21 494156
8 4 94455
5 8 674894
14 12 391698
9 8 600524
8 18 689762
17 15 203399
11 5 552723
19 1 225209
14 7 973716
4 9 378054
18 5 315109
11 1 730089
18 9 26636
11 18 149897
19 18 875877
21 17 766606
10 12 202312
17 3 134507
21 17 990320
13 20 65880
8 21 861391
3 10 914151
17 20 116007
7 2 651319
8 11 128119
11 9 254749
4 18 51976
12 11 700874
20 6 435078
16 15 901791
14 21 687099
9 16 109952
14 12 440220
3 6 254839
1 5 286589
4 9 980747
16 19 367542
17 15 36406
2 4 703591
21 17 96589
1 17 825133
18 5 645001
9 5 587510
12 17 61399
17 13 561327
17 1 25295
9 6 569144
3 13 123347
9 12 9615
8 21 999782
13 20 224981
10 11 643031
10 6 229741
11 13 332221
9 19 347966
15 12 293150
19 6 671729
4 4 223999
9 8 514582
15 4 834391
5 10 404201
20 6 242864
3 15 577187
10 21 353227
5 10 59388
4 13 473541
11 2 95940
8 3 2029
21 7 691543
16 20 792263
20 8 335608
19 9 434112
20 6 494242
15 14 412561
1 12 83337
11 18 931601
7 10 874207
6 16 768634
5 9 692830
5 10 270037
11 8 813259
1 7 448276
20 18 93899
1 17 507106
21 1 271785
17 17 160755
17 3 304673
16 3 115949
5 7 680204
2 2 272789
14 15 276593
11 2 555771
12 10 934039
1 9 685648
12 14 433313
13 6 813346
16 21 680624
3 6 136241
6 2 785858
19 19 736748
14 10 290023
2 6 691262
7 16 948929
19 11 643431
11 21 299665
20 10 73864
18 7 753685
11 15 304595
10 14 180892
14 2 266457
10 2 15078
19 10 284710
14 18 608333
10 9 103865
21 5 106964
13 7 738080
10 1 271340
16 5 755060
14 2 421687
14 3 130295
12 14 32119
2 8 495131
19 21 593834
13 11 304243
9 2 868925
19 19 920657
12 20 121603
17 21 143499
2 9 680485
3 10 938046
12 5 287894
12 17 492104
1 18 208593
16 6 205496
5 1 679447
10 4 751296
7 3 694968
9 6 535869
9 19 32476
6 10 202739
15 5 964895
18 6 264497
21 20 132193
14 1 905232
10 15 994491
4 13 26126
2 13 52392
15 7 328151
12 12 952909
11 9 840578
16 10 31675
16 15 759183
9 9 37383
21 21 104514
16 8 203723
14 10 679885
13 19 49313
21 15 449932
16 11 194870
11 12 617785
12 9 170011
11 12 451697
15 11 751297
13 2 775987
17 19 390390
21 19 550127
18 15 449236
3 5 543655
5 1 328801
13 19 491700
6 17 409226
19 10 397185
3 20 4902
18 20 285851
6 9 984178
13 8 963282
8 20 182723
1 7 216575
10 7 790060
18 4 359470
16 19 798771
9 8 607584
20 4 201673
15 7 660236
14 9 778605
3 21 827714
15 2 991092
2 1 475408
7 17 286295
14 5 741471
3 21 703293
4 13 39558
12 3 720839
2 20 536797
9 16 147933
20 5 595441
4 5 736427
10 10 664128
15 3 695015
1 15 963791
17 9 937046
3 5 588145
18 9 918226
18 7 485908
20 14 63141
5 11 639630
7 12 290068
1 12 410506
8 3 849898
17 13 994837
9 20 550310
17 6 881400
6 13 168976
8 15 672908
10 18 664758
21 3 43518
10 12 652729
8 10 125805
15 20 8438
1 16 48196
21 3 56259
7 15 761476
3 20 770400
4 2 421695
17 4 879451
7 6 629821
8 6 17305
18 12 18780
8 14 795499
17 5 831188
9 17 315778
17 14 166322
16 7 881250
5 3 928807
7 7 825244
8 7 811587
9 10 15184
13 15 562798
7 4 2715
10 9 568584
11 5 963427
1 16 64301
8 4 600616
2 21 898572
12 15 199228
11 16 519662
10 21 170004
21 10 279964
7 16 189964
8 5 556139
4 18 712312
15 15 555076
4 5 111613
2 21 940079
16 19 450684
5 11 755155
16 14 324885
16 19 462662
5 15 940954
14 10 978586
9 17 595824
20 14 474568
16 8 278978
6 1 966705
10 10 607108
10 19 523628
19 3 835671
13 5 33193
4 16 735068
5 1 571702
9 14 833997
3 5 8100
7 18 428699
11 9 893215
10 6 715528
11 16 124529
8 18 332851
5 15 19419
5 18 150986
15 21 564730
1 21 950525
21 9 893264
18 18 527189
6 6 98834
6 11 781924
10 10 492348
15 19 827183
17 20 908159
10 1 226619
15 10 276578
16 16 499816
10 3 701095
1 20 147364
5 16 361185
12 11 459475
19 13 960901
19 9 558875
18 11 70636
17 17 578143
9 8 527699
4 6 303725
17 5 836467
4 6 687129
2 19 758102
7 14 527479
12 7 114583
6 20 75963
14 17 769832
14 12 881260
10 18 535508
3 11 857920
5 3 851379
20 6 985164
17 5 304602
12 18 512026
17 3 951112
6 17 373880
2 4 430316
10 14 800010
7 7 540273
1 17 153865
5 21 894022
8 11 1002
4 3 715328
6 19 211047
19 14 576078
17 9 735904
5 9 595463
9 16 244936
16 12 189645
18 18 128405
2 6 653809
4 16 569261
18 13 698417
13 3 962255
3 11 292981
5 9 516021
8 6 67209
11 5 400539
18 20 232728
21 13 161406
15 6 339509
11 8 333741
12 9 978936
5 16 45883
17 5 811521
9 6 156352
1 4 759172
7 9 708179
19 20 927755
6 15 927078
13 17 5631
17 20 414192
8 8 990581
6 18 8530
5 17 943220
10 12 490996
2 17 539641
14 2 165108
8 20 183109
19 5 246533
17 20 636257
1 6 43639
6 8 528483
2 21 893815
15 3 88224
2 20 16646
7 12 450511
14 3 87690
11 12 209993
18 19 315388
19 20 933006
3 11 354260
17 18 919736
15 14 903418
17 13 792519
16 19 37812
18 18 5565
20 17 993419
8 13 154381
2 14 585939
21 20 955447
16 10 260996
10 5 67945
20 10 539862
9 14 129415
18 7 757313
16 14 589420
2 5 833817
20 12 195316
20 8 298661
17 19 456185
17 1 897034
1 5 383959
21 13 713991
14 16 364136
14 4 425396
13 2 533621
3 13 564702
21 3 305389
18 3 222290
2 9 629750
9 2 949247
4 21 161282
2 3 323714
9 7 717352
8 18 544523
12 18 593573
1 6 710622
11 21 823709
15 8 793641
9 8 875527
9 15 974288
14 14 534517
11 19 558263
3 2 720623
7 21 918425
17 14 613169
15 15 522297
15 10 414376
16 19 63483
13 16 279996
12 18 243614
4 10 549398
21 21 920071
16 20 202699
6 16 553914
18 9 333296
7 4 897976
20 14 111897
13 15 881
8 5 409582
20 17 924493
16 9 869304
4 1 495443
9 15 895472
21 4 37377
5 21 613533
9 11 209701
21 13 449390
17 16 204912
3 20 264799
6 21 894014
12 15 163617
5 14 840480
19 19 514113
12 15 832756
3 19 952616
10 20 495205
2 19 250839
19 2 686280
14 4 678943
14 21 528507
8 2 344459
1 8 869401
16 4 939809
9 3 530000
16 16 898435
4 4 323895
4 7 330469
13 10 711359
16 11 81994
6 9 399888
3 3 621543
8 15 273883
4 2 326736
11 11 495234
16 2 730483
10 1 814580
7 16 998387
4 21 846805
19 3 146585
12 15 657585
1 5 127485
19 16 720542
7 5 147077
9 14 138752
8 6 221403
20 18 559904
14 2 55594
17 11 549074
21 15 893289
7 16 257670
4 9 924710
12 7 774884
1 14 402972
18 19 675041
15 5 765006
20 9 469252
19 12 600658
7 3 209555
9 21 966679
21 19 566213
8 10 686298
9 3 655495
7 3 652375
7 16 592357
16 11 47911
8 18 533755
7 18 586565
18 11 96865
18 2 131435
13 18 143878
17 8 127813
1 18 763334
19 4 655446
5 4 931617
3 4 550798
2 15 425922
10 7 543762
21 14 285074
3 10 492654
17 10 315514
6 8 554230
7 6 614593
3 20 589162
15 3 333137
1 20 583623
6 19 490130
17 11 193833
19 16 77123
12 13 320473
15 8 364229
12 13 248250
20 8 922630
16 21 800496
21 20 211595
11 12 243297
13 14 96895
19 1 577419
1 18 404099
5 7 441839
20 4 525674
2 13 558225
20 20 134848
5 20 228799
3 12 979138
1 3 455055
13 1 707161
6 15 564540
17 10 653527
2 5 445422
14 7 349038
16 9 129039
5 6 347653
18 7 506429
14 17 62898
13 20 967759
13 12 646963
12 13 29999
18 19 986200
10 19 565859
12 4 175913
11 3 759572
5 14 266347
15 13 582437
21 3 432194
6 12 266333
16 13 587088
1 21 171714
1 16 946983
5 9 891067
17 19 631501
5 15 928410
8 7 141469
11 9 179917
14 14 778131
20 3 103714
14 8 677022
4 10 839129
11 17 62014
7 10 375586
17 15 302896
14 11 211866
17 17 106178
20 2 747766
12 8 124924
18 15 39807
21 14 961098
16 16 957916
13 3 662911
20 4 868057
7 3 428324
8 15 442417
18 13 23275
4 21 56428
2 16 338830
12 5 948048
9 16 48422
14 6 987731
3 16 324759
4 15 629034
3 18 384365
11 15 554351
14 4 426280
3 5 335532
13 11 557947
14 5 270243
14 21 975061
20 1 455623
18 17 746745
2 3 543947
14 17 569509
13 10 694489
16 9 315033
9 6 186863
2 7 239583
13 5 135488
12 8 359007
1 5 560572
6 1 889559
3 1 102041
7 16 305625
16 18 408222
18 16 94918
8 17 497807
12 5 782815
15 15 628548
12 2 486496
5 18 851174
7 10 697410
7 17 407329
4 10 54508
4 21 854328
5 13 104912
2 19 552666
2 11 382271
10 12 398124
9 2 693012
17 10 254462
9 10 795909
21 3 408548
20 18 788475
20 21 905897
3 14 660023
14 3 459673
12 6 433549
3 4 692465
13 18 671178
19 12 369936
13 4 247032
10 15 856873
10 7 924645
8 2 599513
7 6 853317
13 21 281550
18 14 229103
3 4 309040
21 7 750628
10 20 663633
4 10 619100
12 20 835920
14 5 558835
18 16 769959
1 19 524827
17 1 498388
14 12 689268
13 11 315798
4 18 929332
19 5 158638
9 9 911594
21 7 753028
2 5 684446
12 4 759598
1 2 283227
12 20 199468
17 8 478181
5 3 182223
21 16 712772
17 3 230413
17 6 137233
8 13 423422
13 3 311740
10 18 805727
20 19 382301
10 10 703093
5 5 914586
14 5 330522
1 20 425773
17 18 249174
3 20 863846
9 17 925584
14 2 746512
6 9 237241
7 8 786164
21 11 174963
21 14 348001
9 10 829632
2 21 932079
6 5 540048
6 1 450007
6 17 593695
1 10 704866
11 13 838168
1 3 270463
13 6 421193
14 12 768959
17 17 980334
14 18 749969
21 15 442205
2 7 405230
15 9 328373
4 12 211406
8 16 546933
9 12 897282
20 12 353392
21 16 684431
18 20 874447
8 6 291467
9 17 391373
7 19 324435
5 18 287012
10 15 534838
16 20 861235
11 4 53734
6 8 415552
2 17 991542
21 1 626308
7 20 404363
2 6 279815
19 17 870485
16 11 476507
4 18 537089
19 11 249380
9 16 553852
2 12 219363
5 11 552937
1 18 94493
21 8 282712
13 14 76352
15 4 442054
4 1 954596
12 13 412427
1 6 39545
1 4 158209
