35 742
32 6 383967
7 2 732524
10 33 379460
11 10 101248
25 25 158988
29 4 930879
27 19 651464
19 6 920651
1 17 690273
19 9 28002
7 11 946902
22 34 866715
15 8 278043
4 13 984734
29 31 875851
8 26 381621
23 16 234294
7 8 827132
34 21 454483
22 17 3840
26 19 34249
9 10 446153
19 19 980548
21 10 518068
34 9 109169
28 34 18023
20 34 292739
6 35 707255
4 16 592572
5 29 57120
10 7 158596
2 23 476518
24 33 101169
29 13 872391
13 3 550465
24 31 278546
9 10 580455
17 35 93443
34 17 536375
4 10 472404
5 20 552602
2 13 914163
2 27 766305
17 34 382651
6 6 285176
26 5 273484
28 2 757306
1 33 398280
16 28 750088
28 33 25358
8 28 923154
30 13 728802
8 6 983040
19 31 608587
27 25 836222
3 23 194991
14 2 9092
27 35 92976
27 19 470357
32 12 295090
33 10 988132
35 24 850504
5 16 846313
5 25 160262
16 25 562245
33 19 790500
25 8 826580
6 6 565159
20 34 920701
29 30 141989
5 31 137782
27 6 668832
33 9 958858
20 6 307061
28 34 700642
4 19 26078
27 6 133655
11 18 763630
7 23 246158
3 11 586635
1 9 376555
4 19 478789
33 23 262087
23 18 789914
24 18 353747
31 14 20611
18 25 693045
24 19 719838
14 25 529357
27 33 617373
11 25 437362
16 31 442574
6 12 737732
7 1 853697
28 10 853450
16 11 745735
9 31 96720
26 20 77321
15 15 476696
15 19 944235
8 32 906689
10 19 712548
18 23 658257
6 6 810773
25 3 291594
12 16 427364
25 19 886242
34 5 606571
1 33 236724
25 7 998285
33 26 559762
22 21 872680
14 3 977757
26 7 870802
28 13 711718
30 31 582307
12 12 799634
1 3 304930
29 19 365843
9 11 861051
32 6 366911
25 6 7746
31 18 928301
28 22 669006
17 34 577610
21 24 634400
33 29 436608
22 30 152346
29 13 434666
23 5 818508
4 7 2454
19 19 784934
27 24 429729
10 34 657440
23 19 312710
11 12 177676
23 19 201489
20 2 287021
14 10 758573
15 5 289436
27 27 214178
9 17 956556
30 13 479371
8 22 116786
24 2 174807
12 30 138537
33 16 517384
29 8 20835
29 20 560472
3 1 848407
29 5 627385
6 34 214635
29 34 221555
2 2 954638
9 17 217216
31 33 286697
27 15 766735
24 24 247738
28 3 49776
15 1 117502
32 22 685983
26 29 770352
32 21 350566
13 28 989486
31 4 44044
25 5 245583
21 4 522445
33 17 581742
30 8 881430
3 9 971459
17 25 810577
25 5 989621
1 29 438106
33 6 151335
20 25 134907
15 27 930692
3 34 838156
20 33 456184
12 16 921065
33 31 166316
16 31 435401
28 28 853603
24 3 335894
24 17 14723
3 7 45492
19 32 239636
14 32 354123
6 9 827455
26 17 783350
8 7 315866
12 1 433386
35 33 160523
16 28 991114
9 22 178142
13 9 38523
1 32 920631
31 18 184278
14 34 837237
9 23 418350
9 35 235270
34 33 595103
2 20 493302
23 7 197607
22 23 745603
20 11 495506
21 19 787848
16 21 204505
10 21 544282
29 35 837981
35 26 389713
1 13 175314
35 26 184161
2 11 732850
8 23 35716
3 10 200436
15 18 141273
31 35 819517
17 11 771133
12 4 746093
28 19 880563
18 20 179085
17 7 374317
22 14 394564
27 34 665013
30 9 135878
29 24 653834
18 24 561256
15 14 127371
6 4 255334
8 32 499597
28 6 235890
34 9 410023
10 23 36436
28 2 32455
20 3 774680
18 33 604658
9 13 984268
7 33 545575
25 2 926576
18 6 886843
16 13 622176
17 29 69191
20 33 119188
27 29 535923
3 4 884959
2 8 424278
33 7 637210
16 11 8466
27 19 667762
34 1 592375
20 2 983241
2 35 650698
19 20 328546
28 35 138291
27 18 955114
3 20 670970
34 34 106947
18 29 707776
28 11 450994
9 1 61022
18 32 288228
12 34 951173
8 19 777089
20 12 447136
13 28 284588
31 22 145400
12 1 828909
2 10 479562
14 22 507057
26 28 280295
22 34 949124
21 35 500396
16 13 758621
12 10 551904
6 15 545622
13 35 5850
26 30 198467
31 25 179691
16 10 67940
33 5 357427
26 22 569555
4 11 710863
31 29 822303
35 31 936271
20 22 840339
26 31 809271
13 30 394575
15 18 342751
31 3 144054
34 15 126697
35 21 189344
21 11 896159
12 7 603729
13 20 388203
14 16 60095
17 13 129470
14 3 575956
22 9 947194
15 17 254054
25 35 74022
11 5 381709
33 33 837498
23 27 344706
10 31 432237
25 17 161521
12 31 524565
16 15 425222
20 8 751841
34 2 716214
35 25 739713
25 3 353505
33 10 828352
5 8 466964
15 16 200587
5 3 156943
7 14 781587
32 19 193820
16 3 419406
11 5 587144
3 2 726000
30 10 281674
23 25 913265
20 9 738499
17 16 710418
3 24 930790
16 31 67857
8 17 364234
29 13 924924
6 23 816392
28 2 46500
7 23 667317
9 22 689060
9 24 867017
10 35 189967
9 20 736032
18 29 255509
3 14 184834
22 5 875983
21 21 195593
27 20 544476
29 20 988070
35 19 318994
22 28 193146
3 19 129663
21 20 365441
20 13 732944
1 32 313302
2 12 695059
18 11 618912
35 2 290823
16 4 405824
17 4 204914
6 15 736809
22 1 814750
8 14 208408
4 29 807668
9 20 209361
22 25 251360
30 2 143962
35 28 518499
16 10 595416
23 15 565785
5 13 969936
2 19 383047
1 22 582074
2 25 249824
8 15 280435
32 26 108697
5 6 271628
23 15 428506
25 12 693688
24 18 612026
8 2 639866
2 16 405877
3 35 725597
32 13 319619
13 23 431530
18 10 261116
2 1 679213
25 32 937023
29 5 572703
2 35 907207
10 29 52765
34 4 620176
6 32 575028
2 18 955213
12 29 359620
29 33 414031
31 2 942081
8 26 535201
30 19 575166
1 17 35347
34 20 243821
8 6 43094
20 21 415214
1 22 306423
27 17 15633
17 18 715047
21 22 32281
22 32 963118
4 35 156137
12 14 688008
28 18 250448
14 26 554584
9 35 825511
31 12 666594
14 20 396026
14 4 501306
24 4 485474
35 9 598010
20 9 424193
7 5 195107
32 4 930947
7 6 19047
23 19 978330
10 19 96267
15 33 463420
18 17 322693
28 22 519031
24 15 486164
23 31 562830
9 1 721360
21 32 478650
2 12 342461
28 34 607206
35 13 52549
4 4 951879
29 12 53596
31 1 887759
11 14 835045
28 27 311717
32 22 944276
14 33 717772
33 1 266600
9 16 525353
7 21 498572
8 29 94638
24 11 563876
14 3 932129
6 18 238691
17 28 515657
6 22 80586
33 33 73761
9 19 902038
16 3 491960
28 3 280248
16 8 306560
18 18 375134
11 19 647357
23 34 432965
31 13 526170
1 23 724527
28 20 699129
15 17 550845
5 15 612060
1 10 725968
11 9 293545
8 18 556298
14 31 260240
2 33 827370
11 6 543956
12 5 664767
22 33 681295
31 23 336602
35 35 937651
19 32 714349
33 5 530156
8 6 887468
30 33 575562
18 26 891464
23 24 293906
25 25 910249
29 24 982465
30 19 746204
28 20 542463
11 1 133349
23 31 915821
10 24 958092
33 2 456302
28 31 445581
27 2 134489
31 7 826071
34 5 847200
13 24 885379
4 28 444900
17 23 166389
16 30 559338
3 33 900556
11 2 400571
10 23 15149
27 16 898287
26 8 184025
1 30 369310
10 18 424022
3 15 47923
22 8 649979
8 25 145894
21 11 2494
11 8 209471
28 13 27725
30 2 165079
14 13 129922
31 6 50954
15 12 697394
29 29 887718
13 23 319543
10 25 124542
7 10 643947
4 11 220242
12 18 673683
20 3 7325
21 11 873345
16 7 804734
22 5 373800
24 15 960272
35 2 32258
33 6 229797
9 2 489433
18 32 60074
21 24 817145
11 26 584862
31 29 226079
8 35 108462
28 4 583289
27 11 448801
15 8 509935
22 6 726856
25 6 275557
6 29 516717
24 9 335462
10 1 392038
16 34 944231
11 24 58074
15 24 4821
26 27 187728
16 12 495215
1 15 221885
19 13 857861
25 30 12699
27 26 163297
15 13 825346
27 34 845955
24 11 517938
9 6 728768
21 25 752394
6 22 391890
4 14 788593
6 27 398940
18 34 986151
16 6 252420
7 28 802272
31 2 515631
34 14 805354
8 8 420150
18 34 249379
32 21 87697
35 17 101959
9 12 506890
27 17 535376
25 16 929714
20 24 146653
24 3 591537
27 2 255327
1 34 213983
18 33 462297
7 26 683302
13 11 830941
5 9 778132
24 4 910038
15 18 20542
35 14 885500
20 12 811192
24 1 141063
26 22 459384
20 26 744167
26 33 137583
20 23 107627
7 17 834678
21 10 638423
35 27 178447
11 34 666604
16 9 894589
23 16 69061
9 35 448421
7 8 441535
27 2 451566
17 28 722884
12 1 161397
12 18 340293
14 9 60833
21 9 643487
26 4 804492
1 27 252940
14 19 194581
34 10 278822
35 7 170154
34 32 947907
30 19 660166
22 34 801132
14 22 246229
5 34 184555
13 12 243963
26 4 209568
11 25 280464
34 27 992332
14 5 392649
11 18 616843
28 31 161994
21 1 687229
29 35 97721
4 35 178971
27 2 478181
25 25 745222
33 31 351254
8 19 12204
2 33 680503
29 22 360419
10 16 37068
25 33 389757
16 25 535315
35 13 734666
24 28 410163
2 22 267629
34 27 525419
16 17 408415
26 5 707933
25 34 922621
32 16 281371
4 14 514752
34 15 724943
21 29 523069
7 2 230572
1 5 671636
25 24 985077
1 29 768734
30 33 388017
21 16 837107
8 5 120280
12 2 60149
16 7 85218
18 4 578297
29 16 233055
31 30 442872
1 22 373165
19 7 816405
23 20 867359
4 15 461128
19 5 940308
5 26 616448
29 34 823005
28 15 930111
16 24 184160
30 34 902185
1 33 707036
12 6 431322
22 2 653960
22 22 346084
8 21 189231
22 19 476749
20 23 911123
33 32 398
29 13 80000
35 2 194396
20 6 545185
10 12 96931
33 25 508550
26 10 231351
17 13 737984
17 24 44994
28 21 827904
21 6 421143
24 22 170135
29 17 511840
20 26 729132
34 7 669139
18 6 311839
1 9 309365
25 28 781283
27 25 821977
4 31 764529
13 18 780748
19 19 307251
9 11 7311
6 3 442290
21 2 421580
25 11 61697
20 30 762911
14 10 561928
33 31 342340
24 18 619354
24 11 766478
27 34 800956
3 29 269718
14 26 548835
20 7 949495
8 3 733709
18 18 649228
30 25 920300
33 21 33704
17 31 887274
25 2 454681
1 15 453099
10 35 532732
20 7 557560
16 18 654153
32 31 650245
8 16 52680
25 27 926726
30 17 154336
9 31 790322
9 12 989005
6 12 460948
33 34 976909
10 27 281627
21 16 682472
34 1 102552
10 22 155529
12 34 84214
12 33 842016
13 19 872473
17 17 266686
33 21 935181
33 14 749836
21 23 771655
20 4 798782
29 18 464559
33 16 127041
2 27 612109
29 3 664800
32 23 71346
7 18 848622
21 19 665881
28 21 437544
12 13 501685
32 34 849172
24 2 303414
21 9 601096
14 22 946532
21 18 329098
13 27 588312
27 19 295576
32 35 911630
