53 218
6 53 937282
36 34 762809
49 45 998112
35 16 504061
31 52 448690
48 4 825971
7 41 336415
41 47 145259
50 4 929091
45 27 807003
48 9 649341
42 49 604670
42 45 490910
35 51 368771
1 34 338566
23 48 908718
2 34 687559
3 48 605354
30 14 289281
44 41 868384
8 11 645087
44 9 141752
47 32 858549
12 51 713796
51 42 770866
46 41 513854
18 41 578499
44 52 830674
52 21 680582
49 47 370576
25 49 124524
44 46 393503
18 4 423039
52 4 645851
35 47 964862
46 52 777317
8 43 477112
48 30 223362
4 28 516192
24 44 525394
25 31 341454
30 10 501085
47 27 600360
10 2 442975
11 22 777554
4 13 684118
21 20 763446
6 14 949981
45 7 80745
45 8 376003
8 25 870309
45 49 645910
14 3 235384
17 4 12668
19 3 501605
6 15 747194
33 3 756498
44 35 159000
26 47 238629
36 16 93840
17 27 330511
52 25 567930
2 31 401058
2 47 908916
27 17 28769
51 52 81194
22 28 254863
6 7 936799
38 14 412932
21 27 650947
5 31 107419
7 37 89887
7 40 406967
40 24 360698
31 17 955374
5 9 137859
3 37 937339
52 11 421233
7 5 359114
50 44 642362
40 36 781511
22 51 867393
42 45 607074
14 45 598641
13 25 850210
12 35 935225
32 42 387279
16 18 157201
9 20 696213
30 49 115586
17 10 853318
8 26 149176
19 48 209065
13 33 492815
39 48 788627
51 8 436174
27 37 232450
50 15 467543
27 3 83383
23 14 701585
5 18 784928
19 1 540881
13 34 332651
5 43 550034
29 44 533168
31 15 474571
6 7 888855
42 3 652961
21 13 542246
40 15 138157
42 5 669569
44 37 229521
2 52 562434
2 47 766758
17 50 27649
27 53 99658
49 30 417540
34 53 382546
21 50 850700
47 15 580556
19 50 54402
39 19 476258
12 22 757394
44 26 668835
49 46 142010
23 14 615366
4 45 289028
12 39 331074
18 22 647818
9 21 97118
45 8 4766
35 8 85506
46 30 326865
51 44 55746
8 23 306953
3 43 468568
8 3 816801
30 35 252202
20 28 437752
34 18 310973
46 32 515078
20 28 183834
44 34 79396
40 21 538754
18 13 817777
24 45 11290
44 27 428564
38 23 365788
38 33 921064
51 47 104335
42 28 823546
41 53 27685
39 1 950993
42 7 991194
31 32 880457
7 11 164568
51 47 581444
44 52 402445
9 52 787168
48 20 505589
35 20 4477
41 27 385709
43 38 76906
8 38 231191
17 34 345995
24 24 81385
39 34 505330
29 42 531783
34 8 70668
11 24 68104
40 34 229824
23 8 159590
34 22 843665
27 8 853922
51 6 539148
33 23 163590
18 37 940804
53 39 773905
13 22 392565
12 27 672979
28 37 976559
11 9 639394
35 49 483903
22 42 79017
29 53 980803
13 3 970452
16 23 927279
5 26 809032
35 3 878300
32 8 603518
50 42 651881
11 11 866175
3 32 641319
31 25 98711
29 46 912986
13 35 997816
18 30 1501
34 9 589938
34 23 830551
48 19 981060
12 20 326334
45 51 207243
31 34 14397
53 42 562636
23 30 74196
41 21 718179
33 2 894150
4 29 620259
30 24 881097
16 14 983201
11 7 139393
46 42 715422
27 21 898507
30 22 53478
27 5 910438
26 20 224229
19 34 739910
6 36 978008
