22 570
7 4 258501
2 21 6710
13 22 204613
21 15 440191
13 2 931185
14 2 421590
17 20 110904
9 19 11806
16 13 596952
10 13 50337
8 13 391686
21 16 520315
22 6 451096
6 18 930400
1 4 89198
4 21 445219
7 11 769777
13 12 549767
9 2 26239
20 5 452055
14 18 373824
2 7 286095
20 13 951497
12 14 906008
22 21 717996
8 5 527719
14 8 173334
18 14 64144
20 11 616056
18 19 182296
8 6 14352
4 12 760815
7 12 85490
5 16 932469
1 20 757477
5 15 412190
22 12 749021
19 4 568567
20 7 661261
16 7 114919
15 22 695036
7 22 905456
16 5 779399
14 10 720765
6 6 924488
19 1 863883
12 9 116188
22 10 516162
12 12 196899
5 10 957405
22 15 876542
3 22 647285
6 2 262089
3 20 894880
16 9 556173
17 20 701210
18 8 832068
17 12 658540
2 15 838109
6 14 105475
1 3 402417
11 17 721205
14 19 951475
12 9 229592
16 8 966657
6 21 208173
13 18 73839
17 15 211488
12 1 254378
15 6 863880
13 19 25876
22 9 242985
2 15 319747
8 14 19481
18 4 155604
15 22 680180
12 16 70976
18 11 570873
6 11 819938
16 11 238883
19 9 463461
22 19 87286
16 20 962345
12 19 849687
16 22 708672
21 5 821600
17 9 75343
14 7 952307
13 3 596542
22 21 496937
8 1 423183
1 12 63768
22 22 457773
5 7 355624
22 9 700923
6 6 871498
13 21 408179
22 7 190707
5 11 507338
12 7 893539
11 1 10682
2 11 265831
17 13 794422
3 1 672781
20 4 611753
4 5 524317
20 10 873910
22 4 974900
14 21 247562
15 17 638373
6 9 505918
8 15 84639
15 10 207612
6 12 854961
18 1 783057
13 4 460986
18 16 334709
11 5 343544
3 6 786803
19 6 734184
14 12 94235
13 14 200965
16 14 208708
17 12 551327
10 11 452287
3 5 884474
12 10 146343
21 21 453990
20 2 395755
17 1 763359
2 21 516227
15 4 475466
14 17 230896
6 5 913844
12 16 879193
11 6 103567
15 17 161784
1 2 982606
3 19 414467
1 5 427553
5 14 644682
13 3 35101
20 3 972824
17 3 520461
1 5 160533
1 11 793971
6 17 360269
20 18 990002
2 18 621040
3 9 141218
21 11 381797
22 7 538083
2 7 134987
3 11 109893
12 14 253925
10 13 306003
4 20 625409
16 12 448247
8 14 322993
20 15 56382
5 5 370957
17 20 413314
15 15 563648
11 4 183465
21 22 703784
8 19 895946
11 7 178159
11 9 754228
9 10 839022
18 2 391187
3 18 756195
10 9 548177
6 19 189134
22 12 822172
22 22 956868
19 17 472947
8 19 673654
13 4 379227
10 18 563305
20 16 145772
6 19 587696
16 18 692073
19 17 350144
6 17 521330
15 1 904449
7 10 429238
4 21 550613
1 22 584655
4 8 128491
14 16 95182
16 1 928561
14 21 542161
4 9 71264
1 11 954087
22 4 210504
7 17 32570
4 17 633611
16 20 672499
3 6 382769
10 2 131966
6 3 373005
18 9 546674
6 21 840987
7 21 988967
8 5 558148
5 21 68908
3 12 67429
4 4 740616
17 11 718951
11 5 321577
14 10 310442
22 5 380125
18 18 794726
10 3 618285
11 10 763241
20 1 646135
4 5 541379
16 13 477611
2 3 142055
21 10 944411
16 19 209281
4 2 561621
19 1 942379
14 8 878062
9 11 644234
6 17 670801
16 1 372
16 21 581545
14 18 522584
8 7 544473
9 19 379964
19 18 317953
5 9 849673
20 7 399051
17 11 666905
21 3 143277
18 16 403859
9 14 404416
14 13 888813
15 11 271930
14 13 750937
4 16 19319
22 3 900137
7 10 70318
8 18 183155
10 6 186878
3 12 500284
21 3 183313
14 10 880005
16 11 264225
10 2 21478
6 6 440952
4 5 457192
1 10 351904
7 16 191720
18 16 433336
17 2 931172
7 7 491233
9 7 167680
21 3 699832
2 10 511872
11 7 270126
10 20 862656
10 17 789263
20 18 359502
2 16 767144
13 5 183160
6 10 886607
3 1 127303
9 2 870206
8 16 349875
22 11 354490
8 17 661583
6 5 415292
17 20 677023
14 2 449111
20 14 746253
8 10 877566
3 8 758992
6 7 404370
22 17 925281
10 3 96730
20 9 341904
18 2 396521
21 3 890489
7 7 766600
8 4 702658
21 3 206356
19 14 163585
4 14 79273
20 12 547673
21 16 149287
14 8 944970
19 4 85500
17 7 872152
10 10 673025
11 14 455425
11 21 724134
5 12 427914
19 21 258866
1 15 519969
21 14 932939
17 6 445011
16 21 703661
1 20 199923
2 15 913506
6 20 857369
1 19 456777
14 3 208051
1 6 602614
1 11 112863
19 14 575309
18 11 984234
15 3 240111
21 6 728576
8 13 636531
20 10 508959
5 21 827646
9 8 606920
13 18 864230
4 21 664144
16 22 987564
12 13 879296
12 19 991544
4 12 87649
12 12 326500
10 4 646153
19 19 923931
17 17 139651
20 22 742789
9 4 685939
19 4 973489
11 4 275887
1 17 200370
6 12 809156
9 12 121261
6 22 350938
8 6 226986
10 13 955004
10 2 776254
3 11 164124
19 18 911291
18 14 407306
5 11 402139
1 2 458406
20 2 487467
1 3 491547
8 1 472316
18 14 36495
11 4 281249
6 6 941373
13 1 660612
18 20 768611
13 16 579151
13 9 177309
13 6 663215
16 19 241330
3 18 583798
19 16 858639
7 1 964776
10 22 616343
2 8 491391
9 12 494567
10 21 454713
21 2 782288
19 12 557418
19 19 953330
12 19 704704
21 18 638977
7 20 444142
4 1 417045
10 20 87878
19 4 464077
15 12 941809
5 9 652683
9 20 18893
10 12 90097
11 17 68972
19 7 344402
17 9 62629
2 8 103480
8 18 493443
20 20 40770
2 10 160629
13 16 575252
14 9 537736
20 9 469038
15 18 643785
19 19 582104
17 1 141350
19 4 505938
19 15 950138
21 5 338862
19 6 78042
9 17 515272
17 16 985996
9 22 191105
16 1 639232
22 13 92485
1 16 489009
5 5 955649
5 12 491254
5 7 533572
4 9 903589
2 14 882306
19 13 652652
16 4 825771
9 5 384024
21 9 972705
13 21 271070
3 13 815595
22 1 627153
2 21 371399
3 6 614194
9 15 785660
6 2 199588
13 6 280244
19 13 43424
9 1 311418
19 5 37064
3 4 320171
3 16 586114
10 15 388497
6 13 676672
18 10 394527
12 2 342137
16 15 919990
2 15 565436
6 10 533640
17 13 763796
19 19 403672
5 1 467151
13 15 91814
8 8 387681
3 2 460276
1 14 142174
2 21 92476
16 12 683111
1 8 845937
21 11 870367
4 6 945426
14 2 212455
19 8 172398
10 19 54259
5 6 198071
12 7 751572
1 7 492853
8 11 586803
11 22 722018
8 10 441939
9 1 546836
2 10 243830
10 8 967366
3 18 770017
19 4 527041
9 3 799090
6 19 162493
15 11 860645
16 17 208510
2 18 155520
7 8 101818
10 7 436729
17 9 324166
18 5 453613
3 11 280201
2 11 918160
13 1 686633
6 2 533050
5 9 640322
6 6 313576
1 9 6651
3 22 460693
6 9 118771
6 5 809422
9 20 585638
12 15 465120
2 18 63692
12 12 468464
11 8 614429
11 17 262768
22 11 437045
5 3 182144
14 1 798997
14 2 549682
20 4 414898
9 20 177013
1 5 855512
3 9 528306
14 20 388830
20 21 142446
18 8 412422
9 22 74766
22 21 98190
22 4 674635
13 13 511189
5 7 926750
15 10 424719
5 7 56581
21 9 698672
3 20 33093
13 22 359895
2 12 470627
19 17 142304
12 12 422141
18 14 120407
8 18 378925
4 7 770613
1 12 451598
12 18 739834
22 2 946945
20 19 297521
3 3 546154
5 6 79145
15 13 793308
17 12 302469
13 18 387103
8 15 422059
14 3 822531
12 10 262247
7 1 935708
16 3 290179
11 9 541881
3 6 737860
4 3 962106
18 19 901920
16 11 203824
5 10 593631
15 17 346072
22 15 365344
15 15 670801
17 12 617254
11 20 27511
11 11 146263
14 15 244560
1 19 891744
14 18 272537
21 1 185665
11 8 81823
22 20 82948
15 7 961979
7 1 707249
14 7 92195
10 4 561896
19 21 517339
21 17 471988
7 4 566839
2 21 657275
2 2 830165
17 21 650196
13 19 925687
15 4 547432
19 11 949928
22 3 211067
22 17 178376
3 7 429211
6 20 425320
1 15 985275
1 7 445252
16 14 346965
3 14 681967
1 21 151243
1 1 784751
9 19 691404
16 3 133866
7 5 741038
10 1 219583
5 19 645066
4 10 602625
14 9 842721
22 5 935126
