62 939
61 48 866218
56 2 567429
8 10 962351
4 56 694698
61 47 795221
18 60 739290
18 44 122506
38 2 512331
29 29 289172
2 48 736364
9 11 570773
58 32 233316
28 3 105270
45 17 427935
38 42 548005
48 28 715408
54 15 81755
27 29 174998
55 57 574781
14 50 371930
14 48 796301
21 36 879856
43 18 700740
43 45 238618
11 19 294284
36 9 365946
8 14 921434
18 9 644450
58 34 977371
54 29 946377
17 19 497551
57 58 994773
4 17 717083
11 6 603471
10 16 654837
55 31 887839
58 33 516916
22 8 979702
9 60 431779
44 33 236925
55 54 120685
23 18 940291
3 4 387786
5 31 326591
6 42 96735
56 59 105806
53 12 303582
24 8 738824
8 55 757025
9 62 578215
25 36 189646
50 1 353200
58 62 168075
9 9 398718
47 9 172956
54 24 335507
34 54 699624
25 41 239127
10 16 699290
2 20 505159
23 40 185296
11 24 181654
38 48 499663
15 28 714465
28 20 225983
37 2 925795
43 52 623640
46 17 496616
50 24 781600
23 54 475520
49 12 793742
52 7 361382
18 58 507751
20 24 501551
21 29 599420
56 36 979747
9 47 854818
16 32 400329
4 22 187751
14 3 690860
42 54 444979
36 12 993126
49 30 612144
1 7 369399
49 14 792294
39 27 426475
57 40 557924
19 21 453394
17 7 911686
4 22 33376
62 42 224607
24 18 658214
25 24 716231
9 1 430372
13 43 821696
23 9 599770
55 40 769804
31 13 339387
57 50 780446
56 11 734475
20 15 449914
18 43 200445
9 33 422370
39 37 831412
12 3 123412
13 28 893698
16 8 882168
45 1 53429
20 57 342883
31 30 762416
23 17 531991
52 1 758698
51 27 689178
34 57 675801
34 59 193536
60 31 617726
12 40 233173
17 21 217764
40 57 563356
15 33 525797
6 17 623624
29 42 42606
10 5 713485
30 58 166351
61 27 544340
37 39 211416
28 34 350989
14 60 884529
58 43 465455
29 62 217529
15 60 551184
18 52 831048
51 60 787116
14 61 968669
23 10 278886
12 12 627061
4 8 167240
62 29 940304
58 24 104876
24 49 748213
41 10 328182
29 15 834677
52 32 481404
37 61 920129
21 56 483021
36 51 78032
3 57 734119
12 31 530792
23 4 957105
44 17 920180
16 33 528928
59 34 993100
40 28 807844
20 45 618300
27 18 114488
60 21 322946
9 41 240118
55 18 382854
59 53 178819
9 55 722789
5 38 600054
37 52 13520
36 11 393130
37 29 152190
30 34 733525
11 3 765246
61 57 89372
59 22 664494
44 52 357431
43 3 188482
1 47 413335
19 56 322001
41 11 570666
43 10 984832
60 56 40611
34 4 112495
49 39 797256
5 22 698071
14 37 293601
7 23 501892
33 23 644121
5 3 849424
62 31 722582
50 36 131128
46 8 976515
19 19 143545
57 15 225255
12 31 987248
12 24 707813
18 15 314482
28 47 756412
62 42 408523
44 35 190792
23 33 966709
48 32 16069
37 56 130640
3 51 163990
47 37 75231
28 34 174693
13 6 909450
17 21 635033
51 5 67818
2 39 981849
30 28 743249
15 34 523758
11 38 830551
49 15 620868
44 44 61289
3 14 56960
51 1 635015
38 38 478920
52 19 339673
17 7 692125
58 33 392847
49 26 343367
57 35 789446
20 27 406609
38 54 438757
49 24 91510
12 60 68006
40 31 240509
30 17 851075
28 15 428737
55 46 834965
20 53 421353
21 16 176193
18 6 792124
41 47 421607
30 23 465847
34 59 98614
27 60 480202
54 30 203338
52 20 138536
42 40 473509
25 22 137288
25 8 239865
12 31 557802
13 8 716106
61 48 592455
27 22 204996
55 40 373742
8 43 315590
18 12 631737
59 14 494268
27 19 581103
55 15 61834
18 4 991479
53 54 669384
60 45 768955
48 27 862761
47 57 745030
53 1 597743
54 58 384230
15 50 488493
5 13 349257
21 2 177643
60 15 902772
50 25 773060
53 61 379214
40 56 693947
37 38 346606
22 28 236945
46 21 782156
45 61 339307
21 46 688661
39 1 266091
38 49 715636
24 62 267575
47 21 865148
14 42 443147
48 29 478583
60 22 707280
29 44 187847
51 23 782590
16 19 394750
58 8 804736
50 56 768567
46 45 821224
24 26 56895
60 19 686262
56 44 301452
4 30 176519
8 3 778517
44 44 302956
10 13 241188
20 35 861549
21 47 572261
38 2 858468
59 34 740938
9 56 50183
14 58 986027
40 10 6837
55 19 600471
52 7 663822
44 15 642593
16 50 366241
21 3 217364
21 4 995785
24 37 705284
60 6 999838
33 33 898968
52 34 529890
31 31 758480
30 59 782580
26 2 642009
45 60 680975
51 8 845626
56 6 928966
50 8 377846
23 23 199213
35 7 135306
62 51 174332
46 17 822636
2 29 236331
18 18 103144
39 59 190764
42 8 485822
24 34 892792
33 39 396567
59 58 103039
3 5 632973
1 33 888040
40 17 136143
52 30 305785
47 32 332261
6 31 973803
54 32 255695
37 53 632549
32 10 67577
30 4 582855
21 15 495980
22 36 427806
6 23 698257
18 13 176752
20 56 174469
16 19 574207
62 10 956950
25 41 846573
43 33 925557
46 16 768451
60 17 56882
48 48 287234
29 58 140425
52 9 887437
10 50 503663
56 38 895166
1 59 452236
1 58 308514
11 29 819940
49 20 883731
41 42 579333
2 40 341193
44 49 756420
45 20 496382
15 36 980222
27 37 977552
4 46 837080
12 1 9274
12 12 422105
43 2 695926
31 53 482117
60 45 790139
33 52 42973
61 54 943921
27 29 994695
51 18 317605
15 1 388087
48 51 577517
49 26 998295
39 60 513701
30 7 504753
49 26 21301
28 8 322146
29 36 847232
30 60 32184
25 48 597760
40 54 342850
54 5 822654
35 20 824768
30 31 9808
14 28 695937
55 55 271570
5 59 581586
19 28 281536
5 11 632808
55 23 851472
53 44 579937
19 54 895766
15 48 915488
51 7 774134
25 49 911292
55 45 244806
41 56 500886
8 5 822595
60 35 208643
30 14 568711
47 7 131367
45 42 471194
30 44 491404
3 25 586522
18 62 596282
33 24 674855
43 51 174605
42 19 235167
40 57 501380
52 33 969267
27 26 394780
36 16 818749
14 44 695402
16 42 707900
9 10 337002
14 31 590445
30 1 176136
18 31 365144
9 4 152864
47 45 929792
20 59 114047
53 20 122781
54 34 295728
25 55 957750
10 45 864614
21 39 151081
3 57 762779
30 14 131916
57 19 111025
31 58 531258
38 25 575238
27 1 123123
23 44 787255
21 13 135515
6 53 810574
55 40 756624
3 25 246966
31 19 525998
12 39 560934
12 8 157443
43 22 559086
24 19 354501
28 42 728162
60 28 392216
48 27 181133
24 23 985596
60 51 497773
7 52 596144
24 5 267827
4 17 186224
52 1 401089
59 59 954772
43 40 343038
9 47 662216
45 26 856306
41 19 492493
23 8 67169
45 4 806516
55 61 812312
29 42 382165
61 48 946748
28 8 75226
39 47 967078
30 59 450373
5 43 338571
5 23 506532
33 41 743496
12 56 116858
42 10 555362
31 14 251194
45 23 515944
27 7 352394
21 42 705756
34 46 664631
21 41 486622
34 20 647611
11 1 949641
7 10 70676
17 26 309521
52 11 576797
61 34 311645
5 3 509437
48 3 146724
61 34 889896
33 9 670051
48 17 491326
32 19 650683
56 45 698484
5 55 281190
24 27 619020
62 52 716192
25 30 69690
26 38 712643
14 10 940053
30 40 847279
53 27 697789
7 23 972783
9 35 378263
26 25 415509
34 62 172206
4 5 115887
41 16 746698
13 53 484259
60 57 261659
18 36 206595
1 29 357792
2 4 114091
17 59 254386
56 61 445255
5 28 554576
18 49 978611
54 34 269356
9 15 121587
37 15 700411
5 24 408502
26 3 371959
37 38 456070
13 59 855576
57 47 774217
61 29 580369
51 11 490037
13 42 452241
1 8 483904
31 38 278746
61 57 198479
62 30 109417
27 40 936087
31 47 10578
58 4 584951
58 59 934626
21 36 563682
3 59 869505
29 33 502109
25 49 104048
57 33 797053
58 35 245020
37 19 327789
61 23 41471
30 25 786717
7 8 170607
50 28 894283
31 61 869670
40 16 848936
23 31 360518
6 22 291566
11 53 519020
4 29 886358
51 5 420499
49 53 636266
43 27 773319
7 29 166283
23 10 773447
30 24 354255
3 28 688949
49 43 70440
31 27 187500
42 22 720943
19 14 886501
62 20 855405
52 43 187577
46 12 299652
6 45 827215
19 52 305831
6 16 934598
55 52 189749
14 45 581107
48 55 236166
51 15 326646
34 56 682642
37 28 317887
11 59 884087
28 6 872046
20 22 154182
24 35 235346
60 12 80322
34 62 902266
23 7 911272
55 46 285137
55 25 141907
6 20 836792
15 43 896359
44 61 397035
27 3 292000
57 56 190432
6 46 348293
46 48 567599
30 23 908913
28 48 231137
15 56 190610
27 37 961463
26 36 150668
15 40 165837
16 37 74716
8 21 463660
23 24 721916
41 59 410702
52 47 918414
5 32 613728
22 33 42857
16 47 890317
1 23 100808
15 39 411694
55 39 899414
24 58 214912
5 14 859649
16 44 489860
18 37 778253
43 33 59999
23 62 248144
20 60 624149
31 49 666591
52 60 635414
11 58 147425
56 12 745869
35 62 397945
15 10 826810
47 11 378789
45 7 915643
13 48 795570
12 29 995683
44 31 517593
22 62 862044
62 61 305639
29 43 883183
20 31 77687
21 50 754025
6 2 467689
25 27 327097
21 20 392005
46 61 869656
10 30 85261
58 41 271305
59 53 363625
51 37 185388
45 40 364742
17 30 720826
58 53 789596
45 36 769382
41 4 136968
31 55 41835
47 23 403709
34 4 108510
35 55 868997
61 62 690549
14 58 756008
19 55 413403
19 24 637989
29 20 176549
39 8 485561
19 9 303358
24 24 450720
28 38 210394
25 13 516804
51 31 520668
37 46 814697
55 52 325035
59 37 667443
27 53 627876
8 52 49317
56 60 129354
11 28 344233
3 20 995194
1 32 271768
59 27 890757
7 52 198761
7 37 724185
62 18 187236
33 18 514360
31 30 947678
42 44 119080
38 54 378820
29 59 474497
17 54 288552
52 53 715234
58 7 770405
2 29 257774
54 13 803791
10 25 534778
22 49 348330
30 8 267953
61 61 70066
26 4 620360
58 24 460154
19 59 825058
60 42 749105
46 6 481974
50 20 540446
50 40 656644
2 39 181868
19 1 642934
1 49 733341
35 21 183457
30 6 743705
53 6 636924
24 12 388385
33 49 498370
41 38 234389
11 33 819124
9 23 319885
60 5 965497
55 43 445101
37 26 763995
47 46 424874
52 32 521899
55 11 304369
24 61 153031
35 27 513065
40 60 923765
61 59 269669
42 11 317182
4 35 797606
12 19 901964
27 9 253756
55 18 959491
55 11 832468
41 20 896453
54 54 963721
4 32 347453
47 44 561629
9 22 920116
36 62 305886
10 54 790674
33 13 970271
44 29 9946
50 37 685968
10 53 130043
7 36 177027
14 48 182817
36 37 460763
31 19 480531
53 4 895719
7 8 932093
13 54 896766
10 24 357045
25 29 124514
41 21 268545
42 62 796718
47 23 686421
14 13 220465
47 4 357400
60 41 113451
48 12 500531
20 22 793488
3 54 466188
8 57 571664
45 38 319479
25 39 473310
53 20 757817
32 22 678096
25 28 225998
48 61 151002
31 30 331966
6 45 997486
13 59 71566
18 14 498312
19 53 588306
22 27 693985
30 38 621246
27 46 332177
57 58 430553
46 9 493361
44 34 849682
38 21 728803
26 38 454526
9 17 357102
42 23 965878
61 27 423946
30 12 862931
44 23 677854
29 58 880942
13 11 964914
47 43 553824
18 38 565128
7 10 276615
60 5 796470
44 58 808793
19 10 907709
23 3 22888
40 56 33933
60 18 143266
11 31 814574
35 34 185444
32 34 59055
38 8 185792
35 32 635154
17 13 157117
32 1 866006
17 51 211524
25 54 817479
16 52 189534
2 25 964843
36 46 92780
16 41 20337
23 24 73251
22 29 938098
41 9 280615
44 5 639083
38 19 709116
3 50 806365
3 1 785959
50 26 979543
3 41 520408
31 51 289982
1 26 464712
11 21 511016
51 1 118208
38 47 592328
25 7 181309
50 7 91679
34 2 345717
51 30 309517
16 26 905639
36 41 169291
1 9 94002
45 42 909005
22 29 252713
24 37 850273
37 25 704585
27 4 778933
31 6 24790
10 40 593021
39 42 258009
59 53 126631
22 20 258035
37 61 381152
33 50 365085
47 58 712569
57 43 159215
31 55 622217
3 29 248931
47 40 889227
42 16 289688
60 34 80521
28 34 395874
7 15 607751
21 6 879076
15 60 612101
43 55 992658
24 24 471516
4 24 637339
34 51 12111
48 4 781599
61 13 366138
62 53 517436
56 12 436194
61 5 211849
59 11 686789
47 25 74148
21 29 405735
1 36 826958
28 8 937035
61 39 95884
18 62 255771
8 33 494434
7 5 629245
28 41 991648
28 56 352864
45 29 333060
58 27 218342
2 38 287493
16 53 167389
11 22 753699
49 56 111970
3 23 490064
56 9 610566
26 33 7818
53 29 332335
6 43 338715
12 23 769304
56 29 309775
42 40 514557
36 16 962174
55 7 975852
23 6 781923
12 61 754700
4 52 185951
29 23 125294
8 59 191418
43 53 474252
51 55 682495
39 53 357733
51 60 153188
22 46 569483
53 20 55709
33 60 527882
43 3 143867
54 19 539759
41 35 770431
23 50 996116
7 62 64215
25 38 500269
13 25 270100
27 12 32731
12 60 972007
50 57 176290
29 13 513656
15 16 686622
20 14 174449
31 40 879617
55 31 988536
51 30 128592
24 21 849346
22 22 237979
42 37 191670
8 35 744970
59 21 660858
60 29 921040
23 7 519089
4 11 173067
51 16 741399
30 59 68455
61 17 880460
23 59 156130
19 13 835674
12 6 41235
44 28 788562
50 44 581181
43 17 363285
46 7 927061
24 48 869564
27 1 984108
8 14 560222
15 22 697248
25 62 89434
40 51 350461
23 6 142348
51 22 527381
25 55 398867
8 6 250470
37 40 908261
62 42 207804
15 46 582284
57 4 371609
2 20 237091
11 28 46270
33 19 615261
3 62 38140
48 46 535374
15 34 187864
41 12 775156
46 41 608363
19 55 985182
42 17 421362
