37 766
6 29 513935
4 4 632595
14 10 655426
31 21 505321
12 27 664765
2 20 300166
10 23 416575
15 16 865796
2 10 577553
9 15 535395
17 16 30450
37 14 835083
22 37 804567
31 19 601158
11 15 337494
30 32 22012
26 22 76194
15 1 520922
8 9 173537
20 27 712411
28 5 245595
2 7 957464
33 8 455877
37 16 873974
31 13 327698
23 16 64859
20 27 694385
11 1 694854
6 22 634952
2 34 382650
10 8 546306
32 4 158726
31 28 922802
35 14 882684
2 27 425396
30 31 320821
22 3 14358
23 29 347853
35 24 178497
25 21 280050
37 29 910680
37 19 71321
22 29 492027
6 8 680745
37 24 34984
25 23 866377
37 1 982556
29 37 395321
36 28 866145
6 11 529876
36 18 777329
17 30 175455
2 36 513535
2 23 702164
4 14 631109
29 17 214157
34 33 695341
27 2 779856
34 2 964036
21 17 15639
11 12 343909
28 20 383216
24 28 322940
27 29 725228
6 8 220861
10 10 157741
33 15 831763
29 15 103304
10 20 211401
19 4 182331
7 8 971941
32 26 56279
25 35 384415
25 35 458297
18 6 300019
27 9 685945
19 29 918968
18 26 20868
16 26 159538
13 3 584984
36 16 864754
17 21 880808
4 20 913477
3 29 101592
3 6 126800
32 25 942258
30 16 8440
12 35 902821
21 22 285850
12 20 611131
8 28 663332
27 19 940476
12 27 921410
33 15 900461
27 20 912629
9 29 966962
24 30 423475
23 14 585167
23 1 755095
26 8 964402
32 18 690146
20 32 696640
33 20 174666
36 2 20333
31 4 860816
21 11 272093
32 35 731793
13 36 134368
11 31 780395
33 5 848799
15 7 939947
5 13 643215
35 35 452011
7 8 37835
11 17 328337
21 17 947767
19 29 678606
8 19 935822
12 16 308975
11 28 348627
10 26 906303
19 2 933875
2 5 115886
15 32 809454
10 28 569014
25 15 510879
31 15 217576
36 33 277205
23 30 941054
34 24 351869
17 28 221163
18 2 39876
12 30 576540
19 30 805030
16 12 264443
8 28 124895
34 37 276156
31 10 917458
23 30 715492
24 15 452109
11 36 924452
11 22 403459
27 3 909839
1 13 620919
20 6 292886
8 30 347254
36 20 893746
11 17 234576
14 37 40690
3 20 367597
3 13 84293
34 37 22241
3 25 299320
30 26 200150
24 15 10364
28 36 582087
31 29 997491
22 34 76739
20 13 477552
22 25 482548
24 26 577417
23 16 154085
34 26 393356
10 5 543405
13 32 567160
12 30 690543
6 28 797163
36 17 991467
32 29 946336
18 6 958217
30 15 170554
18 9 24839
35 34 389456
17 33 286912
26 9 598980
26 29 518520
11 7 128924
4 36 31480
20 15 988097
1 21 425974
37 35 571434
10 4 21423
25 26 661299
33 3 559171
4 29 764420
1 32 125996
21 21 439518
19 24 717273
10 1 663104
10 20 285594
19 25 355485
25 4 725002
6 14 49205
27 28 555018
13 11 162809
33 17 922689
33 20 521902
20 8 923643
6 16 63289
4 31 835571
21 8 935752
24 28 35599
35 1 947416
10 8 471138
21 28 640217
18 34 298166
35 2 387238
20 31 977334
4 36 896931
31 5 466038
13 23 739215
8 7 15250
4 25 520699
14 32 95134
30 26 357376
13 3 542437
35 11 436465
19 19 731024
23 21 740137
36 7 141068
13 34 235936
16 30 510476
17 13 719951
7 25 169204
11 19 570363
5 23 777039
19 20 896955
26 21 856163
18 24 954066
14 26 546781
2 37 696480
18 17 333609
14 26 205609
37 27 944332
26 10 555438
26 15 629041
20 23 552989
13 31 544235
6 31 310
13 22 340877
18 3 645206
29 28 217228
31 3 103171
13 5 777205
30 1 247393
1 9 810873
23 4 453255
24 11 662379
11 23 75990
10 17 894416
8 27 950342
2 1 88575
15 10 903425
16 5 286519
35 1 60081
34 10 926553
26 8 341035
36 37 275963
11 37 42343
29 2 40794
30 9 992573
3 35 880428
19 27 959529
37 6 563882
13 21 513338
10 15 908765
15 20 714738
20 11 497203
6 18 370968
14 6 686726
4 9 560404
22 10 854401
1 3 234370
32 12 471996
2 1 404685
16 8 571851
23 31 663135
28 11 742590
16 28 345231
23 29 298183
34 21 374798
32 29 449418
5 24 618298
22 13 941389
31 25 365887
7 1 818460
25 35 672281
37 18 513452
1 32 692040
19 27 442533
11 29 559201
22 30 553535
16 5 467265
30 12 205402
34 4 359287
25 2 476403
24 12 394632
9 22 420514
30 35 350322
28 26 438905
2 13 362168
14 5 117551
7 22 678130
30 1 362169
25 35 616040
36 17 514206
6 3 54181
12 19 195694
13 26 265516
10 37 37720
3 24 459585
26 30 589424
5 28 976905
9 27 896191
26 4 606727
4 11 354466
4 35 321548
23 24 249863
17 19 376170
1 15 576196
4 16 641128
19 8 386711
9 29 697180
27 13 510206
11 21 631991
17 11 292286
26 13 442401
27 26 306870
30 10 15057
24 2 73223
9 11 458162
28 32 453200
9 7 480010
10 1 795969
22 19 640340
30 31 284692
29 2 329847
36 3 137174
29 37 68618
5 31 514027
20 37 386917
20 5 952207
5 6 823049
26 30 187610
8 11 316952
29 32 863650
18 34 106684
28 13 219223
18 15 682630
26 29 343457
31 18 607870
3 32 286822
10 34 441832
17 26 400364
33 8 356532
24 15 370815
14 22 194247
24 32 522092
30 7 193370
3 30 570100
25 8 199099
15 35 202394
16 12 795736
15 21 913981
8 34 870513
17 9 342820
8 33 752648
4 12 825988
6 4 373980
30 24 637933
26 25 488555
7 14 630097
12 29 923395
7 16 629341
8 28 644796
10 18 803985
19 18 550412
19 31 595440
14 35 662600
1 29 70393
3 1 606708
7 25 631242
7 37 804859
11 6 227830
32 13 499123
20 4 640432
33 4 733938
15 2 729961
1 8 705487
34 29 267330
20 13 337065
23 29 268652
18 17 65767
20 5 124977
35 7 626825
21 31 553686
9 6 45564
35 37 33457
10 14 624337
17 1 639371
26 11 471457
20 24 113300
1 20 469814
32 36 518387
21 16 181918
28 4 516320
24 25 437733
15 13 669878
2 8 825575
18 14 623192
19 19 760223
34 34 872634
19 10 151058
19 21 771407
21 26 263317
10 13 862878
37 23 373833
37 6 668075
37 30 676404
9 29 905762
32 19 728565
11 21 298798
7 11 378591
30 25 836831
31 26 303114
33 24 194244
28 7 898257
2 3 809202
35 33 649732
21 26 17371
1 8 227966
13 3 121165
29 22 208754
37 11 165675
6 3 907456
17 26 904270
34 2 167411
2 35 444335
8 22 636670
6 3 754835
21 7 216889
11 5 929361
24 37 661286
21 13 659573
15 15 869738
2 21 697841
12 8 154656
37 7 163084
16 18 508752
19 19 737585
30 21 212298
35 23 852684
27 3 998731
2 22 310167
36 10 762388
14 5 326585
31 7 293310
4 11 257523
13 32 453240
7 24 687230
5 17 402180
35 6 664860
1 30 635973
26 10 657247
8 19 340415
33 33 33314
23 28 182050
3 17 784712
6 16 59122
30 9 367908
36 11 271561
14 16 560821
26 35 322573
25 21 847219
33 15 499785
31 8 78145
31 26 384795
1 13 617775
3 15 116302
18 19 98315
25 3 555971
4 37 177060
37 36 225578
13 31 842342
31 10 789840
10 30 109822
16 8 203320
1 34 273882
18 32 936773
25 15 255390
26 34 541883
13 6 386167
12 10 196881
20 33 289118
8 14 232525
5 37 138636
22 6 152887
23 14 57030
25 29 721532
32 25 611318
3 9 417333
8 1 220014
12 27 216263
23 30 189911
23 26 638
11 18 52956
9 30 902576
34 25 501739
37 1 580665
24 5 510186
31 18 371960
4 31 518734
33 16 447608
16 35 501768
11 35 885901
24 7 533548
12 7 818092
33 26 631508
1 27 959327
5 9 426130
32 33 524324
2 13 116805
27 23 258629
9 6 40975
9 2 782126
24 12 182342
36 17 96650
21 7 39431
11 3 60979
4 32 86429
30 33 397087
27 5 558549
30 5 445018
7 29 340627
2 7 729764
20 15 181712
4 2 226462
17 6 403681
26 35 313703
2 37 316280
37 16 728836
22 1 23544
34 9 441720
15 28 436116
3 18 715994
22 21 184827
25 10 800133
16 25 947995
2 23 751533
12 15 204729
31 10 991414
27 22 74037
11 5 387853
35 2 262412
19 33 950381
20 13 394178
21 8 171616
21 1 193891
21 20 60408
5 37 995367
14 11 75885
1 21 187323
25 31 431009
17 5 921850
31 21 304928
19 30 502108
28 27 327054
18 28 844848
6 6 690164
21 8 243361
20 6 611125
9 34 472402
27 6 372907
24 22 318483
3 32 788464
37 12 555594
13 33 274857
12 21 177244
34 16 612160
7 32 549145
23 23 201734
32 17 744413
33 37 746035
27 28 531683
1 6 439744
4 17 105676
27 15 169595
12 27 542022
10 19 418640
23 17 941011
8 29 119130
36 29 963434
14 16 975040
17 35 893774
7 32 876405
9 5 784995
8 18 441007
1 10 153955
34 27 227417
14 21 886506
7 23 167400
34 16 564322
26 14 756313
24 7 426582
10 26 17107
19 1 616463
27 7 748653
14 23 546058
32 36 148208
31 6 776443
22 34 620359
29 17 742498
37 33 161109
3 18 209079
27 33 966692
35 33 520503
6 18 216014
37 15 144557
9 28 193207
13 32 162730
29 25 579720
16 1 31521
25 1 659826
9 14 471853
16 10 345038
27 22 109694
26 28 873768
9 11 806431
5 33 595863
29 5 604355
23 4 67773
2 8 335195
34 2 181443
24 2 628627
1 35 714530
11 16 756179
9 32 725337
11 27 689083
34 6 703543
27 16 876058
2 4 580482
3 18 291152
27 1 682959
1 16 373935
30 23 345168
23 8 692586
1 2 920700
35 11 98271
34 29 552553
23 7 844039
22 22 133524
23 26 922447
30 25 325312
32 36 838070
15 9 820191
17 19 771217
7 24 574611
12 19 459003
5 11 243566
30 20 697214
2 3 613728
32 17 592509
32 21 561357
8 20 366434
16 19 381669
5 14 253809
26 25 336877
1 25 540947
6 25 321260
35 34 685929
14 32 899525
18 34 67940
36 16 783378
27 32 933686
17 20 590639
25 15 396035
29 33 278366
7 15 922779
2 5 282371
11 13 449626
9 8 372669
36 23 908334
1 28 878255
35 34 194877
27 25 340444
5 3 486012
20 33 79889
31 9 420769
15 4 6037
26 3 99200
17 13 920974
36 26 962529
27 34 102859
20 8 772571
14 21 573995
16 1 434650
20 30 897978
4 36 419075
37 26 920600
31 10 646695
35 31 824119
35 34 325236
10 29 80567
7 9 365480
32 10 840809
2 8 748353
3 37 623245
5 10 67491
11 30 211558
30 31 802938
29 36 508190
1 29 71014
6 1 590113
8 32 346879
17 13 223226
7 3 974256
23 15 620064
23 11 418504
2 21 603716
14 34 5101
15 21 545008
21 10 532101
37 1 198829
23 28 211053
10 12 986048
24 12 110955
16 21 458307
2 7 31720
10 2 829728
20 3 142376
36 35 646965
1 8 821572
1 3 71081
36 11 13706
32 16 590643
1 36 56047
20 28 770148
16 19 370561
18 33 368056
7 32 107400
34 1 310094
23 27 194991
23 35 549008
27 24 347109
6 11 932113
4 35 923375
30 13 472886
16 5 241495
2 28 450690
18 8 796354
20 23 65586
16 14 939210
21 21 653361
11 10 704509
17 17 526154
8 20 616428
11 34 60440
25 21 305233
19 8 472991
7 22 871334
30 1 33726
15 18 5504
1 15 906380
15 9 958302
28 23 81498
34 25 162426
