72 297
10 15 403431
16 34 200002
46 4 103712
20 20 626374
43 1 449700
51 39 735841
32 2 870810
49 57 37658
4 71 241108
58 67 987206
68 48 230580
16 55 936928
8 14 657938
12 29 723873
50 23 988194
18 6 182496
35 72 310792
38 7 913883
5 71 848263
62 20 992875
57 22 629291
72 29 336572
72 42 291047
38 54 610568
55 12 591312
17 28 543173
16 54 615987
31 64 864086
45 1 723349
58 12 762641
54 20 614601
19 10 60827
23 8 167237
38 43 530939
13 53 24652
18 5 701392
42 30 637551
50 45 26889
66 15 419820
7 42 981350
49 55 453064
32 5 933801
39 3 46511
66 11 726399
52 24 699930
36 26 999484
23 29 724578
65 58 261804
4 9 352772
56 52 857150
59 52 424300
64 49 536056
54 51 33023
60 24 860951
28 4 183492
58 16 696276
34 18 510246
4 43 374994
72 2 434323
41 61 789623
18 19 221258
53 62 316760
25 42 368099
15 14 215047
4 12 710762
40 2 465720
38 60 438349
22 4 2793
2 16 725720
63 12 699909
51 61 676658
48 8 3737
37 38 749313
40 43 323467
1 18 434037
8 23 99203
17 13 474640
50 15 223860
15 32 633931
14 38 90413
17 33 573699
54 66 852408
53 28 684617
32 59 756472
4 68 154710
34 42 791473
14 72 749200
55 17 756520
27 37 548589
59 50 813582
60 18 58993
40 69 483096
67 48 718839
48 30 487351
19 62 243610
17 39 423354
16 44 947014
34 27 964171
54 44 787354
70 2 198282
16 4 26905
47 19 11108
64 54 929042
29 13 29601
5 70 444206
11 62 942313
58 67 428181
48 19 651767
47 7 793331
33 21 202945
46 25 956997
19 57 604101
1 53 346440
60 27 636803
13 48 400933
40 13 64763
65 66 649171
22 26 532982
42 60 243816
60 39 697366
70 39 205648
15 36 273938
65 55 5446
15 61 812687
24 29 914224
43 54 223424
15 62 370058
20 38 16529
23 46 44460
31 7 106544
34 20 608819
54 12 345853
13 55 546699
27 13 105580
55 16 552658
41 57 569869
8 42 354763
34 24 46593
54 55 184755
51 6 820106
52 21 680422
51 18 197760
63 39 740479
67 27 237606
17 8 31199
44 52 594092
70 37 29833
66 33 851403
52 11 130412
1 21 838373
51 15 9103
57 59 690103
68 29 605072
68 12 20458
71 24 426049
19 50 509660
40 71 96415
47 27 622428
23 43 803553
6 45 289531
67 60 599232
65 57 123980
29 4 263361
26 15 635922
18 54 732323
15 64 450791
21 16 778549
50 39 807869
25 69 858316
54 17 469719
34 5 1461
69 50 327013
49 29 589761
30 43 881603
71 21 102131
37 62 413120
31 13 487134
45 6 944188
13 29 459125
55 57 425661
5 55 305877
14 37 700851
27 17 462390
17 49 459416
49 64 379470
53 41 876533
11 34 258552
53 7 583915
28 28 747941
27 16 504781
25 8 770994
3 58 589269
26 53 641915
55 38 710519
42 53 890074
29 64 139336
64 30 21961
61 14 949052
51 61 116212
42 18 676139
70 50 858910
63 72 613011
65 31 174109
7 36 445787
8 50 817190
51 50 563516
21 64 870404
19 63 624762
25 10 216014
60 7 459242
22 46 168562
22 9 73501
9 50 815853
33 68 661353
8 44 861164
61 70 896916
44 55 556647
55 17 534931
38 12 152323
31 11 469159
71 70 672208
49 29 279862
44 60 252578
69 61 326448
43 51 536750
50 43 600057
12 68 962090
64 8 736405
17 14 419536
51 9 35035
9 27 717327
67 30 228512
1 66 144525
67 5 707781
70 22 872469
44 44 392590
10 44 605415
44 49 622822
60 69 418840
46 31 922582
12 33 581235
2 59 231678
32 45 294606
70 27 687636
69 46 890171
70 29 184521
70 68 674381
63 63 693901
12 52 641501
51 16 888534
61 62 206176
59 36 415958
5 51 529178
3 18 602576
19 50 132690
8 42 383886
12 15 7252
63 50 595743
43 25 534894
67 11 836712
10 70 842198
54 10 121878
57 17 393990
27 70 771689
18 22 781710
41 60 496695
40 3 934056
61 39 196148
7 21 851030
59 8 671404
32 14 631931
41 6 576659
39 40 7814
24 14 927638
33 31 993945
40 27 546406
16 27 497315
2 59 82501
8 17 872814
72 22 73284
3 11 488265
29 62 147133
11 9 639383
71 61 947758
71 17 405220
32 42 971948
29 71 173401
56 67 549354
54 43 792986
70 30 76235
35 39 925728
12 24 99335
25 20 983435
36 33 957428
48 69 340470
18 59 691476
62 67 948621
