62 929
51 43 800648
53 29 196556
40 35 136656
9 18 48205
1 32 909652
49 8 227119
33 3 739014
32 37 484781
61 7 281314
33 47 151108
16 53 128612
16 59 496634
37 49 842217
7 14 352501
45 24 965824
54 39 825344
60 61 510363
44 25 365666
52 23 968054
6 7 956107
51 40 551682
17 14 393387
56 51 323243
58 57 195927
28 9 340182
15 7 140132
47 44 852310
21 40 272051
32 32 921998
51 1 225645
28 12 323172
50 43 737236
48 35 968407
59 49 15581
13 21 350625
46 42 110472
37 57 717066
35 28 538592
29 42 553720
18 49 822826
50 41 539695
21 50 858548
8 3 84922
12 58 563222
22 51 102298
27 30 270383
31 5 483493
31 14 159044
23 18 713584
11 37 294158
22 30 295919
38 54 117423
2 48 702591
51 12 34026
57 32 348316
55 11 572471
57 58 999261
50 57 599017
52 27 52809
49 1 847873
8 7 727010
39 24 964532
3 23 974478
38 44 412331
61 43 280910
7 26 848516
50 48 807020
7 14 526938
29 51 975428
33 17 953065
10 45 622579
13 15 529625
21 39 146546
47 25 168433
62 28 161406
35 14 485555
8 51 834005
24 11 574138
60 41 469912
29 37 713866
61 50 355090
46 36 645996
42 10 686196
51 33 954668
41 4 287523
6 3 472237
54 32 248813
27 12 385643
51 25 235695
60 15 49801
60 50 720571
62 50 412816
21 25 375619
19 32 984328
14 16 122382
33 53 111398
10 18 529534
4 61 590149
49 17 736917
35 6 976574
59 18 375249
35 58 250999
43 61 532979
5 3 224742
14 27 85187
55 7 452866
34 39 263244
4 13 648818
60 41 316038
59 38 510972
30 53 313245
3 4 488002
35 38 352234
31 42 442351
16 47 844068
44 46 976848
17 28 873976
38 20 274746
5 23 771145
62 36 252871
22 13 232762
23 45 491797
6 44 256765
29 46 697398
6 7 263492
44 39 673447
52 59 792892
15 29 427718
15 27 79281
42 40 190954
14 54 432467
8 21 684378
9 22 552970
14 8 154984
5 22 617063
24 58 503596
7 52 997197
18 40 90255
57 40 335439
55 55 57562
48 48 957571
43 58 185056
44 59 840841
2 48 681233
10 12 444336
5 30 919650
38 8 558123
54 27 721593
44 48 960812
16 17 269694
26 8 209773
38 19 276233
37 40 708583
26 33 309033
10 29 816320
11 61 734586
28 31 11426
56 29 455231
51 55 252172
40 2 46944
5 10 740793
4 62 182471
53 11 620694
51 59 796377
13 24 330487
41 31 73089
53 54 547320
53 28 377983
18 10 232112
48 57 269511
24 51 595974
42 41 818347
28 35 126642
34 39 624437
2 7 715861
58 58 633909
38 4 729781
58 35 11868
13 12 617345
43 20 746767
43 33 616423
59 29 635997
3 24 94249
37 51 595630
37 8 189087
42 20 390903
15 53 918264
28 10 334955
36 30 26227
53 5 603422
62 14 507873
39 61 525465
45 61 382652
59 62 126503
50 39 584406
37 13 357591
40 28 67470
53 34 116654
19 14 911569
16 32 754202
24 12 743276
15 59 801835
59 35 636901
2 19 751152
3 21 748286
36 53 104731
4 23 192631
48 27 887169
8 26 158307
58 25 768425
60 58 815794
7 55 455494
34 29 427780
55 5 940841
38 39 827250
5 25 710554
52 10 777057
6 5 956726
1 7 858394
26 45 424911
24 19 233954
58 50 328629
6 47 9658
38 37 883220
21 5 355069
44 24 227715
41 58 758897
32 36 852865
48 8 245068
13 17 105343
40 14 67187
6 18 143025
48 49 343889
39 36 793334
60 30 637822
31 42 636209
41 47 330698
40 37 228102
57 3 517210
47 38 674359
21 7 177041
45 27 41246
35 5 220425
6 34 193750
9 5 329573
16 48 50979
23 8 272570
54 8 567907
60 44 979865
1 14 243249
19 26 544140
35 45 754798
20 13 665361
38 17 585349
17 24 840261
46 59 879791
3 6 490253
10 56 300404
34 56 118924
28 19 151201
1 30 53796
41 25 55009
13 32 946070
18 35 633884
43 57 113754
17 18 663429
53 29 445535
11 44 290872
52 40 897357
20 61 780272
32 60 580571
26 32 911462
49 40 224114
50 18 69198
62 55 815327
16 30 616033
3 41 256874
29 11 656094
21 2 660291
41 16 258232
33 58 706100
25 58 195795
40 55 353065
3 4 22095
18 57 397600
20 15 522693
59 20 761294
36 31 418558
14 13 460375
62 12 327236
37 32 729069
46 14 178883
43 32 667938
15 30 908550
7 20 686474
30 29 986101
19 28 146674
6 37 347504
16 44 862345
17 22 984199
4 31 877
18 58 369107
34 20 204689
60 43 539659
48 54 22159
11 16 652942
55 55 145924
59 37 817434
4 61 740826
9 31 276690
22 41 533726
47 54 61727
20 7 810486
51 50 974224
61 36 531601
39 50 734393
20 46 6355
18 46 125473
26 33 169641
29 28 701735
47 58 860271
30 39 786528
18 50 834986
31 45 262928
57 8 254975
8 14 669444
49 45 423911
47 27 290160
10 35 742909
48 27 172767
48 5 196791
24 62 589985
14 38 930392
36 16 29058
50 53 968728
38 9 939600
37 53 315201
17 53 924715
54 47 697264
60 34 509356
29 25 780869
44 12 650372
49 28 40011
60 12 406065
45 23 448721
34 1 107398
25 12 838729
36 4 69571
27 55 508659
54 18 204430
11 53 701760
58 10 260300
16 59 343596
55 40 409428
21 34 724828
22 46 432095
55 33 425855
26 21 93302
60 60 758774
41 35 60949
8 42 840596
9 51 508914
37 15 493242
14 46 438360
49 42 298142
18 26 544958
61 52 425020
21 55 430862
23 11 544801
32 5 136982
6 52 341478
10 41 967383
40 7 100465
36 42 473301
19 57 421298
50 53 200790
6 46 318700
15 1 760170
30 27 419673
13 29 247298
34 34 993739
19 48 749752
40 14 770802
59 3 847687
32 61 421397
56 23 130861
27 49 535380
41 61 337097
1 62 272675
49 7 809243
45 43 833959
11 8 917730
10 48 910251
1 15 78710
6 49 416620
52 61 544471
43 48 513816
57 26 455465
61 15 919294
24 25 402922
20 44 370891
13 38 23777
48 56 894546
18 7 360465
30 37 597721
31 23 547921
51 20 232210
32 51 138704
25 60 443098
53 25 882342
55 37 104673
47 33 497907
9 43 603246
8 33 77502
44 21 291360
61 32 597083
39 3 912196
14 62 989230
12 12 931782
53 15 663127
35 46 307769
58 45 482443
31 12 587603
45 53 519181
13 18 350147
3 58 284413
11 51 592608
28 33 546
40 57 214285
47 17 971150
8 28 178104
22 33 889950
17 12 597937
60 37 576574
61 41 471823
12 34 410316
46 26 277046
47 53 859901
42 6 147444
49 62 409763
51 31 112815
3 56 351757
41 11 308230
3 53 210774
54 36 308369
17 29 493352
16 45 700292
31 9 541037
53 33 670848
43 46 983545
37 9 949318
11 32 644983
40 52 25015
61 13 45587
16 43 110592
5 29 124195
48 51 694216
21 23 120286
50 38 666253
14 32 233580
50 30 1084
62 48 318151
29 20 538380
59 6 889476
55 44 357800
40 9 183357
18 19 655561
27 11 600110
49 7 721115
2 2 186605
52 12 950381
41 29 199900
9 7 45118
10 35 590164
26 37 440283
45 32 782483
9 25 962367
22 56 925776
61 28 401619
3 54 495436
13 23 171522
49 8 684640
62 30 220957
52 15 661379
52 36 96775
25 50 143848
55 4 161284
34 8 382312
51 45 933285
1 17 113936
20 17 975731
33 52 78310
9 15 955692
58 8 635732
5 47 675468
4 14 101916
35 54 370467
47 36 498476
32 10 51697
13 35 445371
19 17 358214
45 38 972937
15 28 220233
51 35 994554
47 8 119995
56 36 785743
56 33 183772
31 47 284688
58 22 619459
62 49 744065
5 45 848288
48 10 287738
3 37 463775
20 12 776458
20 42 884543
40 7 756752
20 4 521408
20 3 475635
9 7 144675
11 23 559598
41 22 136326
10 46 278908
15 35 378566
43 40 665129
3 23 897301
22 8 106375
50 11 463062
20 40 780159
12 13 557117
7 44 993877
11 40 219268
10 3 775355
25 53 477725
39 20 563604
46 30 105304
11 21 258702
22 4 627192
57 36 584724
44 50 286358
33 33 760681
5 45 123107
4 49 246729
21 31 170868
37 19 387078
59 61 595496
56 18 783566
19 55 266278
54 14 267881
31 30 2822
2 23 713564
13 19 573569
56 20 33931
8 41 963914
16 12 19535
42 51 557372
10 5 194779
27 55 38387
3 6 883632
59 5 445404
55 12 860821
3 14 879968
36 52 220586
16 54 881585
15 4 975163
59 23 122712
31 36 758588
39 50 605399
17 62 598544
9 43 183029
4 25 865160
19 19 989195
27 53 627507
26 24 744800
43 41 492666
41 41 931585
3 3 183577
30 15 29361
28 8 853742
39 39 96435
11 5 388042
20 4 352529
49 50 942956
52 18 671168
16 5 261073
32 58 961417
43 56 709583
22 33 443162
16 27 775070
6 41 731887
38 35 761309
18 42 367407
12 57 446419
15 6 347433
37 32 764306
28 5 840651
1 41 735398
58 43 115658
26 60 852226
1 27 675410
6 9 61773
31 57 599575
43 4 746739
47 26 908872
21 46 763900
54 26 26213
32 13 65630
55 35 829678
51 30 91104
35 20 295498
28 31 67910
31 31 248847
11 58 641935
19 60 882675
22 38 239145
2 13 839428
43 27 667333
49 36 107820
45 5 51633
57 34 548374
26 43 404790
46 18 553082
41 8 265791
45 42 754390
44 51 342454
46 43 234539
47 26 405463
10 7 928945
5 4 767797
47 6 466665
33 2 195756
19 10 210771
45 32 25742
49 47 279852
50 28 939315
47 48 879904
15 13 139382
11 51 341906
11 32 230328
49 10 802470
59 39 99566
37 14 897024
48 15 500636
37 40 215985
6 27 581965
55 19 562768
19 45 205406
51 26 458624
45 26 137883
59 35 980932
27 4 138910
30 16 839585
59 8 444119
23 36 957895
7 43 836873
52 58 540048
52 60 501511
3 25 684700
59 53 795544
51 13 226422
50 29 753978
6 11 558424
35 17 683527
24 14 678624
15 33 792877
52 51 910292
1 55 795938
30 12 750753
23 43 525602
14 19 956588
8 37 151820
29 8 498784
25 40 154451
49 32 929614
25 39 100907
16 1 154637
13 18 145268
41 20 717033
58 4 525361
55 30 280382
57 16 682970
55 11 888461
12 24 819041
56 38 801892
17 46 311941
37 21 26736
14 53 777487
50 61 965036
62 42 788006
2 12 770146
14 42 912642
22 18 448606
22 16 94432
41 49 737136
57 20 783379
20 19 723471
31 32 346224
48 36 371092
13 29 891075
53 54 306045
12 2 971697
42 56 766908
40 10 777319
17 60 57597
51 36 561565
54 51 352666
20 20 880714
6 19 122669
46 40 731253
31 23 93569
61 20 877963
10 52 647873
59 17 673096
1 14 45016
54 52 293526
50 45 587212
56 44 586496
25 11 587544
3 32 735159
60 16 39661
25 54 739648
7 42 867832
11 19 601414
36 36 58834
8 6 418639
55 12 210068
41 20 108757
53 18 833228
17 9 409262
38 12 19815
42 32 366944
53 39 392267
7 15 611831
13 46 68344
2 31 823592
39 4 855692
13 39 104594
37 49 546976
43 8 631131
55 18 837273
38 8 78453
28 23 729584
28 18 274373
12 6 883788
9 20 933710
36 38 24390
35 21 676769
16 31 85284
2 36 106416
7 61 857459
28 30 293840
27 56 990990
36 39 588655
1 31 444670
31 5 865244
57 60 965066
34 31 833520
54 33 962257
3 59 514724
56 42 473108
60 53 892364
35 5 904979
7 27 186544
41 55 523742
14 16 32327
15 15 625435
26 28 789926
39 26 853316
9 30 522081
52 39 80405
33 42 138103
61 52 428298
45 5 549498
48 31 401702
45 36 721524
44 44 361722
27 21 281980
61 9 796078
40 24 62705
23 27 342939
8 14 93609
11 5 456472
58 45 963902
6 36 771867
18 1 989815
10 62 343843
19 41 511815
27 4 994178
56 61 84487
59 48 405972
33 24 92753
60 61 799857
37 13 598869
31 38 152662
17 37 532327
31 18 553581
4 15 119981
29 36 607364
50 53 510096
5 27 747063
60 25 825872
36 27 961384
40 40 33552
36 11 575538
53 30 277169
4 11 492316
18 28 866660
16 17 143460
50 33 306600
30 49 258419
3 33 129728
46 16 139699
10 23 977783
43 52 40032
22 21 640219
34 56 905336
39 3 129050
18 28 605547
9 33 984943
28 18 921865
32 28 336675
3 24 294455
33 34 637346
56 54 492818
28 12 992362
36 44 298580
57 15 367518
26 4 927157
10 11 881725
53 11 607190
61 53 806442
41 13 3492
57 8 730133
34 13 740758
21 7 839927
14 35 652363
5 53 407629
47 36 453816
31 17 805402
9 35 600717
35 61 376011
12 23 840784
52 54 533980
31 9 441208
55 8 408752
39 5 186166
27 15 959581
26 46 534066
35 53 44046
38 43 521595
60 8 963539
12 22 770075
20 29 749835
33 23 161816
26 31 849803
57 14 392240
9 39 917388
17 56 789486
40 20 731536
41 45 320035
24 41 901658
8 28 610899
27 57 292528
4 46 875627
52 17 591466
44 32 256531
59 55 14152
10 21 407064
19 3 609508
36 23 272405
18 38 229131
47 19 512017
29 55 93166
26 61 633199
12 24 205757
55 13 496989
46 20 525213
31 42 781063
23 36 801127
23 11 21751
32 31 474506
56 42 297410
34 15 913356
51 3 287090
49 16 191451
50 45 209728
15 9 975281
43 19 102889
1 10 563400
52 42 457466
34 22 651778
42 42 948226
18 19 891809
27 46 760156
44 6 396253
43 33 802049
37 19 969700
59 55 998620
5 46 588935
17 31 703784
46 56 434626
41 4 219140
19 24 238452
44 21 706423
25 45 192757
51 46 268888
37 9 245971
32 19 750783
25 52 696158
49 53 746693
27 36 978104
50 62 754860
42 51 494655
41 55 871381
61 60 119384
24 15 123613
23 16 881354
56 40 439131
44 30 879854
62 3 49342
21 14 549446
59 51 711136
23 14 839352
43 10 28913
53 59 966476
55 20 646161
37 34 743044
25 21 411921
7 2 884907
58 13 130173
