92 104
87 41 176965
58 83 271376
56 51 472230
22 62 113780
8 78 740635
43 87 80066
67 12 255486
41 58 819351
61 92 582998
22 65 720566
52 26 608003
76 57 919572
50 73 952612
42 45 21445
83 66 240573
66 60 715863
62 82 429204
39 71 213389
20 48 640439
75 13 36540
52 72 639674
32 63 948772
15 19 996812
18 7 95769
13 4 433699
18 1 244723
3 20 825396
34 61 296638
52 66 118775
50 49 281362
59 2 299806
62 13 778490
16 59 826518
15 78 537224
87 26 663494
88 86 623355
68 85 683730
84 1 558626
68 22 567303
2 75 388563
36 20 285790
12 25 838440
66 52 516469
50 12 398783
32 23 751547
74 41 910594
10 60 317798
12 50 733315
76 87 768768
81 23 947570
22 42 316941
68 85 818597
26 24 413234
71 35 171505
6 26 828679
91 5 996113
24 27 854323
58 64 109245
2 17 412002
60 11 910829
20 85 161871
77 44 541074
15 76 164749
3 25 191169
39 75 85017
24 60 710099
69 1 152762
4 39 425895
88 6 252457
18 38 724918
75 90 703462
9 60 670176
25 88 297029
36 81 981469
82 35 602872
44 58 685485
92 84 475548
5 33 558301
35 21 247510
57 34 48828
18 92 352279
28 70 408369
82 8 442472
19 92 107292
31 64 732406
32 66 160489
73 66 712667
36 6 377984
31 53 916386
83 5 653833
50 51 269080
36 84 146482
84 77 901339
31 16 474045
5 48 777240
14 1 435203
32 32 864269
43 39 331663
53 63 957667
12 25 478331
92 73 11459
84 32 374021
19 20 925447
55 65 556648
