33 801
28 20 736570
20 30 870469
28 1 460714
4 9 379104
11 11 892523
15 16 203041
27 20 278945
12 8 287894
29 9 534563
7 22 562322
22 15 142389
23 25 885506
24 3 474873
18 24 343973
27 2 566937
29 2 985082
14 18 60704
33 18 123058
26 18 519607
30 19 217361
27 14 793053
1 3 668321
33 33 106229
12 22 134805
17 4 977301
7 1 745144
30 23 48724
25 7 351830
12 27 667296
26 8 518506
5 33 989560
13 22 57160
13 21 69475
22 24 172524
22 18 887684
8 24 586841
30 18 147494
28 9 871324
8 32 572936
4 14 346324
11 15 934982
1 26 779231
21 16 893406
32 29 322603
24 33 154877
27 32 153994
24 26 378145
10 4 548365
22 20 623172
10 6 865214
26 29 730166
29 30 194840
30 13 844247
10 16 411967
13 3 196540
17 5 887241
2 30 921249
7 31 103354
20 15 303123
14 16 223294
16 17 943809
25 15 834514
23 18 605854
6 1 1222
29 24 366793
14 29 201408
16 17 238328
33 13 741792
3 33 785393
14 11 237789
7 11 209552
21 28 910752
27 10 970393
25 11 753103
22 19 618773
10 8 808633
19 30 102150
28 8 955811
3 31 574714
4 33 36089
16 32 899424
24 10 698650
16 31 564936
4 31 383672
21 11 522003
26 22 129367
13 22 669819
1 31 923350
21 9 351027
12 5 245806
3 20 396084
8 25 117267
8 30 439054
31 31 129484
20 29 430698
29 5 421699
27 5 106064
1 12 237623
16 3 759444
3 1 792282
29 24 245638
7 8 281453
15 29 390199
28 6 551214
1 22 496303
22 26 337949
3 29 547988
10 12 232547
14 25 378954
7 21 727381
32 21 135995
27 5 643130
18 23 754060
29 32 953678
24 30 541374
24 27 781011
1 22 164625
26 5 796996
12 10 897238
33 23 255251
2 13 624267
11 29 162759
26 18 500601
15 1 726778
24 17 376341
19 1 539089
15 10 355234
30 4 851235
16 11 884301
29 3 389092
25 20 587380
2 2 858489
18 7 174040
28 21 213420
10 13 243461
27 22 173696
16 19 990972
21 27 572144
4 17 409962
1 25 369067
7 15 93696
3 26 576981
31 8 123864
20 10 785469
16 25 925164
12 28 54931
32 4 142589
26 19 764505
16 27 217921
30 3 233907
32 4 761694
31 16 769337
13 12 928832
9 4 587306
26 2 336413
1 4 631564
3 30 513880
14 16 909343
21 2 830613
4 7 450951
13 10 847713
21 19 315569
26 13 427134
23 5 52828
26 25 268466
6 21 630066
30 3 745279
33 19 965551
10 3 2589
15 8 135720
30 4 802968
28 27 439977
30 28 295065
22 13 443606
16 14 41577
10 5 899322
19 25 525049
21 24 783453
6 19 436876
10 27 898542
26 2 361245
26 3 182993
4 16 312593
31 4 478635
19 33 335589
1 6 878462
22 22 201247
12 25 185908
10 2 965586
20 21 955389
1 6 806428
16 7 922245
29 1 429486
8 19 440277
20 23 155190
6 17 978485
8 7 301118
14 32 996925
22 4 670546
17 21 51758
27 16 214290
3 25 322636
4 4 421373
20 26 378940
16 17 911571
1 7 837347
2 30 891101
30 33 220294
27 8 333101
5 13 848362
22 15 448802
14 3 236483
21 17 769221
9 16 506909
17 31 232338
16 20 129300
16 11 435565
15 21 955587
20 28 989320
26 2 646996
12 27 434003
1 2 406759
11 32 862965
18 9 807745
27 15 600363
7 2 50300
21 15 391688
29 13 515113
16 32 978109
21 3 440715
11 20 173523
3 27 96246
20 4 122092
19 28 884241
15 18 25161
23 16 830745
2 27 718229
15 17 376069
5 27 203144
4 14 862203
18 19 136530
24 29 83058
24 32 135668
32 33 791296
20 20 344430
24 22 479800
18 21 295710
32 7 261736
23 7 520378
30 11 795000
28 16 395899
14 14 493773
10 33 362716
4 12 156538
15 28 792063
8 4 374743
6 27 195182
6 13 51794
32 32 337423
16 4 506535
23 6 338892
13 19 841436
9 10 137263
2 9 292838
12 4 177934
21 4 387300
6 21 652697
18 14 306774
7 21 61309
1 15 491178
11 2 985868
27 16 143427
25 12 925661
22 2 836575
5 10 191148
3 21 742121
8 21 869715
30 13 839338
20 1 492956
25 33 40778
33 14 313637
17 1 122328
7 32 412146
23 11 798449
27 30 897814
29 30 745735
14 27 929582
13 14 5292
16 20 326912
19 12 218777
20 26 730510
30 1 694445
26 30 815281
30 19 676527
8 13 624370
18 30 703169
31 12 868992
26 11 26330
5 16 361512
21 17 237560
9 24 28622
10 12 590988
4 6 139109
23 2 411417
21 22 881913
33 12 644166
28 18 214964
19 33 216619
4 3 952458
19 10 949550
18 5 210401
22 17 488679
16 31 294307
7 24 82232
7 28 174092
30 32 227954
30 30 885805
21 3 986756
13 2 212066
1 24 147097
3 5 153663
18 24 455025
4 1 801947
32 13 488061
27 13 80764
17 21 717513
29 31 876993
12 4 220177
21 25 401500
12 20 408876
8 6 992819
20 30 708135
29 4 910212
24 10 658786
3 17 713355
32 1 802253
14 19 651627
15 28 637754
4 6 201274
21 24 421052
17 18 605106
4 28 653103
24 12 559285
28 29 636456
22 4 959402
23 21 828595
13 11 796558
10 15 439089
12 7 644095
16 19 819640
6 10 878964
22 13 963432
20 2 702004
31 27 628084
31 1 272506
28 25 32519
19 12 873282
22 12 720967
3 33 472733
12 27 646715
18 15 109439
22 33 36490
3 19 614968
22 8 302452
23 5 490626
3 15 998444
13 12 834726
15 9 53453
9 28 640890
19 19 497596
12 31 858781
15 5 776412
28 2 733620
20 12 242453
32 33 899229
10 4 775304
16 7 720372
2 10 830650
32 14 373770
10 10 518622
3 23 976035
6 32 589307
30 30 439946
1 6 79536
13 19 968143
17 30 692655
1 26 755895
20 9 944667
24 2 216812
24 3 724410
33 14 334248
19 2 731456
22 3 650434
30 31 551189
22 24 476011
19 23 336684
13 4 384057
23 23 749982
13 20 327340
19 4 944957
12 28 285163
29 15 615027
31 24 548297
8 28 81603
32 33 998972
7 12 370135
21 11 165171
32 22 782360
14 2 988267
11 32 840648
17 16 496176
32 27 769376
22 22 513321
1 31 574666
10 5 872601
27 3 731585
18 25 496710
17 22 749465
22 33 53704
31 17 588971
5 11 376679
2 14 597479
12 32 942693
3 10 612682
27 27 290575
17 15 264726
11 1 292423
7 10 336535
31 5 248040
16 28 393240
7 26 270773
11 14 509514
12 21 466334
26 13 973204
32 7 366643
22 17 762316
4 21 954310
9 7 647359
32 24 328741
11 25 984900
30 13 906064
21 33 990053
23 8 982846
21 31 872990
3 33 164540
28 25 967561
15 6 754611
16 14 34821
4 22 781531
7 23 331442
10 29 273501
2 13 315767
28 26 902858
17 13 358425
15 23 683956
10 5 367960
28 32 257461
16 3 76183
14 3 646858
28 20 740099
5 31 281071
9 25 639059
7 20 830554
30 14 504672
12 9 325051
19 5 551087
25 15 528693
23 25 220282
30 9 922382
7 13 957668
28 16 743874
26 30 684411
13 15 632169
7 3 346939
19 29 576243
6 11 103294
29 24 415072
1 20 670381
25 8 549925
6 30 348142
17 6 848215
14 2 955290
7 16 744161
29 11 694709
6 14 233489
9 16 642546
30 1 109904
20 33 588142
10 20 461936
25 12 33768
4 11 31849
5 19 175407
10 18 273524
24 20 681750
16 23 756956
12 16 304722
29 27 143894
10 15 563830
4 3 371852
24 2 750429
8 1 361017
19 8 2937
33 23 581464
20 22 612057
14 25 669999
17 3 484063
31 9 625399
30 14 516727
21 14 759252
25 26 580117
23 33 958960
4 14 811630
13 10 343153
26 13 61968
24 13 216292
6 13 956503
28 11 285961
23 6 113234
13 29 662940
23 8 73569
22 29 35043
12 31 715990
17 10 2392
5 8 620410
32 15 559296
20 1 740890
6 21 720974
1 30 400699
21 17 767005
9 23 707043
10 4 134661
14 6 912617
32 2 134509
19 3 218080
31 17 245297
8 1 867595
20 7 703557
15 16 592807
10 29 441796
4 4 796147
29 2 466137
8 12 726697
33 15 809947
27 32 108136
1 21 307291
13 11 341609
23 13 677217
32 32 957447
32 13 916510
11 31 516083
1 25 435200
21 32 302212
12 17 325152
13 13 491224
17 20 200748
12 10 22072
2 29 87014
4 12 562201
33 18 709122
14 23 931054
26 5 902164
12 26 551261
10 2 358490
33 17 388054
19 18 239106
9 12 942555
13 19 254402
31 21 226221
28 22 417986
14 28 947661
1 26 564973
4 13 25544
25 32 549297
32 15 611880
21 25 418565
8 25 913522
10 12 971561
25 8 244065
20 15 209106
9 7 134902
11 12 408840
8 26 709329
7 27 884723
33 30 200873
1 30 346514
28 17 578172
18 11 7336
9 22 119675
3 32 7094
17 12 899059
11 1 561395
20 33 843140
9 2 731063
23 21 738660
19 30 384104
7 8 480067
23 32 642396
17 2 310506
22 14 941542
33 1 597790
26 31 130988
32 25 632119
5 14 5111
12 14 198310
25 4 708723
3 5 678138
6 2 700255
33 3 648370
3 4 317156
14 19 116277
1 32 417805
4 25 531814
19 22 247950
18 12 511388
17 29 178266
19 26 91137
27 20 356889
1 27 548151
25 24 399651
20 10 850536
19 21 429040
30 11 932925
18 15 248512
10 25 747808
22 19 310619
4 19 31427
8 8 997902
14 6 195313
25 31 829889
8 30 721059
30 9 901781
14 29 7380
32 1 972219
18 11 793675
29 10 796331
12 15 952619
6 2 540763
3 25 937265
4 16 22640
6 31 210039
32 12 643166
10 7 464051
18 15 981043
11 5 962910
7 3 347439
13 25 621435
10 16 931394
4 15 129158
4 15 729175
20 17 488875
23 31 904599
17 14 395696
8 32 283423
20 6 51589
33 7 968937
19 1 743576
28 19 172628
10 11 42847
7 11 184209
31 25 23806
9 26 18363
2 31 114617
23 29 753633
3 14 39284
11 18 965451
13 20 341107
4 32 811874
9 6 52596
10 23 913367
27 23 418280
24 24 828460
26 6 478588
20 19 395879
17 19 378689
5 33 290377
3 24 561041
29 28 829360
29 11 932418
13 16 770977
7 4 746724
20 2 9499
22 6 46861
8 27 359661
30 32 762168
30 28 687589
27 21 594261
31 22 184139
1 22 488976
9 31 738056
32 12 263353
12 31 789545
1 2 265602
9 24 549062
5 1 935260
27 25 46969
30 3 785426
25 4 668637
7 6 846964
3 4 140759
23 7 146709
15 18 971998
5 15 418750
28 30 850181
8 32 885354
21 4 273103
8 24 887045
18 13 495801
25 18 79070
32 23 684344
9 2 817001
27 20 519287
18 9 516383
11 26 829890
7 24 909273
2 9 77038
32 1 14320
8 20 600992
17 20 26574
9 7 727894
24 13 964597
28 21 772163
2 9 119844
33 11 737641
6 27 431149
22 7 213076
23 19 542075
16 21 613808
17 8 714756
8 4 489802
32 1 374112
29 30 86549
25 32 458425
13 12 486602
22 6 652670
14 10 695073
33 9 135112
29 24 367049
9 30 270738
13 7 578801
4 16 15697
8 8 944443
16 14 654497
27 28 232690
4 5 475036
26 13 168005
28 1 710053
15 28 280508
23 15 456470
11 5 179290
28 1 680917
28 6 518038
26 15 889291
11 30 783448
19 17 986071
11 27 249365
31 24 570017
25 17 341427
33 2 255924
33 5 455463
28 19 239130
11 4 383313
13 25 439195
17 33 363016
3 30 293572
15 10 263307
25 5 366921
27 25 463627
18 9 283657
31 19 147487
15 25 937887
5 10 671027
29 13 445779
7 29 492759
29 18 810384
12 3 368842
14 18 6343
28 20 746434
1 21 219196
6 24 698329
27 4 415927
6 19 601911
13 12 398764
18 21 443313
14 30 399896
28 25 181018
30 25 455525
13 9 562507
19 19 205002
32 26 589878
7 11 398502
1 14 681281
8 18 741263
4 8 391070
27 33 97468
10 18 651944
17 22 769854
24 4 520443
30 18 812183
16 17 628569
4 22 519552
12 19 328491
