7 432
2 1 475134
2 1 816661
5 6 655741
5 3 300865
7 7 433053
1 6 843291
3 7 250603
4 6 191164
5 3 323565
2 6 778053
5 5 782715
5 4 474091
7 6 256187
4 4 142005
2 3 548986
1 4 542898
4 2 533363
1 4 223875
6 6 830745
2 5 530743
7 2 423210
1 6 694926
7 7 353954
7 1 845923
1 2 222116
4 5 751299
5 7 512967
1 6 693352
2 1 304772
1 6 847052
2 1 806093
7 6 635460
1 7 118581
6 7 469609
2 3 26791
1 3 78663
3 6 480437
6 1 465597
3 3 635534
6 7 935109
3 3 842538
2 5 582914
1 3 197915
6 6 297570
2 3 246678
4 7 555345
2 1 32484
6 5 272413
7 7 95380
2 3 963777
4 2 579552
3 7 845536
3 1 753638
7 3 800565
5 3 858060
4 6 839550
2 4 320054
2 1 986942
4 3 289919
2 1 594866
3 7 808905
2 4 49716
6 6 441739
7 4 533595
4 7 550196
5 4 223212
5 3 421622
6 2 538239
2 4 645536
1 4 262763
4 2 84146
7 3 248053
1 2 530450
7 3 510958
2 2 153947
3 1 300273
3 1 290376
2 3 681761
7 7 174963
6 6 823207
2 5 377278
1 1 397543
5 5 948626
5 4 372352
4 5 743539
6 5 249222
3 1 740536
1 2 925601
7 5 991541
4 7 48119
4 7 712535
2 5 215090
1 3 469028
6 2 753305
3 4 806048
7 7 300173
2 4 483868
5 1 114543
6 4 875882
2 3 340919
3 7 341046
1 1 173977
2 1 990398
6 3 449717
7 5 326910
4 6 566972
3 5 486751
5 1 60366
7 7 735468
3 1 502825
1 3 164173
6 3 988698
3 6 909916
1 6 251801
3 7 290520
2 1 211982
3 4 208869
7 1 784526
1 1 821572
4 1 896814
2 2 510893
3 7 768547
2 3 77927
3 6 252879
3 7 733286
6 7 87609
4 2 391601
4 3 841448
3 5 54889
7 7 162722
1 3 694457
6 1 478306
5 6 856769
7 2 496853
6 7 356203
7 6 671279
3 3 531013
3 4 311115
4 7 302251
1 7 371558
4 3 930761
1 4 376401
1 1 565695
1 1 478608
5 7 621308
7 7 374220
2 7 621578
5 3 585368
1 5 98647
4 1 701391
4 7 64562
4 4 112671
6 4 238829
5 2 584146
2 4 782891
1 5 865447
6 3 336271
3 2 836149
3 4 939853
1 7 415810
1 4 915039
2 6 495889
4 7 643262
6 3 577378
3 4 615019
6 5 669753
4 1 925582
3 6 33911
6 6 438452
7 3 574978
6 5 681692
3 3 564710
1 1 656941
2 7 37405
6 2 853248
1 1 786401
7 5 184758
3 6 123834
2 1 32660
4 6 527494
1 6 74997
2 5 635
7 7 357849
4 7 865747
5 4 956201
5 1 312486
2 6 297423
4 1 276302
5 4 629773
2 2 317660
1 5 603182
6 3 132253
7 6 321037
6 3 341271
1 1 674926
2 2 53803
2 1 944517
5 4 274829
2 4 250554
6 3 407085
7 1 560617
3 6 256738
5 4 230311
7 2 806040
1 5 522816
2 7 49724
5 4 546690
1 7 96864
7 6 323810
2 7 171821
5 4 771782
7 4 854678
2 7 505341
7 3 221199
7 6 140941
3 2 653297
4 2 816342
2 3 917764
7 3 615855
7 3 992998
7 2 445762
2 3 631079
7 7 901126
5 6 766625
2 5 379772
2 3 556466
4 3 506492
6 7 582411
3 1 661022
7 6 110796
3 1 999375
4 2 424675
7 7 825687
7 7 409164
1 2 627078
7 5 590656
4 6 603492
5 4 433553
6 3 73172
5 7 133063
2 4 514593
1 4 405990
4 5 309189
1 1 247525
2 2 447957
2 4 631124
6 2 902486
1 1 648657
6 5 616876
5 2 668148
6 1 362711
1 7 83569
4 2 879216
1 1 843425
7 6 261188
7 6 205271
5 2 243331
1 5 760965
3 6 314072
5 1 278314
3 4 82314
5 5 188604
1 5 714428
7 6 168892
6 2 436561
1 3 930601
7 7 43498
1 1 366377
5 3 194928
5 1 414489
7 3 651615
6 6 611991
7 7 843590
1 5 265208
2 3 191125
6 4 679633
6 7 973174
2 4 492924
5 4 451261
3 6 598446
6 1 298670
4 4 539098
6 4 751243
2 6 315941
3 7 835614
3 2 555241
3 7 519061
6 6 813687
5 1 739560
7 4 914246
7 4 653989
5 3 430415
3 1 632496
7 2 244902
1 6 897761
6 4 300672
1 7 115717
4 6 522317
2 6 528422
6 4 424238
2 1 622071
4 5 560588
3 6 491535
5 2 593121
6 7 129259
1 4 80469
7 2 921579
2 1 185070
2 3 530617
6 1 400829
1 2 708255
6 1 479253
3 2 552282
4 4 559901
3 7 803356
6 5 243104
5 6 952045
6 2 787951
4 2 74273
1 7 904359
7 1 414034
5 2 903386
6 7 651148
6 2 345925
1 2 691195
1 2 163051
3 7 394989
2 4 348229
5 6 496824
2 5 485047
6 3 458905
3 4 316825
6 7 123965
3 1 778584
5 4 748617
6 4 958012
6 3 544266
3 4 861483
1 4 376596
4 3 365538
7 2 697791
3 4 181629
6 7 899588
5 7 955688
3 4 860332
6 6 42644
7 6 303156
5 5 501368
2 6 117547
1 6 20444
1 4 812656
2 3 111222
4 1 754179
2 5 937818
3 7 16502
4 6 598745
6 4 109973
1 2 229952
2 7 886791
6 5 572033
5 1 925782
6 2 59635
4 2 743439
2 2 196590
5 4 963047
5 5 336494
6 1 577364
5 5 712013
6 7 571647
3 5 129505
5 6 406286
2 4 638833
7 6 472315
2 3 760571
1 5 207002
6 6 361687
7 3 425451
4 4 621493
3 7 469126
5 4 438587
2 1 492608
1 4 548911
4 3 652137
4 7 492775
2 1 148967
5 5 936154
1 5 425816
5 3 989924
5 7 915736
2 5 580536
4 4 141911
7 5 697635
3 1 56491
4 2 860390
6 2 842461
5 1 35819
6 3 74400
6 6 734685
7 7 592410
7 7 562560
5 3 554651
2 7 687444
3 1 765952
7 2 831343
3 2 797035
3 1 143839
7 3 520514
1 3 907693
6 2 140135
7 2 206562
5 1 525952
6 4 63395
1 6 514352
4 2 70348
1 7 120845
4 1 5022
1 5 778830
1 1 275437
2 7 125225
7 1 816053
7 2 308634
7 2 995034
7 2 660469
7 1 135458
5 7 360128
7 1 325682
7 3 549382
5 6 259527
1 7 428763
1 6 333837
7 7 677015
2 1 455931
