17 501
6 17 731757
14 11 515985
16 10 850615
9 3 940466
8 15 645336
5 13 449406
11 8 499258
3 5 622309
2 2 230976
14 4 216301
9 11 666267
8 10 86406
13 10 13818
4 2 140674
16 2 43828
1 16 512377
17 1 209539
3 9 548766
7 13 914555
17 15 917100
3 1 819448
6 9 858675
11 7 601749
1 7 9855
13 14 470187
1 16 936703
12 8 289521
11 17 221429
3 9 13790
13 9 756759
8 8 421221
2 11 391374
11 8 924601
3 13 965399
7 3 952584
1 15 539666
14 15 53887
5 8 32278
9 17 593694
11 8 85388
11 15 176544
3 2 498963
6 3 748597
13 3 954597
3 14 679398
15 3 645113
10 17 514657
10 6 760972
5 1 315717
15 7 801319
5 5 805941
3 15 947620
8 5 942833
11 11 138939
13 16 426071
14 11 303913
8 2 631877
11 1 482972
1 3 732772
4 13 668428
8 17 56260
9 14 28804
14 12 840505
17 2 824676
16 17 498768
13 9 400890
8 10 521564
9 5 793179
13 17 653993
8 11 958407
17 4 477017
4 12 985090
16 6 426302
7 16 657568
6 15 60254
17 14 959423
1 12 359285
7 3 208204
8 5 216960
12 14 881688
8 15 451167
14 5 562272
2 17 185797
4 7 799007
4 1 940149
5 15 45525
14 8 580882
7 17 86273
7 17 24234
2 4 375035
15 15 465310
8 4 806505
7 5 387294
14 2 827484
15 2 468039
9 15 362148
13 11 34202
4 15 273955
3 7 679427
9 2 929768
17 15 390344
10 1 770764
13 15 475607
3 7 164284
3 17 387812
1 9 258064
5 8 478227
7 10 569445
13 12 697535
2 15 463703
1 14 513789
5 12 262707
11 4 830991
8 4 256858
3 12 873129
1 12 207021
11 6 443021
11 1 274599
7 13 950180
7 1 440169
11 11 972402
8 2 772122
10 9 24601
15 12 875630
6 7 329309
15 3 667191
2 15 498849
1 1 798578
12 7 33727
17 5 28062
7 8 511719
3 1 294848
10 14 247506
8 1 456359
8 11 4382
9 16 379795
13 15 661916
3 5 76004
15 4 111236
1 4 400195
8 1 95339
17 2 667229
9 8 691208
11 8 691104
2 17 567397
5 16 814555
8 8 670886
7 6 537369
5 12 101533
1 5 750942
4 9 884662
16 4 838344
9 12 343431
12 3 486706
16 5 218843
4 7 379752
9 1 81995
2 17 153103
2 9 132172
15 17 638557
17 15 885009
16 1 797946
9 11 39855
8 9 617604
16 17 201623
8 13 365794
7 8 399804
4 10 990212
12 5 517299
14 16 615347
8 1 303894
12 9 686095
6 14 164695
3 9 689321
1 4 45803
2 8 378954
8 13 934045
16 2 924057
9 16 722351
9 5 894019
7 13 450394
14 2 413950
1 13 844929
17 5 56489
17 11 111151
11 16 422465
10 3 717573
1 17 568832
8 9 979632
16 1 39777
16 14 183011
12 11 276515
4 2 972137
6 2 878044
14 6 425489
15 3 553485
14 7 138744
1 10 650059
4 5 165963
5 12 919855
10 5 815499
15 2 673870
12 5 351574
5 13 893378
5 11 568561
8 15 988621
12 5 337154
11 12 695298
2 1 175665
5 11 288678
17 14 998796
3 4 280517
1 15 447006
1 2 491652
1 4 266011
15 4 127556
16 14 14050
7 8 339075
1 3 316623
8 2 867268
13 16 705039
8 4 607998
7 17 351974
6 13 579690
3 15 473947
13 15 162938
4 11 725389
15 10 894473
17 2 730755
3 1 395319
15 7 550459
4 4 640745
4 3 459723
4 14 298865
7 6 718223
5 1 769542
15 4 27876
7 13 309278
10 9 881397
5 17 729367
6 12 871537
8 7 484262
8 16 16794
13 5 219841
16 14 14682
15 3 189396
14 1 922528
6 12 101271
2 13 743886
14 7 669818
3 6 340385
13 4 90144
2 6 873575
3 9 604843
3 17 547720
17 14 563417
10 2 912477
7 16 440182
9 14 186202
15 5 57674
4 7 463219
2 2 620536
11 1 598573
11 6 100206
11 16 918568
15 2 126118
6 14 52629
5 17 792122
4 4 42479
17 7 563841
9 12 853649
16 16 31155
14 9 533832
14 9 382966
15 6 210049
1 6 193336
9 16 943089
15 1 541200
4 2 793683
15 15 291877
8 12 169721
5 15 424043
8 3 129629
15 15 555790
8 6 784673
2 2 722211
14 4 727263
12 7 405571
14 1 423170
17 7 863380
12 3 974804
6 12 857342
5 12 657631
3 1 319735
8 15 632068
2 2 794002
14 17 982780
7 14 231352
17 15 726154
4 11 557808
9 16 649500
15 14 453274
3 11 479682
4 9 311510
16 7 724929
13 1 641209
1 9 559906
8 5 795162
12 7 815300
11 9 631157
6 4 741900
14 5 359143
8 2 43044
3 16 773993
7 1 999462
15 5 528953
15 17 519208
1 4 509180
1 14 334981
16 6 133959
11 10 252778
10 4 180533
12 7 954901
6 9 643843
7 11 359331
1 6 586657
10 8 526752
14 8 290044
5 9 174172
4 3 914082
9 8 890835
7 16 497326
7 9 604590
8 15 9710
10 4 474503
13 4 508165
12 15 43715
17 3 927444
11 12 698001
2 14 74978
12 1 724962
3 12 612743
2 16 866080
17 17 916055
2 9 540706
16 11 294087
8 6 744607
16 15 185645
12 3 167749
4 2 22058
17 10 338881
10 16 354128
4 16 593534
3 16 606852
10 2 118465
12 8 222473
1 10 703032
12 17 707943
6 16 328069
14 3 684486
4 2 714400
16 3 836242
12 13 444393
13 14 906951
9 5 936674
17 10 934564
17 9 835167
15 13 148586
1 12 144634
16 8 699944
2 11 461795
3 5 380998
8 6 171290
15 2 784262
4 3 691385
13 10 445015
6 14 822703
8 8 17180
14 10 343072
15 7 83256
4 12 672922
4 8 278995
11 14 219678
3 9 692092
5 8 32283
10 17 794889
14 16 216157
12 16 740032
9 16 920368
3 7 429136
8 11 239783
17 3 387875
3 7 189204
2 17 192635
10 12 445907
5 11 503324
6 10 664801
17 17 141794
12 3 316304
12 7 591543
13 1 841714
11 16 616828
12 1 596178
5 8 148142
7 10 998663
4 16 833695
17 14 859067
4 4 230258
8 16 27198
5 3 573027
5 5 968451
1 17 410666
1 4 219949
15 9 144775
14 7 494141
5 8 513895
12 10 458435
3 1 229670
2 13 198206
3 15 881889
17 13 187561
17 16 909022
2 7 261273
1 9 377454
8 10 252144
10 11 554154
14 11 635927
14 10 195466
15 7 91046
14 7 172733
8 1 367924
15 15 461375
1 16 569777
6 14 305148
4 9 360339
10 11 926254
1 10 333780
10 6 575846
3 14 686134
4 2 202541
10 14 628956
2 8 19628
14 10 323871
16 4 491127
1 17 989055
6 9 119620
6 14 112405
8 12 751711
2 16 1206
6 7 79488
6 5 844675
2 12 858399
12 13 300188
12 10 683482
15 5 24453
4 9 601230
15 12 853426
13 13 21510
17 11 647738
4 7 800705
8 9 478791
5 5 871829
15 5 5366
17 4 805313
8 3 912369
17 16 696231
15 8 554840
9 16 652274
12 16 698390
10 16 344810
17 13 984560
7 4 279835
15 8 811904
2 6 718231
6 3 513019
8 11 310211
11 16 810012
11 7 443002
8 3 442395
15 16 226550
17 5 344502
6 9 137543
1 5 656974
14 2 638383
1 17 905197
13 3 638892
6 8 100332
10 12 483955
8 9 41881
11 2 731437
4 15 162162
14 13 836703
6 16 769034
7 3 416722
7 7 734685
1 2 211379
9 4 760685
3 14 678762
17 12 459894
3 9 387086
17 6 472804
