67 313
38 46 257160
40 49 642626
64 55 39828
5 34 311555
26 54 136998
1 29 607614
8 7 863711
41 31 920556
22 44 252571
53 51 59972
58 48 885463
29 39 29053
60 17 767527
24 34 560527
4 64 198773
54 28 362858
25 1 413152
30 47 555496
26 15 461029
61 56 276543
5 35 344994
40 6 916898
66 6 470717
34 7 581718
6 25 385902
58 35 239237
8 9 988200
65 24 201453
28 22 633550
25 67 767663
1 21 782256
66 30 623390
35 8 965985
19 67 386650
30 48 770242
60 49 493228
33 60 758220
16 59 404211
38 64 157506
5 44 437171
30 62 878420
13 50 690858
26 5 211047
29 28 891782
30 5 375365
18 53 73111
19 49 83653
20 42 279426
58 20 346015
47 48 842338
66 7 576471
36 10 629268
43 29 275658
15 56 844092
11 49 799914
58 8 895415
23 57 175792
38 62 540397
16 41 282809
63 46 340460
34 36 341063
17 48 857478
10 27 380627
55 41 612144
36 27 607848
16 7 36721
28 8 264549
61 41 744376
34 58 400386
56 67 464742
34 10 449061
67 42 105333
65 58 579195
43 2 893864
17 54 301709
17 40 72493
26 62 578885
34 58 994349
54 2 917516
61 42 521979
66 38 738923
46 32 881414
44 45 339249
45 9 69078
55 9 996961
5 13 905286
64 60 394079
40 31 62226
7 8 147815
7 56 473615
66 62 923082
62 46 718049
28 46 962116
27 63 59008
39 48 727292
32 28 25046
35 38 851394
66 29 817348
60 19 446345
38 12 78329
13 42 515277
24 60 872128
41 6 938383
31 28 998001
8 5 47345
39 10 12246
48 8 669725
31 64 304622
46 42 258309
60 62 334566
31 7 990028
35 23 813798
65 12 297459
17 25 27152
52 67 88374
42 8 131476
52 60 40857
56 17 95764
4 5 685492
25 24 245231
9 66 590048
28 25 148106
52 66 543181
22 11 482978
61 59 148127
35 2 192558
54 55 4029
58 12 518587
15 35 11457
38 1 801331
7 34 889978
66 6 692952
36 6 759457
22 47 147461
28 39 381320
60 51 638873
46 5 529476
8 32 683640
42 16 958399
24 60 270698
29 4 631029
14 60 100469
2 65 868540
61 14 296215
11 4 797563
45 54 537918
13 14 785326
58 21 951041
38 66 419937
55 18 900942
7 1 612366
35 64 111099
37 20 73284
5 1 483062
12 34 891699
9 47 162039
9 7 82162
10 28 38593
17 58 180700
4 28 69755
64 5 440685
18 17 509052
29 52 983667
67 14 225512
42 67 567740
36 61 307172
23 60 36082
9 50 226464
25 31 829652
66 28 567673
9 35 123791
67 24 318534
36 30 67128
23 15 78450
60 47 151825
42 62 243951
64 20 726833
52 63 84627
61 46 172157
54 10 195450
61 14 782334
55 3 449491
21 61 473126
61 23 226837
53 54 13156
43 24 706176
21 35 90438
41 9 225061
23 13 585089
58 6 355627
23 35 619677
8 1 894444
49 38 161786
37 46 434875
9 12 95025
16 33 188403
42 57 104158
40 50 367432
5 21 585018
63 11 163129
2 50 214945
20 3 521188
35 23 873729
63 54 69403
60 20 985883
55 10 153300
33 45 638296
16 9 742014
65 1 207646
59 41 202243
20 53 915765
25 54 686369
42 39 555601
38 67 839188
13 58 495100
28 58 370918
47 45 654692
61 23 235909
13 24 637248
14 25 347027
55 30 352279
5 5 141893
24 67 668380
63 45 205769
28 2 383296
16 2 626904
43 58 732965
46 27 431063
24 40 624652
64 30 566360
42 37 101615
20 48 844697
43 15 282723
18 8 635068
23 6 554713
46 21 702031
57 4 397884
19 31 531371
41 20 203795
51 44 252840
10 52 663477
26 63 860299
31 10 67845
26 47 551129
48 10 452739
32 65 352926
6 64 482307
12 55 238828
24 60 898633
3 66 728459
19 12 92413
20 48 522286
56 28 425968
8 31 491396
1 47 794477
29 34 376784
50 35 407598
45 58 327094
52 16 538165
19 17 50148
44 53 899039
18 40 18030
47 59 399562
57 13 966168
12 46 929619
48 66 597921
62 6 715120
27 45 955705
48 31 332547
4 67 25002
67 52 505480
15 22 382260
24 5 901808
29 21 606827
48 3 305377
28 12 407175
16 29 321339
64 9 85622
51 43 39492
39 56 518664
6 20 216789
1 52 616715
19 54 337171
18 2 200654
36 60 590376
60 8 239153
25 5 681836
37 63 665178
50 43 973000
38 41 977966
65 49 908094
3 38 861278
62 17 910408
64 29 520594
63 64 391059
28 49 783335
58 26 45678
16 47 453463
56 36 667988
54 22 623698
67 39 152918
23 44 427053
13 6 86904
5 40 656384
32 27 673191
1 28 18738
5 8 282490
59 55 466907
28 18 152914
66 32 570807
13 54 697624
41 17 307669
59 18 526901
