22 826
3 2 662787
2 13 645470
21 1 322577
17 18 181815
22 6 290784
15 16 778731
20 17 336195
15 20 245969
1 11 985081
17 5 343449
16 15 520427
10 15 636820
3 14 379396
3 21 446002
15 5 500624
2 5 501525
13 18 338647
19 8 298802
14 9 580068
18 20 992042
6 3 879937
17 2 956428
17 9 767266
9 11 918084
2 20 497983
15 4 745545
20 18 111270
4 6 74577
8 20 270289
6 14 299691
20 14 843189
4 21 447247
2 12 987719
3 2 783221
22 18 609412
14 13 904871
7 18 778306
20 10 634103
1 11 212475
3 2 455791
10 3 677576
19 11 100929
18 17 345937
4 19 159198
18 17 965150
9 2 227300
19 8 20768
14 10 301337
8 13 597946
3 3 221479
11 12 333883
12 4 784786
17 14 913313
9 19 540341
6 15 745378
17 16 80282
2 11 660744
16 18 317567
5 16 724917
7 7 613125
8 22 248606
6 7 919679
9 5 381941
7 7 455172
7 18 930582
7 8 102978
13 4 839777
22 19 444029
3 11 939547
12 22 603933
12 5 213817
20 12 405453
1 6 732367
12 19 178423
18 9 745578
7 20 352560
12 10 57464
6 1 493925
8 10 664046
5 13 381184
11 1 714644
4 7 504021
2 8 879732
16 15 475640
8 6 968256
19 4 445006
9 7 776863
2 21 524638
19 4 274581
17 5 541256
22 16 734780
22 13 228340
6 12 169576
8 1 489573
10 2 391784
6 22 911881
3 6 906423
20 10 364892
2 20 323094
16 11 811859
10 5 660544
21 18 290284
4 12 54534
9 12 503083
18 11 750705
2 6 941867
14 21 840233
21 15 612609
10 14 902282
10 19 480027
8 11 732579
10 5 53739
1 5 249066
15 2 699650
20 22 641750
22 21 468132
16 11 162878
10 5 128131
20 19 982839
3 21 36783
3 13 357591
22 11 241895
10 22 49116
7 6 118002
8 22 703422
21 7 862647
15 14 511723
22 6 368884
1 13 597040
17 4 915316
3 12 706020
5 4 892440
7 18 594396
22 7 814016
22 3 451098
4 9 856028
15 7 580371
8 19 196404
15 15 525404
14 1 897507
10 7 690877
12 16 318125
12 3 819437
8 11 975109
1 9 131647
18 20 165311
16 16 373734
20 8 35489
20 16 237468
5 11 828981
5 6 739150
8 3 805501
18 11 384753
10 19 213223
7 12 621088
13 1 480052
18 6 9852
3 18 47505
18 12 486918
14 14 347934
16 1 549572
22 18 2444
19 8 537274
16 13 399200
5 8 735511
16 11 432353
4 18 428001
2 4 407256
13 20 665712
16 1 575706
22 16 774085
20 22 457435
8 12 810561
13 2 109905
16 4 51651
21 7 236845
1 17 828141
1 14 538379
19 12 573418
12 6 135960
4 22 899536
3 17 421286
21 14 873265
8 2 476925
6 16 699334
17 16 676897
3 20 88098
15 14 27456
5 1 299620
9 16 647089
12 18 337621
10 6 298217
8 20 973995
9 5 434305
13 9 359514
1 9 659625
17 2 46695
9 4 144116
11 17 533385
11 10 354641
10 8 296007
4 18 902961
4 20 507935
17 11 834792
12 9 450642
6 4 460128
1 12 501699
19 14 55055
4 10 760760
9 14 344576
3 15 127349
4 17 40868
21 18 240826
11 9 752692
12 17 283046
18 6 639259
21 5 735388
20 7 625997
2 21 901905
21 6 383760
22 19 89346
17 5 619174
8 2 135116
6 18 536151
7 2 644171
16 21 420411
1 10 974686
16 12 825656
4 22 450683
5 15 414683
13 8 710743
16 2 847232
15 21 523798
19 16 974557
14 10 859132
15 19 759673
10 14 103500
7 6 995724
12 10 673089
7 9 326019
10 16 648889
9 21 263453
17 15 733837
8 6 48641
11 16 530501
19 1 414512
3 4 241738
12 18 472465
6 6 18240
7 7 460425
16 6 279326
20 17 611626
21 13 392146
16 9 377061
19 2 829759
7 8 877436
9 10 607684
9 14 280390
6 6 528047
18 6 166107
5 5 977599
22 9 333273
18 19 96965
2 2 777479
7 15 118718
21 4 353925
17 19 544089
17 1 421024
16 15 768385
4 8 959212
10 21 746134
9 2 252721
7 4 681256
11 17 822949
2 6 93052
19 9 410802
10 16 107049
21 14 48249
5 13 671200
5 11 795715
7 7 264512
5 12 542253
4 13 304684
2 1 996280
8 21 758545
22 18 370458
12 17 101778
4 13 992523
6 2 347517
17 15 217321
18 19 590158
10 13 638937
5 4 772907
5 10 332346
20 8 278651
21 20 463066
2 21 407088
19 3 328465
20 12 879564
3 16 993069
6 3 186548
21 20 651617
2 10 445489
18 14 779494
5 9 829547
13 21 887346
22 7 765178
10 16 36584
19 13 865141
18 11 560671
22 2 272415
7 9 352601
17 20 415064
4 18 884317
12 14 406773
2 17 686774
18 13 690918
10 19 781490
10 5 576393
16 3 875802
16 12 877153
18 1 123891
15 14 65610
6 17 508505
5 8 956806
12 22 309381
16 6 144962
19 17 201726
12 11 493593
14 13 308242
1 18 75586
21 19 304885
4 3 852003
21 14 891891
20 13 810109
7 15 945132
6 5 34380
2 4 449022
5 17 669599
11 4 414155
4 1 843727
2 6 691979
3 5 752438
7 1 242986
13 3 390079
4 3 768651
8 16 591475
20 19 279572
4 22 19256
3 20 109227
9 1 70073
12 5 331021
1 10 406774
8 21 332995
7 5 598846
2 1 168931
16 15 494676
14 20 156192
3 3 625999
18 20 207512
20 13 717720
14 18 927712
20 17 119322
16 8 104421
3 16 559140
19 4 258106
3 22 33429
7 19 575861
16 6 844975
18 10 899016
4 22 292256
18 17 382538
9 11 851400
15 4 718622
9 13 641377
14 6 463610
19 1 471876
16 11 23634
13 5 139684
6 20 542096
16 3 220905
4 21 401160
7 11 539876
20 9 322994
4 16 312391
14 11 533851
16 11 303540
4 17 8540
7 2 245520
3 10 70345
17 5 186977
12 21 883748
3 22 715270
8 17 67622
8 7 780075
1 3 513690
17 15 395525
7 3 899393
3 17 602505
8 14 293043
8 7 967073
16 21 679547
5 21 142405
7 8 619178
9 19 416461
13 4 154274
16 22 756000
2 19 443362
20 15 307611
16 8 474905
18 6 245113
17 14 28444
5 6 656137
2 10 659274
13 3 292129
20 12 424827
4 3 342814
15 10 61573
12 5 194347
15 16 102321
13 6 346833
7 2 613038
14 1 378225
1 10 668490
14 20 308613
12 21 36442
21 7 248082
7 6 309132
13 16 131308
2 13 732343
21 22 167320
21 18 397293
11 14 689341
8 3 950032
22 15 866878
17 21 547617
13 18 53962
14 5 415498
22 12 232431
20 12 335492
17 4 392579
8 10 89250
14 17 859700
11 7 904714
8 5 505227
22 14 421428
18 4 438584
1 6 671197
10 14 556069
1 17 438303
17 15 581225
4 21 471499
11 16 682739
19 14 442303
16 20 558017
10 6 639215
1 1 497945
19 21 808178
20 16 417142
13 14 991529
2 7 379574
15 1 740455
22 1 38020
13 14 658474
17 22 825374
21 17 799526
16 22 543834
15 17 844543
5 17 511234
10 6 945551
15 7 933469
3 3 386935
13 14 614470
20 14 704894
15 5 711279
6 13 41406
10 15 843460
20 1 802245
3 11 806384
18 15 885676
13 14 249036
12 21 392210
8 13 294258
21 9 486151
20 20 246700
6 14 73882
11 12 533216
7 6 372001
22 19 819965
13 2 531664
18 20 514074
10 2 354826
18 2 863527
11 20 885875
13 14 585696
5 8 199997
13 1 895024
22 14 344070
16 14 306925
12 3 428321
18 4 353828
22 11 508810
12 7 27099
3 2 579913
6 4 816970
3 7 84570
19 19 623037
11 16 335749
3 17 340442
14 15 492826
12 10 648060
21 12 776844
1 6 905085
10 12 448897
6 17 349719
14 17 434925
12 18 866090
15 13 797032
21 22 101939
5 13 654210
20 12 67650
18 15 184657
6 13 248066
14 14 926215
12 19 237897
4 13 56475
9 22 838026
17 22 673065
9 22 737630
4 16 285309
14 8 946406
9 19 110693
17 12 959046
17 1 252394
15 2 85219
10 4 5144
2 1 752006
1 22 973267
9 15 386498
19 10 2680
9 10 762841
5 3 440888
1 22 538069
20 15 593430
15 17 516368
3 7 523805
1 17 28756
13 19 164635
9 5 559746
21 12 465913
6 17 89541
2 4 353136
2 8 354042
9 14 475639
22 14 571528
3 9 246943
4 11 754187
5 16 371266
13 13 591374
10 5 354545
7 6 707026
20 22 607697
14 9 134636
12 1 15819
5 17 82804
2 18 700343
17 10 732067
3 17 951810
14 4 196930
10 9 353827
14 11 983804
19 11 638025
5 3 654446
13 16 464582
22 4 501065
22 12 241493
14 16 851531
3 17 929363
10 19 319006
15 19 615531
16 2 932098
15 3 873411
5 19 986616
22 6 796371
8 2 414305
17 18 683536
18 17 895422
15 5 807051
19 17 320575
11 13 826337
16 17 777743
21 7 847354
2 12 784234
1 2 679700
16 5 635598
21 5 573677
12 7 894122
8 12 591340
9 15 180565
7 7 1952
4 16 758504
11 17 558366
1 9 79202
5 7 440814
6 18 779873
18 2 312609
11 5 156101
19 22 141646
3 4 648382
7 17 779377
16 4 353617
14 18 731393
16 15 393091
3 10 569958
20 19 418927
17 4 660617
14 19 738432
14 4 471077
8 19 676545
13 16 558119
3 6 777547
9 7 164953
9 5 862729
8 18 99925
3 1 220552
3 5 389285
4 11 648774
19 4 266505
9 18 981374
8 16 255053
2 6 759001
17 22 947961
16 20 963873
8 14 453200
4 21 766258
10 6 503728
13 17 393728
2 9 566843
4 9 150662
18 12 78766
16 21 57412
18 14 304423
22 1 14329
21 7 552167
9 1 112594
9 3 84413
4 17 733755
20 6 259795
17 11 337347
13 8 69582
11 13 547173
13 18 863111
11 21 983734
16 1 50181
10 20 672195
19 22 750295
13 6 837083
9 22 920201
5 9 790890
3 4 526602
14 15 765123
18 14 154723
3 12 175778
13 13 8374
21 5 338295
11 21 783283
4 11 26497
1 18 96296
2 7 44853
11 12 388400
13 14 712398
16 21 670877
16 19 487090
1 10 561701
18 22 177621
17 14 772889
16 13 356381
5 16 620072
11 5 824808
11 17 167470
12 15 939471
11 18 130670
5 2 426819
19 13 916683
5 2 222534
2 19 885300
20 13 105362
5 11 469568
2 22 773620
12 5 541882
16 14 750731
17 13 742146
13 12 78187
9 7 656555
3 22 925898
19 3 662669
8 17 138414
9 7 48006
6 4 33617
11 2 469634
11 19 439205
22 19 483130
13 16 569493
13 12 241017
7 10 28736
15 6 447881
22 19 244395
16 6 712392
9 18 342390
18 19 702957
7 17 436081
20 1 100725
10 15 458894
7 18 977760
1 10 670808
19 1 162293
14 5 886184
21 7 711407
17 19 741017
15 20 700125
8 16 705952
17 8 458083
9 16 375305
21 18 948809
2 15 927108
3 14 370787
8 6 352211
20 16 219616
15 3 349518
6 19 820694
2 21 980060
15 15 882694
12 11 31006
9 9 363449
11 17 123565
19 14 691473
16 17 985359
8 11 940161
6 13 859942
11 10 966297
9 8 680465
3 3 208238
11 22 663991
1 11 766627
18 3 21439
15 9 225925
6 13 83184
13 3 461206
8 13 203040
14 7 879012
22 13 870805
10 8 965354
16 14 960858
17 7 277404
5 19 789978
5 2 521390
4 8 518834
4 11 638428
20 11 987895
4 15 999488
4 5 853493
1 2 198248
9 4 974616
18 10 831163
18 13 186287
22 14 871798
12 9 715642
3 4 227544
13 1 88053
1 7 743234
4 12 761051
19 4 262547
1 13 341411
2 14 655671
6 3 65889
21 17 964616
8 21 302807
20 7 462859
19 14 231560
17 14 573358
17 3 943750
2 2 97041
15 18 256859
17 12 468733
21 20 139167
1 19 672315
19 12 239759
20 16 268513
7 9 570765
16 15 42971
11 3 895888
16 1 422782
2 6 349921
1 15 836127
5 7 939668
1 12 664542
13 14 615555
11 16 665500
19 1 139158
9 1 440960
19 1 772286
5 3 365458
10 8 677840
6 15 107579
21 3 881761
7 16 150882
17 16 16240
10 17 870409
14 6 862387
15 11 493873
16 14 671499
8 21 247288
9 15 329186
16 20 123371
8 11 990382
17 18 312743
11 14 78270
14 8 999070
6 17 233830
9 2 667580
9 18 90134
20 19 746000
12 18 180793
20 5 455152
14 21 739130
10 4 61436
