9 815
7 5 250691
2 7 55140
5 1 558306
4 1 470866
4 2 587353
4 2 487850
5 9 65134
1 9 679998
1 5 810514
2 9 804383
9 3 522091
5 9 59101
2 4 657134
4 3 568737
2 2 612734
6 6 960454
7 5 701877
2 9 588671
9 6 686864
5 2 452927
9 2 744512
3 7 783793
8 9 650392
1 7 639990
8 2 917333
8 9 634018
2 7 941767
8 7 324412
2 7 562124
6 5 573792
9 1 878879
3 2 260982
5 8 883849
9 3 262877
8 7 464392
6 4 548685
1 5 308227
1 4 698557
7 5 305561
8 6 579419
6 2 254907
9 3 471336
9 7 549228
7 1 671625
6 7 627108
4 5 585977
5 6 930148
1 1 490206
5 1 159547
9 8 890908
1 9 315905
9 2 312799
1 3 702099
8 7 421034
4 6 762268
4 3 363313
3 1 343026
5 3 100487
3 7 16469
3 9 118793
8 7 799244
8 7 715839
1 2 712027
2 3 77409
9 5 933367
8 5 135466
9 7 955427
7 1 903670
1 6 792485
5 6 920404
4 8 64404
4 2 392439
9 5 622487
2 5 474638
8 3 398604
7 1 516148
1 3 731049
8 1 850530
1 9 296416
2 7 27906
7 3 488591
9 9 951096
4 4 307432
4 3 548322
3 7 406122
1 8 591546
3 9 268015
1 3 922137
9 4 33093
6 3 210410
7 4 222610
9 8 137561
4 4 406929
8 1 552454
9 2 470145
1 5 110752
7 3 389202
8 5 938048
8 4 127926
7 4 345850
4 9 108785
9 2 543061
8 4 957982
5 8 284418
3 3 917423
1 5 278435
6 1 81201
2 5 437381
7 6 494681
3 7 498461
5 6 998481
3 6 494253
5 1 476182
5 8 319614
7 2 921078
5 8 293497
6 2 202470
7 5 626312
7 9 873357
9 8 239887
1 5 389388
2 1 801850
8 9 372216
1 5 517911
5 7 253889
6 4 335724
5 2 88818
9 5 446454
1 5 307647
1 9 599693
4 3 629892
6 2 695704
1 7 714578
4 3 95405
4 2 634029
1 4 761908
7 2 673577
4 5 622942
7 5 814998
9 2 367674
8 9 690958
2 1 449094
9 3 562635
9 3 339399
9 3 649972
7 4 34687
9 1 47112
7 6 744338
7 8 5340
2 7 626650
8 3 678375
4 4 86519
3 8 660933
4 5 758489
5 2 518183
5 3 78972
2 5 868063
2 4 932970
2 1 765368
7 2 551375
9 2 146819
3 9 875963
5 7 41797
6 5 578591
6 8 79394
8 9 258999
4 5 231992
2 5 457584
6 2 383200
7 4 952819
3 3 513826
8 5 921034
8 9 28358
3 1 883772
9 6 992418
4 5 191171
2 8 633072
8 6 177498
5 2 648251
2 3 860555
9 2 361021
3 6 195270
5 1 748871
2 5 513290
9 7 437461
7 3 19317
5 6 915791
9 5 293364
9 9 864415
7 8 819801
3 3 126980
5 4 453438
8 1 772932
2 6 191659
1 8 343261
4 6 882948
5 1 749065
9 7 220123
6 9 97867
6 5 953429
5 1 95257
1 8 86757
4 8 176681
5 8 94496
9 4 946692
8 5 687107
3 8 740167
1 1 174663
2 7 124202
8 8 586580
7 3 831727
1 2 374631
7 2 76025
3 5 452217
3 1 924691
2 3 829301
6 7 122493
9 4 88567
5 9 434057
1 8 774813
2 3 127697
4 7 903131
6 5 824405
3 1 428151
9 8 156209
7 5 131280
1 1 8277
5 5 961888
6 4 375993
9 4 83456
2 2 109147
7 1 789714
3 6 746644
9 7 753451
9 5 102032
9 1 934068
4 4 721465
3 5 229038
2 7 462431
7 8 785512
9 3 983041
1 6 37092
8 9 981567
1 3 814777
6 8 614872
1 4 143470
1 4 207909
5 4 575883
8 1 149942
3 6 941288
7 5 635514
3 5 247541
8 6 60556
4 2 345225
6 9 535223
5 9 651757
1 7 240748
2 9 745640
9 2 553250
5 5 528402
2 2 464141
7 8 594073
4 1 35694
7 7 707643
6 5 872196
9 7 400433
5 7 469393
2 8 113654
5 2 148528
1 7 184640
9 3 612041
6 7 917640
2 6 477381
8 8 933290
5 4 849489
7 8 844511
4 5 761546
2 7 339539
2 1 612468
3 4 150607
5 7 311347
7 2 216273
4 2 761085
3 2 872687
6 5 587137
4 2 87621
6 1 430677
9 3 913381
9 7 209130
1 9 777207
2 5 997757
3 6 34305
6 5 754004
4 1 771860
4 1 536272
2 2 736251
3 8 848433
4 5 744361
7 1 33910
7 9 499006
9 3 741136
3 7 815373
4 3 779022
9 8 11785
9 5 722932
4 3 129235
3 6 815227
4 9 615150
4 3 182460
7 2 413803
8 5 80233
8 1 139171
4 2 730662
4 6 872196
4 6 485581
5 7 111128
7 2 919722
4 5 886035
1 9 173902
6 6 707339
3 9 436516
4 9 511570
6 9 693167
7 9 120861
7 8 934627
3 4 996169
5 8 739334
8 1 358557
8 2 571483
6 2 462680
8 4 942045
7 2 210187
3 5 288856
6 8 98140
8 9 512288
3 9 158450
5 6 595851
9 3 764672
6 8 777557
6 5 824878
3 3 533166
9 9 250235
2 4 281116
9 5 754658
3 9 505347
2 2 868636
6 3 749061
7 4 865083
4 5 754155
2 9 262627
4 7 928105
4 6 821587
1 1 584607
9 3 464163
3 7 724695
3 9 626449
2 5 105746
2 2 626974
3 9 179264
1 4 948481
8 2 562396
2 2 942992
2 3 35733
5 2 589918
7 3 567640
5 4 346152
9 9 682823
4 8 262704
1 6 392673
2 1 779986
8 2 195924
2 7 274197
3 8 601531
1 8 827230
1 4 811387
5 9 587267
5 6 267951
7 6 587900
4 2 344671
9 4 361722
2 4 514436
8 2 598891
9 7 621410
5 3 910271
1 5 141053
2 4 633880
4 3 231355
9 3 865986
7 5 531895
6 6 272520
8 5 852412
4 2 238821
6 9 652950
3 5 520835
3 5 562014
3 9 9695
7 6 797553
1 2 253745
3 6 896742
2 3 404047
3 7 498642
7 9 801045
9 3 370218
3 7 552888
4 2 683226
4 2 63432
8 6 423281
6 2 719009
6 7 746226
7 5 417512
7 4 714177
4 5 701557
3 2 95375
2 6 855345
9 5 408685
5 5 540947
2 9 26017
9 3 282380
9 4 901371
2 5 687820
5 1 735970
7 4 480715
7 3 937337
3 9 188646
2 8 605421
3 3 43458
3 7 825968
4 8 521428
4 5 647369
4 3 512201
9 5 746703
7 3 188464
6 3 51299
6 1 424078
2 5 794476
3 5 550749
7 3 978493
7 3 120405
8 4 97389
8 8 118918
6 2 873062
6 3 635331
1 2 755285
3 8 449027
8 8 965895
5 3 534644
4 1 757947
7 3 308657
2 4 955349
6 1 603387
7 7 558992
7 7 48080
1 9 765912
9 6 196141
1 7 454586
2 9 704657
8 9 722483
9 6 487313
9 2 343332
6 9 700890
6 3 913724
9 9 652102
3 5 610397
5 9 141315
3 7 332568
9 3 931338
9 2 486845
2 5 354683
8 5 369049
1 2 741461
2 5 576842
3 7 276007
3 2 888196
9 7 128827
5 1 437578
6 3 128805
4 7 627188
2 7 477212
9 7 174654
3 8 87424
7 2 367417
8 6 472515
9 5 679569
8 3 393072
6 1 84087
4 1 91398
8 1 733535
1 4 510249
7 4 363804
2 5 790304
2 6 988658
5 2 836335
3 7 552793
4 6 223804
7 2 741309
6 9 286154
6 3 874415
5 9 670764
8 5 100291
1 4 655011
4 8 506136
9 2 96863
7 7 509174
9 3 325844
8 4 100009
3 4 915542
6 8 933906
5 9 102548
1 4 967814
5 3 711302
1 1 484359
5 7 811950
1 4 354591
5 6 482239
9 6 848584
7 7 848884
7 8 562333
3 9 509128
6 7 621000
8 9 497406
6 7 343697
7 4 845335
5 1 223962
5 8 94869
2 3 144061
3 5 580615
1 4 861178
5 3 637385
7 1 753115
7 5 707304
3 3 892453
5 7 846252
7 3 886932
9 6 188731
3 4 969230
6 9 373009
2 7 278943
7 7 51670
9 2 688686
1 7 587193
1 5 560304
2 6 734704
1 9 308887
8 9 533102
2 6 308105
5 5 651180
9 6 600096
9 5 11325
7 6 606389
7 4 617481
5 5 504704
2 2 60182
1 3 449219
7 8 576582
5 5 125815
4 9 823084
7 6 253626
7 5 219063
2 8 130587
3 4 864729
3 5 719705
4 9 508988
3 2 926671
4 6 726663
2 6 402855
1 7 707735
4 5 253305
6 3 374263
1 3 774583
8 7 518112
9 2 177119
3 2 811506
5 2 174529
2 8 490410
2 9 485321
3 3 786403
8 2 264040
3 3 541475
6 5 714556
3 3 946144
8 6 961844
9 2 551028
2 4 171646
2 3 169549
9 7 554782
3 1 628306
6 7 716050
4 5 895239
6 2 290482
3 5 942602
2 4 201960
9 4 45695
4 5 605363
6 3 279249
4 2 992726
7 7 979441
4 1 78402
5 3 414971
9 1 643629
3 5 204454
8 2 568470
9 2 122926
8 9 931997
9 2 618584
8 1 204318
6 8 877982
9 4 242508
9 8 489303
7 6 584494
4 1 50882
7 2 417796
2 3 533170
5 7 761957
8 2 475318
9 8 537991
7 6 517927
5 6 642435
7 3 488589
1 1 77763
2 6 840144
1 1 530263
9 3 896623
2 6 770447
9 6 951305
3 3 436345
6 7 31028
6 7 265297
3 6 930738
3 2 142898
4 3 669072
1 3 164330
6 4 649548
4 5 583372
5 5 756139
6 7 200704
9 2 914381
1 9 572671
4 3 821626
8 1 675397
4 8 224765
2 7 344742
6 4 843468
9 6 604920
6 4 951846
5 3 999422
7 3 836356
4 5 204391
8 9 748685
9 2 540717
5 9 481
7 7 317487
7 6 272578
5 8 98085
4 5 804697
8 3 20600
5 8 587548
7 1 899826
1 8 761619
8 8 943790
2 1 296440
2 6 961361
3 6 49183
4 6 709875
9 9 175361
3 3 189846
8 3 325962
2 1 412538
5 9 19988
7 6 915240
7 6 821107
8 4 170897
6 5 264899
4 5 723113
7 1 687864
7 5 847372
2 5 177945
4 2 471625
1 2 639496
3 3 479129
3 9 385469
5 1 663986
5 2 166054
2 3 138686
3 4 902784
8 2 393049
3 7 987488
4 7 946240
3 6 925599
8 4 978516
3 2 531756
5 8 13313
7 5 545919
5 8 646645
1 7 461569
5 5 238516
8 1 976702
1 2 382094
9 2 648031
8 8 994229
6 7 205297
5 7 370414
9 2 168347
6 8 904961
7 1 582753
2 6 892822
1 4 381844
3 2 694149
1 7 133882
6 5 66092
7 7 523429
1 1 41368
5 5 446488
2 1 268717
9 9 932637
1 9 332396
5 5 416451
8 9 670886
8 4 280466
2 6 940814
7 5 753537
6 6 758601
1 4 476647
3 2 385309
8 5 309102
4 1 494563
5 3 712273
3 4 23361
7 7 763709
2 7 19036
4 3 234576
2 2 613885
5 3 145643
6 5 413014
5 8 168893
7 4 763751
7 9 54962
7 4 782999
6 3 913276
3 9 516743
8 6 821256
8 5 36908
6 1 747599
2 1 572565
6 3 740329
1 5 616569
2 7 717277
4 9 680882
2 1 903430
7 8 667777
8 3 911759
1 2 607801
1 4 186575
8 5 962116
2 4 312884
8 3 11053
8 5 111847
1 1 374279
3 6 778789
4 3 661958
1 7 699544
7 5 328201
8 1 667377
2 5 356168
1 9 629822
6 4 212422
7 9 765600
6 6 971047
1 2 541086
1 3 747445
9 4 873238
2 6 561694
3 5 732274
5 2 667403
1 7 565166
1 8 984430
5 5 332150
8 5 729084
6 4 63113
8 6 62330
1 1 720485
9 2 631674
1 7 408448
9 6 771257
9 5 457158
5 4 356964
8 9 939217
6 7 166729
9 3 102059
3 4 196656
5 9 709757
8 7 830668
2 9 345182
9 1 605921
3 8 314810
1 7 754428
7 7 525548
5 8 305542
9 7 808494
7 1 589620
7 3 248546
6 2 174689
3 6 432671
9 4 429994
9 6 150769
5 7 728698
6 4 63743
2 9 597648
4 5 135888
2 9 619333
6 7 156384
1 1 454825
2 4 886468
7 9 827242
2 4 320797
9 5 17807
