32 944
7 1 828376
3 21 137742
28 15 514113
29 26 827466
14 29 70089
18 14 606263
15 21 543895
10 21 848213
12 11 512433
28 20 297056
4 6 360131
25 28 126389
28 8 812722
17 21 634628
13 11 634893
30 21 660907
12 24 936028
14 21 195780
5 24 932336
27 3 858167
21 19 76545
9 1 59808
19 13 146337
15 13 615884
16 32 185390
8 31 691272
30 27 331486
21 15 878230
23 5 604551
15 23 573166
16 27 352320
10 7 152470
21 8 699297
20 20 230563
1 5 63949
17 24 471477
30 25 961413
26 1 572472
20 13 227034
22 2 814035
21 4 46590
31 26 821522
6 27 341161
27 11 62707
20 8 337280
20 32 381789
3 22 501988
14 19 147513
11 29 412847
17 21 134904
2 17 217828
10 8 759372
6 3 542716
16 16 867390
1 27 873889
3 8 796717
6 19 957347
19 1 649603
12 24 296553
1 5 934472
8 6 312206
5 14 308393
16 9 562765
16 16 73585
2 8 184260
2 17 18738
18 30 600870
32 8 767712
3 26 19086
10 23 464165
5 16 531281
7 2 613430
23 24 828970
26 8 469535
11 17 650643
30 4 27632
12 6 722949
22 19 852134
13 1 966946
27 13 989715
18 20 602985
20 5 433536
1 6 508376
2 9 456491
6 26 897358
8 13 844966
4 16 729022
22 20 183439
16 2 414560
11 2 30258
2 1 634067
18 21 8112
21 20 535098
6 32 505708
20 7 257994
14 12 563133
15 4 539985
31 23 455151
5 3 605668
24 8 666492
12 9 926346
23 31 890308
4 16 127694
26 12 410579
21 22 736768
11 26 417444
29 21 150963
11 8 974666
23 14 11244
6 7 712350
21 22 531515
22 16 117158
15 5 354775
17 26 231110
4 4 924369
28 29 225970
32 4 493043
2 28 541287
20 7 203031
30 11 140427
3 12 363524
16 27 573910
16 19 318289
10 31 485506
26 23 419321
26 9 996544
17 18 421606
23 19 758951
22 27 863333
27 13 262005
25 22 320820
29 22 996602
26 32 68772
12 15 665141
27 16 978311
14 5 10236
14 23 507066
7 2 638743
11 11 900153
19 12 82669
22 27 666086
16 15 865620
21 24 1954
11 25 976143
25 5 145450
9 20 533856
29 23 487399
18 17 237909
25 7 143241
26 4 68678
18 14 562862
15 24 799625
23 27 103485
27 11 40382
30 25 752171
30 18 758651
19 32 875118
16 23 462443
5 9 850879
3 19 455274
16 23 294696
13 12 198315
18 7 796533
19 27 273428
5 5 260685
25 7 104809
32 30 364346
10 27 924779
20 10 252778
10 21 887605
9 31 604348
19 13 166397
16 20 98718
13 27 62695
13 29 450200
18 19 738135
18 8 290900
23 30 723151
11 30 327413
11 8 183411
14 14 173308
30 6 820400
28 32 582661
12 17 442381
12 8 812460
22 2 127474
27 27 56551
13 2 62859
17 6 394274
18 16 139153
15 14 503675
15 9 579072
7 17 169539
13 20 982482
16 9 831760
8 13 309517
31 18 540498
29 16 345771
31 8 487720
31 15 823040
25 24 169742
9 10 461944
4 19 379118
22 29 592448
2 5 754832
28 22 625651
30 20 260131
18 23 264393
31 2 148468
27 22 442633
12 19 455031
3 10 690828
6 19 703184
31 21 447278
14 1 643860
3 7 497447
20 26 297788
11 8 596373
23 17 571578
20 9 519577
3 28 730998
3 4 605021
14 18 170362
24 30 381826
12 12 241130
3 22 34718
22 13 170545
16 27 772769
3 7 965660
28 30 281763
2 5 587725
26 10 349979
27 9 999193
20 18 483484
30 32 647938
22 9 519155
21 9 66327
17 24 486549
28 16 857470
2 6 572856
23 27 492149
26 6 824914
32 22 666905
11 22 931565
23 12 265056
3 2 316906
19 17 441744
5 27 12691
15 30 252236
7 20 721395
18 14 349830
30 29 670880
2 9 638424
18 19 572347
24 13 494177
7 25 164806
21 22 746231
7 23 917138
32 23 762187
1 24 388902
20 22 903399
31 31 635183
21 29 700288
19 20 790619
7 21 315332
27 11 279551
32 7 72187
7 28 896472
12 25 335892
15 31 928089
5 30 530322
29 26 746067
31 13 500319
19 23 860136
21 21 344634
2 26 687167
5 22 406604
23 1 351022
29 15 281622
31 14 96885
11 16 513994
6 5 745284
19 4 363521
32 15 593478
21 30 684031
19 13 167118
17 23 533538
16 6 540545
14 10 559493
2 5 52262
4 11 90819
25 18 680552
31 27 685873
8 29 987999
16 16 132434
21 18 34827
27 7 698837
8 22 269866
3 12 177345
16 31 309294
20 20 769294
2 28 638779
19 32 733947
28 32 168606
29 4 713019
12 29 377887
3 4 664013
28 9 38128
13 12 179010
26 26 639918
16 15 709246
20 25 987067
28 14 707385
15 25 488309
31 18 981745
15 15 919973
3 26 789017
19 20 79658
15 18 750412
4 31 812516
29 8 176795
32 14 940645
15 10 645418
6 20 810574
6 17 532184
12 15 268174
26 8 126214
3 9 901656
29 5 626202
26 2 987468
20 18 137638
27 29 249339
23 18 326892
8 32 212711
11 20 654706
17 10 335026
30 30 425924
16 27 160498
31 1 569428
11 28 93559
1 16 84297
17 27 944813
15 25 272363
17 28 3506
9 30 304227
16 22 384824
14 25 87012
12 13 571056
10 22 662512
25 2 711296
23 21 815389
7 18 850773
28 11 194465
29 20 187970
10 21 234034
12 2 460453
2 10 848481
13 2 295826
17 3 431400
17 23 231293
26 13 103529
32 23 841121
8 30 751119
21 21 44794
21 30 631208
9 12 804987
8 11 7212
11 3 479691
27 27 868266
27 17 53470
12 30 696149
6 4 675111
16 26 906179
11 22 831539
4 11 114244
1 20 192505
21 20 427546
24 30 560794
32 13 292816
32 5 430913
30 5 730447
22 15 391027
2 5 444640
11 24 552617
6 6 750495
3 27 935485
5 32 95810
28 8 445008
20 7 231842
10 25 809568
5 16 758039
15 19 321382
12 10 926193
10 11 146722
13 20 878424
2 31 176611
20 31 182074
28 21 920649
25 9 37099
20 13 198395
18 27 82045
16 16 578291
2 4 338727
10 2 139752
11 28 680374
2 10 96993
29 13 465525
29 6 721075
6 31 131646
16 12 254570
19 24 76387
27 12 86255
5 24 481345
16 11 87770
19 23 681847
16 10 650911
24 14 511456
5 18 121086
25 12 539996
24 26 59968
24 29 426493
5 32 144495
3 21 249786
29 3 293152
21 8 571006
5 20 813269
30 31 487414
25 21 160876
9 24 628321
21 26 320449
32 19 356426
30 20 481961
9 20 278524
4 5 120413
9 30 429748
25 1 982823
5 7 92744
22 31 361656
1 10 190407
26 12 395014
27 23 531073
19 5 623558
21 4 109464
16 21 629406
27 1 242515
26 11 232683
8 7 28837
16 5 407531
10 31 254232
14 20 293732
31 13 373965
9 28 666769
25 9 769394
9 17 12401
8 25 710517
21 9 326396
5 1 591302
15 25 8904
13 32 868379
20 14 723141
30 22 480434
25 14 642148
23 25 997917
1 30 799118
6 20 468313
25 8 985957
3 27 148367
31 9 344619
11 9 998220
14 13 508818
4 32 760303
27 21 802590
31 22 827721
9 16 737402
28 17 940958
8 21 40424
9 6 352863
9 30 193772
3 3 883241
15 19 912731
30 22 496014
2 19 85533
7 27 255094
11 11 443176
17 6 829918
19 22 787830
13 28 115774
6 1 907033
3 20 325434
12 18 713195
3 32 891446
26 28 851712
13 23 542688
6 7 998323
18 24 635277
6 7 798174
5 11 222952
16 19 123055
22 32 402673
4 12 183880
7 18 659421
28 2 741186
8 32 189479
18 20 807075
32 15 531251
5 27 839692
23 2 918736
15 26 540849
17 19 771088
6 21 17728
26 20 809522
2 2 641374
23 17 891314
13 15 435828
3 4 195311
23 21 891094
22 28 963268
14 13 106154
18 7 878248
4 1 300489
19 16 814675
26 20 945011
28 30 33415
21 13 515069
6 1 871070
6 8 350809
12 11 481557
28 31 309059
15 23 967474
15 23 163014
31 1 520279
15 26 91785
28 32 369962
24 18 411306
21 26 389421
4 11 927044
3 8 758570
25 11 434127
22 32 565559
7 31 471966
25 8 188305
25 13 750141
13 3 533767
1 6 31102
16 3 422484
17 32 379633
12 16 408732
26 19 348536
21 17 183659
29 3 420894
13 23 549694
1 25 413808
12 22 262501
11 12 461230
3 7 846504
7 16 709044
14 29 849821
24 17 185231
7 6 973997
16 2 165103
11 25 817552
17 21 849774
20 3 972079
32 19 89704
26 24 677340
25 7 424082
8 2 301507
20 17 355075
12 17 680347
16 19 748772
22 19 856962
28 19 790501
4 4 698526
18 6 383861
29 2 101912
7 10 351714
20 16 444074
24 12 823173
27 6 248803
7 4 497329
23 6 221036
19 12 345839
26 5 646312
1 22 319362
24 20 745624
28 11 692007
19 1 587312
18 6 829819
14 22 661370
6 28 874007
8 18 955914
8 19 587908
17 18 239921
28 5 371529
25 24 367226
14 28 958785
12 21 978233
8 5 941993
27 28 546734
2 9 636999
7 7 883828
30 3 133890
24 11 502159
6 32 406030
31 4 786002
14 11 693456
18 16 305344
32 16 458863
28 30 999061
22 27 552060
12 4 409153
12 11 566437
1 10 332248
15 20 276477
14 5 664358
1 27 719019
9 25 227784
10 2 444987
28 4 788890
2 19 497250
28 20 333466
24 11 653211
31 31 772092
30 13 243085
11 19 532753
4 1 155645
1 1 122655
13 14 499382
27 16 753394
24 29 311062
9 14 803976
22 14 750243
12 10 709181
16 7 255931
21 32 791538
31 7 785517
24 10 955813
16 4 286679
7 24 17190
1 17 59588
14 4 326627
19 19 62780
1 23 880266
9 14 303839
21 15 916789
32 19 192223
5 19 199886
9 22 315565
19 17 683447
14 32 698929
15 14 769333
5 6 273467
11 22 735769
5 12 613095
28 22 839378
10 31 500356
4 20 41332
27 26 546226
25 20 938132
21 13 864228
24 28 865526
25 1 572192
18 3 474180
6 30 586484
26 6 587025
28 2 899420
15 10 170559
23 31 219200
17 9 465138
25 11 681454
18 5 753465
9 13 881653
2 27 131963
21 27 337270
20 25 140849
27 17 103390
25 3 184137
16 26 185322
18 30 799180
13 9 664143
5 24 622361
13 25 896748
31 2 623813
7 31 950301
14 14 916037
32 20 227700
30 10 919429
26 24 271875
7 25 649939
16 16 678357
3 12 529666
28 17 652647
3 30 115677
8 12 559318
19 14 666040
27 3 993489
7 23 593490
21 2 406339
16 29 486833
13 10 677689
31 8 23264
1 13 553724
30 4 870907
29 23 897721
3 31 14699
4 10 361946
11 30 880872
18 30 885265
28 15 509552
14 13 156888
3 8 543010
22 8 251748
2 7 875364
26 15 476510
26 22 904191
1 12 520728
8 6 542760
15 28 252839
2 21 517330
8 31 460201
3 6 964516
18 31 899669
21 5 439109
12 24 505860
31 6 918425
3 12 325750
32 25 354613
5 16 975238
29 7 209492
21 22 954090
29 26 55722
26 6 492862
19 6 697103
2 16 504734
20 3 525570
20 28 796349
14 19 670622
10 22 790568
19 31 681405
6 18 725918
23 13 703001
20 13 683405
31 27 542732
8 26 550416
1 10 656128
24 10 773837
6 8 294793
15 8 563896
1 31 230597
22 21 712211
22 13 672754
3 10 567968
21 28 16650
14 7 581188
4 13 872521
18 27 979142
2 17 415220
16 5 691517
17 13 37082
32 16 25796
14 22 346434
2 6 179540
10 28 873466
2 8 778664
21 2 896547
21 8 940096
10 10 160360
4 30 97482
9 5 861045
17 19 421684
5 2 775260
27 25 718679
23 21 641446
25 20 947671
23 20 520009
7 11 437455
17 6 914940
14 10 814338
26 23 829147
27 14 185468
24 30 732798
26 25 869415
5 23 128208
19 18 16048
17 17 658395
9 27 61429
11 16 542814
3 29 649063
9 4 141892
25 22 320849
20 23 733074
19 5 976841
28 25 721670
21 32 537984
7 4 769855
31 19 270936
4 28 653445
13 15 872405
31 21 109140
13 4 654326
29 20 286374
30 15 96770
20 6 14727
30 26 878933
10 25 743137
17 20 171747
12 5 126239
1 23 718036
18 17 280269
12 11 675581
28 12 415805
29 21 907689
3 15 103055
13 14 916085
29 1 605071
7 17 362601
5 12 595610
24 19 844812
20 6 196050
18 2 195987
23 23 743066
15 14 900507
29 24 888756
32 18 479318
4 24 585285
7 1 14173
30 9 823563
25 31 468040
2 17 234876
24 5 276073
13 10 588273
18 21 633613
14 16 936243
24 2 675425
4 14 895988
11 25 140300
25 11 297485
2 11 558444
31 5 715354
3 27 405339
11 9 497778
31 27 768906
10 15 136485
13 3 199681
14 21 782439
29 6 577993
1 27 221633
15 23 848777
6 7 11310
1 15 372747
22 18 6703
17 25 451015
29 28 243515
24 29 442421
23 19 733920
1 30 859952
21 3 169472
30 17 109384
30 5 875361
8 20 504546
24 11 95299
12 11 717338
14 19 869376
8 14 281264
15 18 721040
28 23 685839
5 28 686966
7 21 381669
6 17 195539
27 13 454522
26 1 236562
11 6 836153
10 19 447978
11 21 924516
20 27 584418
20 15 126637
25 5 472419
18 28 649638
22 25 923959
21 26 461665
19 2 164802
32 15 775323
11 19 21853
18 15 244058
28 11 205255
28 25 332365
4 24 937407
12 13 474196
11 14 722834
24 25 817292
10 20 275652
25 12 951638
19 26 32219
24 18 425277
9 2 802253
27 1 9273
4 5 273130
10 20 688248
4 14 733533
12 21 642921
31 6 257904
2 32 678648
24 30 220566
20 20 112908
32 10 500490
12 3 454231
22 17 550620
5 17 324049
16 21 154083
21 26 290935
29 22 178906
15 16 717150
23 8 737248
13 27 676859
32 14 289103
12 15 748983
25 9 117954
30 15 685140
25 1 500690
27 10 487747
4 26 430964
10 30 114914
6 8 209209
21 6 271503
6 24 891691
29 16 103757
14 28 263186
19 8 461034
15 28 418104
27 19 442469
26 27 159260
14 8 894239
22 14 276862
12 11 764148
5 13 364119
4 13 784125
26 9 879400
25 11 837628
14 10 314448
32 31 650671
11 12 829746
21 32 671704
3 7 532420
31 10 675226
