78 761
27 3 452340
48 9 588312
28 74 86231
51 59 813065
59 60 964591
16 29 811634
34 16 731134
17 6 554613
63 41 501166
75 43 41313
49 57 127068
70 18 839895
74 73 923582
1 58 169751
68 32 490811
31 44 966211
43 20 400708
19 74 518090
76 60 469438
72 12 7301
34 19 172669
67 32 916592
70 3 241380
59 30 370550
21 57 317735
45 72 792299
8 7 658307
56 11 549139
52 51 657893
62 45 388238
64 50 89046
72 11 248498
20 65 672049
27 72 902545
22 35 349819
76 49 308127
5 43 208247
46 35 17740
62 59 804397
42 40 644392
72 9 650676
4 67 192420
50 32 38808
10 27 709283
6 58 774902
10 60 84425
17 13 573471
16 3 219637
50 42 624951
72 5 662963
23 5 563739
30 28 405826
35 44 30788
47 9 548285
7 74 893960
32 42 838865
3 62 373535
68 72 389901
3 6 900170
55 51 499852
73 59 283203
36 34 384371
18 66 452164
34 31 450733
37 21 833333
66 21 542214
65 21 128848
65 7 479820
5 21 853216
10 68 140776
78 70 708696
2 53 659113
18 3 700638
30 70 759917
5 6 820733
71 38 361381
27 29 598925
10 77 598324
67 63 376764
75 18 470586
15 53 822281
49 54 472841
26 28 801083
19 13 736367
40 47 397412
6 32 200945
53 57 269568
75 16 766943
65 74 766582
69 50 597194
28 38 75866
12 40 211242
25 11 601579
46 56 762875
17 43 140520
24 37 170057
72 34 458635
75 70 235643
36 35 915233
3 32 315928
8 67 89819
60 74 662927
66 66 211599
52 5 91625
65 67 57087
16 69 159837
47 23 728680
50 23 253735
3 25 68270
2 74 873808
28 1 687554
55 56 358180
39 55 113604
45 69 52947
38 3 505637
71 62 784130
27 52 619083
34 47 25681
45 69 72372
34 73 246960
31 78 918944
7 62 42575
43 50 288219
60 73 187321
45 33 439371
72 66 312114
49 29 469517
69 72 717231
61 3 813549
53 55 942106
6 34 11669
17 10 986727
70 78 892471
11 71 607538
36 46 372243
9 21 778148
12 77 188966
74 78 24049
46 63 113647
57 58 224209
76 21 634589
23 51 335839
20 51 728833
24 17 170132
63 78 134669
23 30 923964
15 59 107187
9 75 584905
25 78 360313
73 41 900122
3 77 263540
31 59 551655
25 36 337633
61 7 574943
54 52 833715
35 23 317355
40 67 130099
62 16 606667
50 32 117446
67 61 956128
60 41 569125
76 17 360123
4 20 503679
51 15 824485
19 55 947713
27 29 659302
40 20 594397
39 28 365686
21 60 784530
12 67 137930
47 46 634605
66 54 434100
29 52 849049
48 77 118464
13 43 31925
24 60 167763
13 8 136667
42 14 641888
71 67 986695
65 5 26168
78 68 37123
70 15 974429
37 57 450876
64 11 917440
67 77 201824
48 66 312253
5 11 659621
3 52 333950
71 44 446175
76 19 129687
1 50 564515
64 43 754488
15 32 249295
26 68 12886
49 36 188756
65 30 919041
58 27 803301
49 72 354492
73 72 106766
58 23 384100
33 71 114478
42 22 90409
57 59 221830
34 26 899674
61 74 309846
40 47 749104
55 29 539225
78 58 3750
35 75 873522
7 62 647164
14 18 675257
43 10 430345
77 29 568150
18 45 483632
2 45 972952
52 27 117118
70 2 373896
38 51 780160
76 70 858386
47 62 902192
4 39 358502
10 48 374365
7 46 491556
9 15 537479
63 3 285088
23 65 362288
9 37 462340
17 37 523415
23 21 408671
54 26 590007
69 47 27080
68 35 393811
12 31 229526
54 54 56324
32 24 279907
2 71 684271
23 69 267914
15 1 228894
57 26 498895
55 42 739921
10 44 734778
58 21 150919
78 75 549832
24 76 83909
68 77 772713
22 48 122997
32 64 439081
60 28 94702
55 71 366451
44 42 937605
77 77 155698
57 17 384432
59 52 631320
7 42 890291
36 19 444712
27 71 594550
4 49 888772
66 68 528662
17 53 101261
51 23 343071
69 32 797186
47 53 209717
32 22 451082
24 25 572248
39 70 426487
41 69 215239
44 10 153713
5 42 99589
76 21 950365
9 34 276453
1 31 660038
63 60 156922
67 30 643447
17 20 578489
13 32 207127
16 60 956988
2 20 289481
54 32 43079
41 52 126969
5 51 113170
56 45 275129
4 25 886734
43 31 741718
39 73 246701
13 76 411982
5 67 293599
52 51 22447
34 67 118595
60 50 490049
50 8 622646
36 12 602736
39 74 453346
16 29 526045
20 9 332503
67 21 840676
38 36 874557
36 24 910497
1 62 186444
71 36 562677
32 33 439415
52 7 952499
77 22 212955
34 5 420313
38 37 724584
44 50 122637
38 39 21674
4 67 663895
22 73 806310
64 34 930721
72 50 109160
9 23 805924
63 23 67770
57 59 147999
43 26 271771
38 48 64162
72 78 217130
47 29 702274
68 33 710965
78 78 686860
63 32 869323
75 63 713764
34 37 886374
49 50 131019
49 62 975056
56 25 39865
67 17 877156
70 19 138164
46 25 345260
69 77 547472
34 25 837032
14 53 424815
48 66 953413
63 32 626568
63 1 652467
3 7 515211
29 35 71219
3 9 3370
10 39 531618
39 15 832284
69 74 860683
58 58 40059
42 24 667250
5 58 470638
60 58 666931
12 15 910868
74 8 587656
22 46 286752
38 37 842937
1 77 222117
77 77 127384
77 41 134354
10 24 681745
70 46 780930
7 2 14164
63 60 557005
47 42 228467
41 28 577303
3 59 435358
59 18 175749
1 72 175930
41 61 946757
13 43 782199
19 15 97540
52 44 970062
41 74 565331
17 73 630254
44 21 632653
19 17 459543
69 75 763945
78 36 571893
43 10 510350
68 32 949356
43 77 267413
20 34 235873
24 34 623282
2 61 206797
75 64 299508
13 41 300543
58 55 813198
68 29 724630
69 24 525218
42 20 926503
74 35 105750
66 10 346829
71 9 356647
20 25 760000
16 5 928505
29 49 836363
43 77 467928
65 70 27016
43 18 671212
24 18 480586
54 78 352047
52 35 396170
41 67 868291
61 39 347719
44 32 646068
18 63 573489
5 23 844044
61 71 991886
12 66 804336
24 73 226635
40 26 278221
71 14 834668
44 37 946070
50 53 828176
21 75 696167
18 3 167059
13 68 120412
29 68 796086
40 11 95722
71 59 375060
73 48 923183
64 53 593630
5 41 981035
19 65 756922
37 15 670590
46 22 224181
28 38 40169
37 57 856090
28 39 445681
13 55 560675
60 13 216904
41 38 615028
10 43 423220
53 54 434392
54 29 841915
36 19 955197
43 32 848233
61 14 539444
44 6 378790
22 70 483025
1 61 734593
14 29 714098
14 36 774362
4 29 685470
53 26 977510
19 43 469536
39 74 496625
48 12 563734
64 37 391200
74 41 868028
39 23 830430
48 27 452632
63 2 256489
64 62 80180
4 73 587728
31 32 813281
60 1 221897
38 33 755289
59 35 118234
22 69 819622
47 5 962571
20 12 492044
71 5 382417
43 24 37268
51 15 377718
44 34 90785
46 42 845107
26 27 69239
27 42 639616
47 8 177786
8 78 485333
43 77 903970
16 14 594699
66 74 558047
64 65 302144
27 67 782603
53 61 174517
57 7 917037
54 14 41834
64 42 785550
2 18 279605
74 35 557046
13 77 788557
76 37 125746
12 30 425370
61 5 824580
6 11 440551
17 50 897076
47 40 738550
2 36 516352
67 53 765823
43 53 242042
70 19 338671
4 16 367227
3 38 1875
27 76 631959
77 42 685751
30 48 540606
25 28 933172
5 6 441897
19 25 820464
32 11 426545
20 10 564304
63 61 875563
18 12 434339
30 58 344618
48 73 57672
8 14 493082
52 25 568582
50 55 844284
73 50 819030
2 58 856674
22 74 480109
39 13 415172
78 33 315454
69 22 188760
25 15 947560
76 37 230086
43 60 232747
32 61 835835
24 31 879698
73 28 603367
34 65 158712
27 29 247581
76 63 291380
53 69 88572
33 22 415428
62 70 994062
41 50 722011
33 31 922296
58 44 381704
75 22 268031
76 72 782391
42 30 479736
68 25 16317
48 51 116480
27 76 712294
40 58 861867
39 47 165772
24 27 315101
16 42 440994
65 13 311203
34 76 349075
73 24 958421
11 70 118538
69 49 229553
18 32 936717
42 48 325165
59 13 285119
44 78 16101
40 18 34607
45 77 630888
47 23 726851
27 62 663627
65 63 496456
14 50 388426
45 28 457833
8 29 953805
58 63 852665
9 38 243231
2 67 714892
37 33 403525
9 4 106146
64 9 8537
15 66 177422
8 49 953704
25 22 467997
24 66 981598
36 50 855997
28 74 97259
3 52 623650
56 54 910038
72 17 713033
42 57 635356
40 8 992227
13 59 44263
18 58 226725
43 21 206417
59 71 953670
4 2 107458
63 19 514180
20 75 730786
69 35 145063
58 60 567530
63 43 832060
7 53 680876
42 53 910780
59 21 619016
44 22 952907
5 58 153568
35 73 831693
71 10 648992
72 29 139849
39 29 574771
1 78 639890
45 68 641058
46 17 605243
29 16 707260
40 5 675636
31 3 473138
10 75 247412
18 34 938627
28 36 883609
35 1 990819
19 31 689462
74 67 741168
29 3 408334
5 67 719199
14 35 82535
66 39 538775
76 64 549992
28 68 799835
3 21 772819
63 55 438829
1 57 924080
57 52 62121
72 62 314357
67 15 259183
23 23 198248
15 43 618007
45 18 776219
37 64 733437
5 62 348976
53 8 414971
6 77 642879
46 71 256582
3 4 593318
72 24 946902
62 42 272890
25 36 626148
38 75 902649
64 46 880914
50 30 946592
2 78 725485
43 38 663447
77 27 331531
12 43 37919
43 17 171496
10 13 133269
71 65 221957
39 65 654511
55 59 545833
22 74 41323
32 26 504525
44 74 967934
39 59 22597
43 32 225832
2 35 398760
23 5 597934
48 70 869968
63 54 856172
38 34 38111
52 68 10440
54 8 165314
60 38 31886
40 48 221785
76 60 784930
31 13 106140
22 20 369391
25 49 399368
26 48 620785
68 51 630700
14 19 298338
19 13 536530
59 34 495230
74 27 643355
66 53 191309
29 29 532899
39 7 571984
45 7 959182
13 27 358526
48 24 767121
8 69 949604
66 45 415870
64 57 152647
38 7 472725
27 1 73625
13 75 557690
17 60 968742
41 73 895744
34 14 53774
15 46 275373
19 67 608588
60 18 700841
51 9 358560
35 38 901566
17 1 297812
28 26 71097
6 38 611901
20 76 257429
16 56 440483
64 73 352075
28 31 291577
35 65 284849
39 30 126273
29 73 566363
65 12 739331
58 69 42091
67 49 624361
19 7 214706
19 51 51948
25 58 787133
52 45 555972
16 21 802612
68 32 261149
20 71 570441
56 70 236092
35 14 823272
9 29 275820
70 51 704663
74 20 966401
14 37 384239
16 17 1412
1 52 573402
42 36 798030
34 33 976571
9 59 573780
21 21 935201
77 21 990079
38 5 782742
48 54 46084
59 45 164248
53 64 768626
45 47 378210
47 25 343132
55 41 650295
30 1 580524
54 31 782686
13 31 180978
54 39 442916
8 62 841083
20 2 912022
25 45 818338
10 64 492685
27 57 512507
69 39 864357
58 72 565013
77 16 77528
1 45 801625
76 19 803508
69 21 530677
8 11 483064
19 59 781473
27 56 367502
72 43 940669
73 71 307625
51 2 407092
32 30 70853
38 75 573136
37 37 863526
38 45 996648
64 27 803536
44 21 804345
57 74 916974
72 13 733767
15 39 205729
35 59 268394
30 3 181954
15 6 976331
78 26 677496
17 51 758777
62 50 887619
67 58 513065
68 11 547853
58 59 185996
32 58 48921
6 72 279753
27 50 253662
54 6 783049
