96 704
85 93 511320
14 84 883184
13 30 36017
4 44 841420
90 75 248344
53 79 321003
79 16 491629
83 72 478075
43 76 543655
62 8 727347
74 79 638324
70 43 124274
59 32 616130
63 43 625625
95 45 312057
21 70 628212
85 38 958558
86 73 286879
16 20 528027
42 66 875110
70 48 797475
7 61 912714
35 47 602383
60 6 957425
73 88 851234
56 15 257968
11 33 170052
58 44 895252
60 8 723348
2 81 822976
20 81 178499
4 20 434593
90 55 647223
73 42 119578
48 11 695076
33 28 106418
10 76 724082
79 54 185066
27 44 384538
33 30 199176
71 55 897808
12 11 534156
80 9 447214
96 71 422272
64 28 126439
52 39 978422
53 24 969658
81 19 503417
8 34 112095
37 36 119329
49 24 52472
85 12 80644
31 33 530522
89 65 960947
52 70 434028
75 31 867191
28 77 666617
85 10 114365
60 63 894171
70 95 621542
2 38 103279
85 87 220556
22 95 20919
24 91 923588
45 21 326164
58 21 391959
66 45 150069
24 37 343391
88 86 76248
7 32 462201
87 92 502695
53 17 766429
71 51 976066
94 39 745537
63 46 797803
10 83 254737
24 2 291476
67 95 482730
38 71 207035
58 30 690858
38 23 100629
91 22 317794
51 58 356350
45 37 791672
9 70 798883
29 44 153332
87 72 538715
8 35 574732
93 32 5500
94 85 265219
27 41 814063
14 22 262307
95 2 863964
83 92 831961
71 40 189975
70 11 837440
81 72 451642
17 3 167853
79 61 206938
55 88 904869
71 72 17161
83 45 669015
33 15 149159
47 34 470255
86 65 226956
85 14 660005
23 7 732497
80 53 164888
50 54 55274
24 1 566493
20 47 36300
70 88 127566
96 58 348273
85 79 298756
31 87 213056
47 87 224387
42 49 292574
51 22 143483
86 44 853485
42 39 836561
46 3 871238
72 21 355299
68 30 26638
43 53 161226
19 44 827220
31 59 838515
4 90 158225
7 24 578162
30 72 378164
23 18 508336
91 32 503843
58 92 905321
13 9 528551
50 25 933919
34 96 966281
17 73 438010
23 13 760793
68 43 173057
80 2 514332
38 90 582628
30 42 852309
51 10 707994
11 61 639127
80 94 151310
80 68 250945
68 64 597629
35 55 209760
41 81 216901
75 24 347354
24 53 287574
78 23 561186
64 66 193592
51 82 33863
87 59 841503
81 95 758640
20 69 623481
44 33 446436
20 64 669546
46 30 353722
96 84 718457
70 77 757563
47 36 106297
91 31 163863
30 96 212684
67 62 274654
28 72 279369
85 30 712932
17 24 998414
43 90 406727
90 53 812556
8 80 315973
48 85 113270
80 54 712916
3 84 462833
84 68 64070
93 67 611311
71 1 115408
74 4 830973
14 24 837388
74 91 982054
52 7 202625
4 71 206773
29 96 630573
13 43 533404
14 64 967935
85 38 870884
9 69 107437
2 35 738748
11 28 526963
21 11 806204
73 48 70530
32 12 241020
58 75 141834
44 7 803056
3 40 795987
8 27 245327
43 91 657307
51 96 13332
58 11 963290
12 1 229037
13 74 199329
84 89 647718
10 58 770806
21 77 962130
28 33 107255
90 50 120946
54 35 54484
36 37 902879
77 78 853715
50 14 512444
28 82 842857
87 58 913115
43 72 388174
16 5 64820
58 80 879756
68 77 115112
30 21 961564
80 69 203456
89 73 639716
50 45 786685
30 21 295158
16 70 740520
74 39 998992
15 9 296870
77 45 684985
55 77 423681
24 8 894167
65 78 68927
90 42 842256
8 73 10157
90 36 76712
84 73 685103
39 95 60648
26 44 822808
92 89 356233
45 13 555584
55 29 199819
67 27 283890
67 96 275453
14 36 269417
25 68 789140
5 84 557131
62 44 858302
77 90 256526
60 34 80452
50 59 77929
17 16 541880
89 3 653777
38 44 219705
31 50 303515
22 84 191943
84 57 723511
20 65 151335
28 70 183656
89 83 993350
48 61 539305
37 30 313351
25 66 865196
94 68 68781
5 69 548382
84 6 916490
59 45 271450
74 49 963341
63 34 544470
3 68 812584
23 70 532497
95 49 492169
88 17 652459
32 55 584590
43 14 330170
70 2 979895
39 1 92698
89 49 909928
63 68 100336
88 65 750802
12 17 406162
96 30 657126
85 35 324965
4 75 133609
52 66 291609
50 70 380837
38 50 896429
82 81 61031
82 77 436614
21 88 956144
8 60 275115
23 95 229120
51 74 259901
67 22 126812
81 51 971737
9 89 330475
11 44 391997
89 89 863748
93 60 408692
72 13 659280
3 54 225216
29 38 222756
13 30 709052
66 69 950708
28 75 925436
55 6 229725
21 96 69661
80 10 676784
63 8 818858
77 89 312229
7 45 290096
94 85 173263
52 80 177431
94 11 268512
71 32 392152
75 19 547533
77 95 848055
52 64 511514
70 52 386677
43 81 414355
25 86 597752
64 83 18082
89 46 661573
33 32 697477
12 77 30804
66 44 572800
19 21 28043
1 23 193697
26 82 518563
18 8 809293
74 1 25978
15 41 487587
68 29 990564
95 74 131390
57 60 324616
6 17 243094
83 13 945144
20 86 231942
9 79 361392
35 87 14215
13 45 548502
22 44 617279
1 53 134095
1 23 818661
57 93 604739
84 24 529492
6 23 927318
3 32 100568
8 69 638250
30 42 285684
74 13 643659
78 55 299945
96 92 567961
95 82 122786
50 48 780877
6 42 105403
63 88 467295
47 87 553306
87 42 414956
92 21 43163
95 15 451502
12 48 232864
50 88 436176
44 24 118068
63 12 497184
85 85 666785
67 68 469080
42 2 600393
2 39 812333
73 34 612577
88 91 164503
15 89 772245
45 90 444001
35 93 116372
8 38 401930
74 81 483259
56 40 404215
56 26 394708
36 78 866164
46 3 383279
38 2 571687
57 12 743831
38 57 873520
83 63 233605
90 45 27581
96 58 998450
80 76 170537
2 22 986767
22 3 924690
45 31 138638
11 15 222812
81 39 399175
66 6 438913
38 3 164390
12 14 94955
80 47 393813
71 1 143433
14 56 180320
48 6 767604
91 47 367923
56 18 248561
26 59 831329
49 92 557195
96 8 408014
89 13 895812
53 78 814453
9 58 679964
3 10 5462
68 41 763363
68 45 898735
53 54 63702
25 21 871273
71 61 110492
29 39 842091
34 64 743731
9 25 605639
46 12 993141
91 30 494084
91 56 339184
16 8 923605
90 73 600123
11 84 17599
41 19 989400
3 5 382847
52 45 789051
88 57 33041
7 21 529757
69 10 130145
93 77 493023
96 10 105194
18 46 307010
11 70 562881
37 41 978633
8 91 543318
59 29 74340
9 71 950207
25 51 488204
4 45 250131
66 61 709595
35 85 430020
70 63 686721
82 36 532158
71 15 360836
63 77 103916
45 56 167674
26 82 735993
64 12 970666
15 3 469625
71 31 201695
68 70 737620
62 20 784542
16 59 726012
86 1 426985
82 96 691371
92 45 572642
22 8 784221
83 95 847747
52 44 936740
86 66 486781
17 54 957514
47 66 563432
75 27 508410
32 82 408465
28 42 219627
41 59 816880
15 49 737343
72 49 295132
10 72 392604
94 60 867565
96 9 942634
47 32 753061
73 78 179168
21 83 596331
36 60 747527
19 31 677423
25 25 117093
34 70 5321
20 6 50962
55 72 409172
25 43 882175
23 21 113371
94 3 21510
72 80 984206
74 14 411226
93 91 893215
68 71 452558
47 63 496841
78 81 283217
29 35 888737
48 46 27650
42 11 22386
48 6 240716
32 66 378546
37 18 685110
74 5 463715
77 45 600106
24 69 816472
62 32 722826
85 55 149152
7 70 214652
65 9 920889
21 27 821151
37 77 305926
34 90 385946
28 37 720996
62 21 721626
46 51 683879
84 46 456464
83 86 513643
82 21 920299
55 29 888256
34 69 700067
53 84 999592
57 30 697411
75 91 979629
83 60 858325
53 96 141654
31 80 323682
86 11 403043
58 13 374114
6 53 415158
61 71 892034
27 66 217635
31 42 701509
66 27 348642
29 5 422630
34 57 73810
44 31 514682
8 33 704630
74 47 373629
94 75 730597
72 42 967497
48 12 273682
30 92 970226
37 93 514385
21 14 375068
57 23 242246
65 91 639267
52 27 896572
40 22 121830
38 8 481221
83 83 339576
41 8 571039
43 83 491204
66 19 253574
8 5 369930
41 86 426115
22 83 49956
85 91 288229
49 7 664751
29 84 992967
3 59 833971
76 8 919543
51 67 726380
12 26 458215
37 42 417067
65 80 501387
79 17 971701
64 25 167594
46 17 783688
92 1 119217
44 62 852248
96 87 539854
67 10 783159
58 21 921922
86 27 76219
21 49 880543
31 94 582364
55 62 265188
18 32 455310
34 2 399018
61 50 183759
96 4 170899
85 52 312794
90 2 571207
91 16 172470
14 61 297031
16 63 277465
48 10 982892
87 27 454647
21 12 917962
13 17 700072
15 86 868447
15 81 145712
85 30 857362
70 55 269980
30 38 811740
67 65 474832
25 18 516563
58 36 285619
37 75 512794
62 22 473140
40 72 508411
80 86 665927
85 22 85209
56 2 719262
11 29 645851
74 4 876875
87 79 617597
7 90 800547
60 9 496295
43 15 484972
40 4 668912
6 82 961420
45 29 289105
45 42 481962
34 22 352962
72 72 411583
3 21 446863
76 72 589999
29 35 198316
54 39 702328
13 87 468444
48 36 915533
77 55 582674
81 61 821763
41 32 582138
26 68 746689
87 55 711348
15 46 10248
17 22 944752
12 12 319106
30 65 237617
93 5 288792
49 55 743577
35 53 969794
53 10 753561
35 5 787764
86 19 270745
81 77 654803
49 68 404154
37 50 324713
62 86 699203
85 41 943091
57 64 448397
38 28 155139
61 53 758750
70 90 962131
68 21 659945
2 31 375095
44 59 977291
72 29 587084
44 32 552604
96 33 796105
11 14 342977
35 93 344492
52 67 757301
21 27 730625
86 88 137565
24 25 78068
81 82 610223
46 86 957183
88 33 63032
14 43 968291
95 96 902551
29 32 570385
96 66 107223
26 92 229693
9 42 753421
51 91 136731
63 46 561624
2 48 800649
87 51 215340
27 82 141370
57 92 836701
15 38 653595
59 63 189812
74 46 637349
52 60 996349
83 71 920081
51 8 664887
95 79 78009
24 63 830527
77 86 862208
23 66 62088
36 25 740106
12 64 356633
86 6 487201
42 46 541880
35 33 317836
44 16 707054
69 69 895589
41 10 5684
46 77 28450
80 33 855661
38 78 20478
62 6 358465
96 58 382697
47 60 296932
96 13 41342
93 69 717436
72 1 248744
6 55 32539
57 27 949082
5 42 18175
96 66 473522
16 22 530854
44 30 70715
28 14 789093
21 15 763835
87 75 465788
31 52 665422
93 12 846245
11 46 790512
37 27 232447
81 84 619187
19 69 746920
87 52 446409
8 91 378973
