181 803 1
103 86 70360
177 155 71659
76 71 25992
60 158 20292
110 124 71489
106 111 52105
23 79 41678
12 146 16039
130 53 75914
108 39 73391
27 8 33381
19 121 74130
83 36 34302
30 8 63197
153 122 85911
2 60 76886
119 90 62975
152 113 98867
27 16 23436
63 26 12677
159 160 46403
11 90 70210
82 86 70451
101 12 94754
140 102 23498
74 95 21000
126 178 504
52 30 54996
61 141 28617
176 18 91653
114 70 88346
152 40 84610
34 59 84568
41 129 92897
1 141 81027
34 169 49024
136 105 24106
16 61 17845
126 43 69217
133 154 23008
90 19 38437
168 118 23332
143 121 84476
152 5 14282
173 96 73788
69 147 86113
58 121 82270
20 151 44958
123 68 78402
21 116 5907
15 164 54730
115 62 70512
72 96 96117
175 163 57741
102 127 42649
107 154 63817
171 91 48079
123 147 48674
102 49 19597
124 35 97607
98 65 69372
35 114 94652
110 155 34547
75 117 29369
136 19 53396
102 6 5879
173 158 40516
7 157 67184
47 165 19057
53 133 78887
155 154 97691
84 14 64326
119 117 29668
53 85 72736
91 40 13487
54 114 38602
124 74 87648
104 89 77874
31 143 99882
121 121 47280
77 172 32702
11 158 37248
122 45 95514
121 68 30112
28 106 44047
50 10 35358
40 52 12453
21 119 74162
96 72 11119
10 113 5430
33 166 17542
75 55 29604
50 181 23750
55 168 80407
139 63 89003
150 29 59875
106 66 38603
48 127 9364
105 70 75491
167 105 15284
176 121 63614
152 136 68917
56 155 24456
44 131 28100
79 181 43115
93 133 68216
82 110 31875
102 64 25388
159 127 22467
31 74 57337
64 105 52200
144 123 64680
156 103 90603
73 106 74079
88 168 36407
172 175 25916
84 101 43567
69 19 52330
181 5 93885
49 12 40881
157 37 76484
27 154 41049
137 21 93520
29 151 25432
153 87 69911
143 181 14641
114 175 19238
35 117 54191
135 68 29598
47 178 62677
173 25 66208
28 7 37207
179 89 76194
89 24 31788
85 172 45616
21 81 28895
123 123 2707
117 71 50897
116 9 46950
121 131 44827
123 80 57921
118 138 916
171 129 12509
7 176 60082
30 62 49141
165 129 67711
177 158 9668
54 58 64303
39 179 99586
137 56 69447
83 23 31817
126 17 61138
175 121 500
101 8 49228
49 88 61028
146 55 18168
10 118 25623
122 30 71403
87 111 74878
110 123 19453
143 166 13114
122 84 41220
74 119 91291
17 74 43690
173 112 33721
16 149 62649
120 127 432
122 36 4726
74 71 75846
44 13 66442
130 60 95781
142 69 70504
175 137 60739
97 156 67269
100 77 93175
62 71 18093
73 173 80927
110 121 87486
48 22 60906
82 166 48177
82 1 8158
99 66 16261
103 23 98003
177 115 38837
148 181 56160
159 49 52385
11 44 18540
61 42 43327
137 73 17548
86 1 76918
112 78 59557
81 165 9146
148 89 99626
46 72 89011
110 70 90315
88 148 20376
21 94 76839
133 64 76030
65 132 57571
78 73 37636
9 146 41683
167 150 78926
109 37 16912
80 113 84509
78 145 29501
34 33 78283
120 119 19049
24 121 51411
162 85 77220
159 119 38481
94 127 3154
151 22 60315
82 99 68045
62 82 53039
67 53 5731
72 36 91789
21 156 76736
64 160 35465
87 5 63509
40 108 17524
39 48 57974
30 53 40281
95 91 28049
67 32 56508
132 3 7899
23 15 56334
139 126 69003
49 165 38067
157 69 40121
137 140 73228
165 58 17494
124 149 14862
85 127 23438
88 124 46936
159 107 12093
76 32 67130
150 107 90934
173 147 89225
68 28 33341
73 31 25950
174 115 95867
33 162 44349
127 2 71686
107 85 5455
71 137 74130
116 115 7156
9 42 99860
122 94 89770
79 66 19193
72 123 91920
129 161 12022
60 100 2567
149 132 16064
55 134 73238
144 32 37375
152 179 14171
150 129 1730
69 138 22331
113 56 78441
122 37 61604
31 176 66154
133 145 99892
114 59 15546
67 58 55749
85 59 80582
170 158 55946
73 90 40091
121 131 35193
76 69 5422
17 163 24720
155 158 94052
168 46 26430
7 26 59539
57 48 89995
27 58 148
56 126 25908
116 49 56938
40 82 61707
146 68 1376
25 131 46965
38 55 72661
139 100 86766
6 112 55499
177 125 10272
130 170 22233
52 124 98256
117 34 88421
23 50 52436
145 4 38503
118 140 60734
11 104 23106
6 17 97962
83 127 69633
143 109 99331
6 32 44609
8 144 74946
121 81 99169
150 40 82279
3 85 12339
48 25 93138
170 120 64831
163 150 63093
114 1 87904
154 118 88095
15 59 36162
61 94 91601
41 178 4746
13 3 67484
18 72 16135
168 127 38959
156 130 69705
17 177 77434
159 34 78467
39 94 72163
23 13 75859
146 171 98809
140 152 16535
177 13 75711
3 117 85286
92 129 42344
160 169 55088
44 24 83750
40 56 73809
99 135 77914
85 97 74320
35 2 38222
171 65 48844
149 33 88803
168 141 77161
92 19 25979
65 81 36591
112 90 62990
32 80 94387
116 55 55854
5 157 12010
75 174 8723
180 105 35149
34 103 57723
47 158 39977
65 106 4669
170 71 58328
79 70 43146
55 89 55779
100 85 25811
155 124 65555
112 97 50841
91 84 92475
27 136 78806
133 24 49575
18 166 56090
174 85 73565
150 133 90342
44 66 64220
100 37 78762
65 12 98375
38 174 14582
80 159 89864
90 162 33749
15 63 52086
159 26 40087
94 118 97110
132 82 13370
107 40 6699
43 169 5487
105 179 24389
131 164 45868
114 135 26812
22 130 97806
132 170 22386
78 16 72010
91 179 49713
161 25 75590
167 171 92763
142 29 2954
70 71 59674
141 58 32447
174 46 65642
139 105 57497
121 176 30258
123 70 54586
28 50 88202
60 134 97693
32 147 2073
74 67 82799
19 178 21121
168 128 88792
179 21 94830
33 111 67215
139 180 42127
118 4 42887
23 144 45854
131 100 56295
164 175 44629
17 123 73524
70 42 66109
1 122 17868
74 121 62077
72 70 16030
170 85 84005
58 164 38108
91 74 19302
132 94 13770
173 68 58405
40 148 47186
116 82 44004
89 17 36800
99 158 34716
127 141 50883
146 136 60768
28 110 61226
136 49 12600
168 26 60190
69 123 72721
88 53 25705
177 158 93346
92 68 81433
154 175 20037
95 15 83906
29 89 65929
11 130 53922
84 11 36706
4 115 12448
141 156 93417
88 101 54013
48 109 25856
116 158 72937
120 129 40093
75 105 95281
86 36 22350
148 134 16701
126 169 4212
99 144 82925
119 66 87241
123 119 74907
81 128 77528
117 100 25260
180 134 66785
98 124 42697
82 83 39946
175 88 19227
156 6 10460
175 96 92811
113 58 5330
82 111 35903
87 94 99117
160 175 73448
175 11 1797
167 136 21895
92 78 90454
120 173 71401
157 134 26199
71 47 59865
65 167 42611
149 158 69881
111 45 8166
103 104 98399
81 51 83751
181 138 48840
2 73 83274
114 146 29872
33 81 84994
89 51 76122
129 167 71858
165 82 86177
70 103 66537
99 34 28621
60 46 8117
25 63 98022
134 123 1561
25 179 87542
154 76 12301
39 101 40589
165 68 59514
5 68 9992
20 20 44227
93 28 56724
121 160 18318
33 84 92647
95 119 9881
19 29 40786
36 167 33077
108 47 54984
149 176 45208
5 51 89896
120 124 31603
55 14 8239
41 21 80989
163 90 23340
155 180 72819
123 144 52417
153 145 54038
17 23 4529
18 154 98381
157 51 87519
21 6 50034
108 110 33419
31 43 90257
66 41 8649
4 35 15479
176 87 43966
96 82 36441
72 115 30521
148 99 71489
26 32 3121
97 31 45135
27 128 45472
72 181 4852
30 82 7775
178 177 45857
66 111 38290
122 167 69955
104 125 76873
75 176 99382
74 117 53932
18 136 30140
6 160 57452
29 87 96260
142 152 33495
139 162 75184
161 105 22050
144 26 79491
149 101 27434
31 5 6089
81 53 92845
31 54 93141
2 136 64994
166 108 25336
176 59 1840
73 177 22575
181 168 26075
29 180 29623
130 57 25957
79 62 5390
140 2 47717
65 148 93305
34 7 57227
106 147 22281
146 166 40282
79 145 12801
176 130 12080
14 137 8507
180 49 53053
103 11 47122
64 64 14326
108 134 27587
146 14 58682
126 84 30529
100 181 42814
18 87 62481
35 24 7789
86 44 428
111 118 73687
65 132 63527
168 52 5834
22 85 79268
159 33 69720
159 117 45367
11 121 41237
15 88 98540
176 135 36634
174 119 3405
107 70 79955
156 99 6973
62 160 97624
138 59 69611
147 132 75531
167 162 45720
142 110 52170
154 157 24471
131 12 20759
131 122 1983
25 153 57155
15 40 6424
74 86 67776
179 147 27935
98 101 58213
149 135 71957
98 64 77942
122 141 3921
61 146 89228
3 5 51675
79 71 56124
25 67 27707
106 13 90817
97 168 67495
151 68 86216
12 40 67970
166 7 47381
44 151 57761
129 58 88399
76 17 54646
130 167 1426
14 136 50118
61 106 92717
148 39 93504
154 4 75101
74 137 76353
109 20 55030
119 10 95949
157 105 92026
45 104 7320
143 123 9413
115 82 71625
103 124 66046
159 147 89334
146 174 60163
124 117 86519
164 129 84680
58 166 80096
20 101 59893
87 149 68473
41 131 22695
25 165 51274
124 42 78789
82 2 110
19 114 9646
106 7 70964
139 58 20657
35 108 9413
116 46 81933
129 5 68916
122 100 28332
51 19 89553
124 170 19847
72 177 11506
81 67 575
90 126 39911
180 88 88884
110 119 37089
7 152 68553
166 93 98959
41 113 77862
168 132 73168
20 97 70150
11 146 94915
12 139 56901
180 132 34917
175 16 89965
104 118 3776
55 32 41469
128 118 95296
13 51 60673
57 82 50537
158 156 3491
6 158 89062
4 149 93624
70 58 51487
79 65 36029
80 126 11827
137 11 25446
24 27 355
82 101 23784
104 62 74004
111 69 12054
173 63 16338
177 61 63745
83 90 8720
153 147 423
52 45 51909
38 147 24656
156 150 87008
99 113 54879
102 67 39775
25 135 24829
134 99 82461
109 147 6996
113 113 12608
162 62 29780
66 44 64226
143 174 8463
135 169 96414
91 172 84166
161 125 2856
18 73 77884
131 19 16726
50 76 9708
61 150 74287
86 156 82274
150 45 71281
108 163 92649
155 35 53262
55 10 78385
163 11 6012
175 101 99834
91 156 37961
24 148 702
74 147 25655
87 81 37558
154 92 39592
154 35 2780
16 128 15872
77 39 89831
8 67 68130
134 125 54799
135 49 59269
123 19 89795
26 159 68318
151 153 92302
116 62 80920
172 34 80242
84 60 2652
21 86 11320
101 125 12327
113 81 28964
180 113 15598
101 13 30477
60 1 89103
12 83 93057
93 13 43568
122 62 9625
76 90 94861
78 146 85910
112 174 71467
160 36 90309
34 56 51252
43 41 62672
161 161 12048
150 57 6159
16 158 9466
25 2 81797
24 149 93438
28 78 10597
9 104 43869
18 82 70213
168 16 67604
135 93 33494
10 10 59745
95 89 38547
117 166 38763
128 78 31371
1 12 35350
23 31 85535
48 101 50191
170 33 97844
88 72 61248
138 143 60431
143 134 65720
147 128 4753
23 30 27195
179 173 2667
1 19 2557
117 78 16259
92 139 14379
132 6 91561
103 38 56996
142 125 55839
142 126 10554
94 116 52704
53 85 49355
116 158 93583
51 36 23935
146 103 11282
108 53 28112
84 75 8249
137 21 60348
68 156 24320
140 25 92992
55 129 68769
74 86 82711
121 3 25581
137 40 35367
71 139 28728
118 108 90439
97 15 82167
123 23 14061
84 177 83743
89 9 62668
50 35 28534
50 71 24721
113 97 97699
73 5 85202
87 79 59541
158 72 88752
104 3 98739
139 30 37767
167 12 2276
20 151 42041
76 31 59727
175 53 13780
100 72 30130
115 128 32258
58 77 26995
129 10 46751
46 160 63665
152 86 54331
130 166 44503
130 105 42910
123 78 58710
52 11 33145
51 158 97354
97 71 52005
32 63 62737
139 66 28604
134 104 46347
21 67 11137
88 46 64978
175 18 32017
147 179 72703
3 107 40101
2 111 20538
95 14 83517
158 51 36254
17 116 34490
