77 66 1
55 22 13809
43 71 28228
35 6 26772
42 64 23799
16 10 53991
46 41 61947
66 1 27545
51 13 10729
73 52 37718
9 70 4268
74 20 60846
1 2 91021
23 40 48045
35 2 81879
1 50 31325
54 2 76184
2 34 26108
27 63 79818
32 63 86808
71 71 66579
22 19 89492
74 44 65454
38 60 33340
57 24 22961
29 68 59449
73 57 33167
66 12 59695
39 5 57946
35 70 15585
17 45 60110
74 35 82132
38 62 73662
7 61 72710
60 65 16123
73 46 49120
28 42 54327
19 55 37406
42 14 34766
39 9 68169
72 20 50167
25 40 21172
65 58 93417
7 32 83512
8 75 57476
3 10 47771
46 67 8095
69 77 84458
43 15 1623
5 1 17247
70 69 52374
42 54 13097
18 46 47863
55 51 18132
65 19 19631
67 30 6190
57 76 54848
67 25 75238
50 30 91131
35 73 54417
49 72 87842
67 22 14992
40 58 8602
59 64 13999
3 57 33810
54 45 47481
39 57 93378
