379 1353 1
142 264 59100
309 14 28648
206 200 24164
92 218 62112
148 360 7968
262 324 76830
174 68 20177
190 163 53503
178 110 5129
272 24 73481
305 369 85912
194 340 86823
374 176 41135
343 70 97525
158 187 7707
325 2 89391
199 117 23912
228 221 24057
159 337 76221
117 31 19130
49 66 94697
290 69 56018
278 163 15623
72 134 63697
7 138 94534
136 92 6977
208 256 21862
198 85 39488
177 43 21672
2 300 36085
237 49 69340
316 379 38289
185 254 33523
6 290 87762
188 230 69475
205 92 87372
310 234 67643
102 87 724
22 141 49637
363 226 86439
318 177 77851
355 54 86982
181 239 61954
282 16 71648
140 186 9515
44 198 42175
352 13 8761
185 206 37165
287 110 83310
272 103 40102
91 301 59841
242 304 87371
323 185 83863
17 360 52615
167 232 19759
5 131 48895
3 242 83833
1 329 70607
237 294 62765
44 170 34227
374 266 35003
14 326 47754
243 250 10944
111 39 89550
17 98 70076
15 313 1096
210 115 28973
314 170 78876
93 189 39492
347 276 41365
283 364 14467
150 103 56160
90 349 13945
230 290 15903
290 202 58810
69 295 90348
136 132 75031
127 243 45467
147 27 55870
349 299 40193
24 208 59205
266 203 54985
175 235 37751
88 102 52575
152 49 87638
282 38 46799
242 103 55090
316 345 20644
93 350 17309
234 62 52656
177 343 32611
28 15 62944
244 56 38048
7 241 38769
103 14 79586
336 153 47970
43 25 33760
41 269 34968
231 100 38489
23 241 98697
78 124 2544
179 265 42035
189 224 11547
238 376 78775
161 243 26988
349 370 32482
9 22 16821
79 53 36649
131 177 11946
284 151 41381
120 347 14774
303 83 77323
232 31 55725
243 141 73038
110 355 39050
156 103 4824
360 68 69779
82 350 35845
188 224 37483
35 312 76175
230 359 68690
167 204 45581
102 365 19831
194 350 10888
142 234 91384
291 342 73348
216 262 1736
44 78 13250
163 112 99072
241 244 52849
72 98 28178
189 55 6342
304 261 10831
199 275 77165
289 5 93420
135 114 27439
235 351 1785
250 329 31596
297 239 53727
5 180 6671
281 328 7142
76 93 6032
276 224 79826
286 205 85241
333 77 60813
34 171 80302
343 41 99524
82 253 49390
215 313 55256
214 322 53096
232 330 53470
32 35 86645
64 14 69868
377 259 14937
55 220 4205
193 214 74838
235 147 34098
264 154 19118
173 326 62906
322 370 36980
36 268 74382
40 152 98080
276 117 19455
265 241 34689
266 232 60951
38 266 99428
142 358 7546
318 108 88214
306 56 26996
287 131 95889
105 192 60037
157 227 4408
196 329 38597
316 107 15804
299 293 85390
332 208 20177
181 176 24379
51 55 74107
15 261 51339
307 151 79809
248 262 28920
109 133 94956
93 80 33498
117 301 21209
11 269 84031
378 379 18611
250 204 33137
360 172 92143
136 88 97443
9 347 9848
41 22 77167
13 282 305
129 108 17169
24 205 83212
229 118 54604
352 219 90408
152 246 89191
318 358 3053
241 353 21279
51 277 13137
18 141 90143
40 325 81284
326 87 11011
46 120 67258
46 19 87208
343 69 75453
166 324 6792
267 319 81713
147 228 95887
306 198 38034
309 294 98898
20 92 28775
159 83 12284
223 35 45183
342 288 49949
312 213 54612
118 130 32541
225 14 42274
322 108 48644
346 137 34277
341 308 55663
47 315 93124
256 159 6542
150 79 22530
308 179 81799
92 70 7440
147 133 62852
161 66 20440
138 64 41062
168 71 85642
156 182 60787
17 143 21399
101 274 60655
58 327 14568
247 120 65552
115 216 90579
110 305 34925
338 326 3714
234 242 99237
108 361 76497
316 44 13041
314 95 10773
217 332 41546
362 87 20322
133 236 5667
352 317 48437
93 236 82293
268 51 71362
330 309 89366
286 199 21228
322 193 10864
218 38 88766
149 263 91364
342 216 16415
10 35 97466
30 140 67815
358 10 86319
186 56 17946
240 240 38394
278 323 59359
187 138 15428
283 212 87219
274 216 25004
312 281 32628
347 64 92678
82 142 48227
256 164 15044
129 179 99488
44 166 89670
354 224 58525
353 68 64414
298 45 63682
184 33 97428
73 38 22381
153 100 50363
268 158 12343
179 2 32981
85 249 69801
163 7 70643
273 129 27829
312 152 2200
245 122 75554
299 4 61977
327 259 37589
275 171 96883
159 309 69637
257 192 8070
360 130 47702
223 48 68859
153 301 55638
274 3 53619
64 171 92622
371 103 65655
79 295 68737
274 361 58518
221 168 82409
47 239 35908
373 172 91866
7 245 55435
317 145 41318
122 82 44993
273 131 49628
102 298 40224
146 375 78939
275 192 28125
165 297 48446
377 258 2047
13 126 46040
23 353 34745
197 34 2416
11 352 86565
76 274 87758
252 252 31982
291 238 2726
115 57 8973
231 275 92499
140 133 76939
100 186 59625
195 121 74402
22 100 34120
193 80 39653
326 337 93637
251 128 33923
84 47 65739
163 342 39394
249 47 55369
32 292 46777
198 19 11501
20 248 28842
8 364 21110
113 73 3550
307 86 24380
44 205 41172
147 120 95586
258 106 10665
154 65 9396
68 201 5064
294 39 54231
21 141 21822
190 374 20609
79 147 43853
57 50 3325
132 61 34089
97 194 36053
67 349 84982
257 2 23525
244 159 13867
293 50 58033
168 226 87223
330 157 38442
378 239 85791
319 335 43410
48 294 27640
287 19 74777
243 110 68076
351 123 56044
351 187 88857
244 337 4620
195 193 72820
32 102 14872
341 299 9656
136 212 13456
22 230 35229
231 33 11380
16 195 95766
88 315 41540
345 140 8205
49 5 70994
150 64 85604
45 8 12873
228 288 16977
374 174 96376
143 209 14101
153 296 71844
367 271 97694
161 128 67288
136 125 86298
297 284 28055
307 157 27949
361 128 49239
343 320 66958
15 18 79438
243 366 2668
318 83 78507
318 95 81547
210 120 44550
53 312 56613
327 137 69079
65 213 76088
12 145 85854
153 190 37346
78 106 89137
287 278 445
311 158 24981
175 198 80854
190 97 32364
72 241 87535
39 218 99240
153 232 46994
39 154 74394
314 301 34254
267 36 31460
191 98 48984
205 114 74040
136 321 15553
348 207 81765
379 366 99945
17 348 39779
12 345 88419
102 313 51280
6 189 74779
72 313 5871
316 17 13068
186 26 78186
322 349 30765
302 15 18605
363 371 22466
291 360 68725
111 302 70855
127 288 62584
238 243 72112
59 342 98064
271 149 90281
332 230 91631
44 78 84533
91 221 96842
14 351 50057
68 264 84592
106 199 2515
323 297 5927
80 101 77117
31 153 82725
263 352 67691
376 226 84199
113 34 48335
3 342 9878
115 202 66287
114 100 91302
20 356 10941
297 288 88314
154 193 34100
330 300 61436
312 234 2027
374 266 81050
141 120 3479
304 168 96130
289 252 28230
34 113 49886
208 40 46983
161 176 61171
223 363 76256
256 204 71608
33 268 22915
333 109 68893
222 89 47809
85 354 73725
51 116 22609
338 204 75206
266 269 69765
237 13 75096
316 241 58971
90 305 3615
300 198 7419
176 139 80085
136 73 4598
15 175 46141
345 116 9017
128 14 53111
71 57 96824
266 223 16004
37 90 74230
223 33 84160
249 328 33519
262 283 89976
290 184 23748
139 242 45169
256 8 98338
164 76 36500
37 106 92414
39 362 30841
295 297 49983
213 133 94967
279 349 80204
57 65 33738
135 30 60990
335 108 33849
228 203 97666
377 49 51279
344 369 49518
247 270 21060
201 314 21525
61 48 36450
57 227 57862
326 35 72098
91 346 53298
173 321 9855
285 163 95279
334 7 38772
368 320 8013
320 182 95133
17 148 23802
135 265 56357
364 375 62163
201 125 56636
337 33 82713
34 323 94328
150 93 76743
202 118 83611
170 281 73530
84 160 7033
331 38 36955
3 93 41569
379 310 70286
174 117 37717
119 189 20390
2 231 72070
199 212 76265
322 104 69795
324 191 78018
24 106 58043
104 249 48770
63 121 91275
124 307 90829
82 376 22639
245 365 74989
15 355 9309
226 38 20700
297 70 30037
312 132 84682
14 106 10016
196 316 45863
42 29 71872
106 20 94342
269 15 13447
15 237 90985
302 219 38512
240 342 12727
136 260 29050
317 164 4751
177 133 5792
267 260 65152
26 280 13987
210 50 26207
19 340 24634
345 109 55850
149 365 84935
139 316 18511
138 47 34689
89 200 26580
115 368 31053
51 64 88924
196 90 38290
356 322 70266
56 218 49984
165 260 54278
375 165 64264
198 119 76608
335 320 90976
247 270 94489
92 321 45613
358 252 50009
165 302 68319
177 58 82965
142 299 44899
71 364 38942
158 73 99815
272 66 65722
197 60 68715
331 291 30267
117 306 46982
284 26 78529
315 204 74077
126 100 10080
297 186 31793
25 276 14443
19 272 71723
271 211 38814
331 306 34050
49 236 70124
356 111 69310
79 217 66468
206 366 8027
177 259 58393
24 117 39237
156 335 3279
135 180 46210
34 55 15858
220 160 82449
262 23 69595
13 56 15967
70 174 55743
151 83 65729
267 123 1499
22 156 81370
222 319 63074
174 304 27814
180 228 94483
102 72 54424
315 259 96707
346 213 53216
236 133 57260
12 36 88261
39 87 42837
204 151 11165
197 243 37737
220 57 57747
35 175 64506
18 32 83275
136 259 62216
231 228 80074
51 34 9040
208 360 31532
368 111 50372
33 140 55419
47 66 95104
136 298 55522
167 350 39926
364 57 90738
157 261 30962
343 143 19727
134 339 15608
105 250 25191
133 131 36074
165 268 3753
118 268 44805
166 303 18413
300 92 45286
361 117 91948
178 297 48522
56 269 68564
141 286 43550
220 319 68418
359 271 35025
120 180 91345
309 209 25274
116 345 12532
5 138 30693
147 219 60492
81 120 94438
349 48 47311
283 85 45995
293 44 36456
34 375 27348
83 357 28727
88 130 61288
80 159 95890
204 314 92139
295 2 43233
90 374 73927
273 62 29783
257 40 17849
155 238 66658
250 281 84627
171 33 97648
79 127 64729
322 264 77316
171 376 81726
100 214 20250
201 172 64285
273 17 80191
306 281 99796
116 101 96722
349 126 76503
195 346 34737
236 329 6212
94 189 6375
60 50 4763
221 278 30623
151 1 66664
376 350 61739
314 120 43553
73 10 26124
266 26 13370
176 19 96410
148 270 46653
216 131 73064
151 103 11833
109 151 60972
23 177 9048
74 266 37664
306 265 98542
132 73 77350
109 126 95139
37 132 25311
50 99 41075
316 300 13401
272 19 72524
77 263 15778
105 326 32047
38 78 4510
118 235 65335
184 74 81392
134 368 98370
126 87 65694
298 337 46068
365 209 1477
348 258 39509
341 131 1701
147 169 85105
161 106 70853
12 284 95516
67 265 62920
64 5 59326
238 3 80405
8 66 82623
90 91 53005
267 125 42235
89 134 4749
49 296 45226
22 150 12952
190 43 82079
330 257 25536
361 261 67758
305 294 56317
266 347 5923
257 47 53381
50 245 60690
129 216 48404
198 357 15573
100 378 47358
90 301 89833
89 102 71905
335 137 10341
236 270 64894
240 70 3086
138 369 13703
237 59 91421
28 156 95309
137 359 23853
132 176 3158
310 14 85190
140 236 25153
116 234 32935
328 160 23086
48 134 99515
188 190 26054
17 52 38502
59 318 1480
366 250 40613
70 47 34986
287 187 42893
326 35 30408
88 7 99962
302 323 54714
135 230 81175
107 336 18271
242 151 5371
19 40 47934
52 28 20215
318 146 61010
287 169 29353
176 370 69225
258 374 57212
245 376 13695
88 108 31133
187 49 31473
342 334 57862
232 63 42543
154 166 68393
147 228 97303
310 186 98131
360 47 43757
114 41 21172
379 341 35694
278 374 62294
353 310 38492
175 307 79136
134 264 93269
332 125 35486
175 222 65195
69 320 33552
237 210 26478
225 137 23083
365 47 17582
75 156 25033
3 131 92323
22 66 61154
111 147 99201
289 48 68043
330 77 87596
127 61 79895
135 173 34151
346 263 49115
355 103 76787
327 116 21970
26 182 30267
234 142 28736
317 208 24244
379 204 17913
66 230 34052
14 274 81271
257 44 55295
353 339 75484
163 274 52370
317 164 96323
54 294 58286
55 275 57626
16 363 81256
134 92 99204
143 276 23294
338 116 96459
19 236 60120
130 326 20050
209 174 20127
226 263 79167
252 59 63634
137 47 91586
50 321 62428
218 80 8378
271 54 51762
86 132 54802
177 184 23188
250 74 79593
91 292 75690
287 193 57469
14 245 7904
123 189 66756
143 320 89359
182 198 10845
143 2 66442
323 91 52283
13 228 85682
368 12 84168
14 8 16265
257 153 76369
14 48 35626
290 148 50641
116 31 55256
55 308 9893
134 363 85751
25 212 15337
328 88 78970
112 33 44901
330 179 79948
320 140 49133
244 311 23615
357 313 31021
139 257 95254
215 254 22029
296 248 75275
41 231 1224
11 205 31063
315 301 21276
216 183 83232
199 295 52701
116 149 85604
173 182 13940
179 213 12986
122 210 40157
58 169 26115
134 183 46459
35 249 24749
374 219 42710
39 225 26502
47 160 90504
203 273 31095
248 281 5821
202 231 23110
44 233 94810
283 307 74491
258 247 52999
341 216 99300
216 121 79732
122 143 37823
72 252 76374
156 200 23773
271 46 41486
329 240 64200
93 106 1381
266 21 90750
220 294 90022
363 204 1617
152 354 85364
28 143 34315
301 104 90701
294 85 54042
29 304 92401
359 96 18399
58 99 21542
314 65 3877
202 57 24049
28 39 49887
338 363 81300
315 192 45648
256 305 68497
76 229 5555
262 297 2635
29 317 82566
243 138 62812
105 351 75280
124 57 98444
275 34 43020
241 274 13679
265 286 8209
328 320 11176
378 81 82748
286 206 25454
356 20 11176
233 151 74898
57 78 32303
366 236 15347
245 67 72683
344 176 7595
375 226 6784
294 325 64544
53 288 69147
147 68 73978
155 204 50364
99 298 11251
311 214 38908
179 63 13143
140 195 4781
287 333 63358
183 278 78247
154 172 11351
101 228 33373
345 337 87014
10 369 76802
251 8 46006
217 91 73385
6 278 83886
195 164 20011
76 37 28225
308 320 65526
306 2 97707
156 230 37266
28 328 88988
203 263 11071
137 374 43805
218 237 92274
197 266 29092
206 212 71832
34 341 33782
47 196 36270
125 185 23640
109 308 95350
225 351 45043
67 273 63618
177 158 85289
24 209 97861
152 24 41949
143 330 91374
307 65 4776
367 11 23893
297 3 5179
201 105 9521
170 274 93108
351 303 32270
320 269 88497
166 40 67485
359 251 23714
211 250 64875
277 41 93224
130 344 95578
355 78 10509
12 161 25202
361 88 16360
124 40 85144
125 276 95732
372 80 86588
1 218 62912
47 43 29801
63 198 28690
47 157 54473
10 210 19142
296 181 95319
138 318 36112
30 311 69771
291 269 12324
308 287 32777
282 32 4949
63 151 30655
366 154 51277
135 193 9206
41 59 75396
301 331 42411
246 26 94526
374 9 8201
97 260 17767
120 50 33433
283 65 29285
210 101 47048
112 370 77144
360 186 18459
238 261 9124
79 330 8138
274 206 43398
217 342 6373
336 140 8633
24 45 1239
378 11 906
231 77 50644
72 102 94200
155 181 61214
352 27 30032
365 159 69301
206 368 29453
207 236 60863
8 136 75282
260 258 80325
78 149 94091
56 251 33981
217 72 8035
212 221 12754
351 191 52135
94 323 16679
362 156 20927
148 135 45042
36 39 60863
61 21 55558
4 60 76689
51 326 8228
306 72 87747
288 71 23163
255 292 96923
351 225 7104
153 312 2762
217 95 60471
231 22 53017
64 174 40175
177 177 62804
285 114 50378
178 189 34072
35 255 68244
196 223 78040
46 321 72678
145 356 25515
15 314 22305
199 205 85403
360 58 62521
355 307 47838
190 227 10576
354 252 12642
233 124 20025
251 301 14180
157 10 27073
97 86 25454
29 163 10119
135 274 36158
323 85 95486
363 193 39866
125 63 78402
65 102 31051
100 173 44965
26 27 14323
344 58 82350
183 252 29055
254 180 66495
198 199 2904
7 214 96524
129 264 2208
255 22 77345
103 127 99829
204 119 11717
173 233 25760
243 365 14585
124 91 97433
93 297 9380
276 344 78850
206 298 98100
38 341 63828
325 347 93722
83 71 83660
194 190 39714
73 66 41042
147 11 44273
59 211 37177
367 366 63324
19 76 56225
325 279 57407
140 274 51405
379 373 14891
90 98 95065
358 148 25929
153 336 92540
311 307 14092
332 22 72509
318 87 76352
280 201 49293
370 285 29435
180 279 13639
163 311 89771
183 323 65894
24 370 18830
196 169 27192
223 246 41505
137 314 4210
198 220 51988
294 191 36607
22 18 879
346 166 14447
233 252 16697
378 334 5475
192 294 25819
223 244 27071
55 184 87251
137 43 58560
74 198 80447
324 109 64565
77 137 20346
242 174 6528
224 58 45819
277 338 35213
24 82 15498
108 264 45079
62 204 56726
198 40 72555
238 150 78732
288 265 95844
3 256 93987
245 106 86201
193 199 77694
51 119 16186
325 39 57797
248 317 66935
273 16 12455
266 367 14502
213 342 19200
173 183 44130
92 327 55344
124 204 68130
178 308 47664
373 371 96399
184 92 32039
286 161 62861
285 4 43296
353 103 4126
160 149 79026
77 312 22815
346 373 38173
334 82 5331
242 142 87643
8 183 1904
46 186 14587
255 279 58758
340 117 27522
228 20 9751
134 52 39880
70 351 75122
167 150 9328
158 374 99451
268 181 55130
83 30 1359
261 284 26557
19 180 69368
375 82 84618
309 282 48481
60 5 48501
145 253 56365
83 249 83696
193 350 57483
145 327 64210
30 377 89024
140 313 90365
255 226 84440
344 203 15316
114 180 82686
147 219 33719
222 277 58265
369 135 28184
259 343 27027
360 268 92214
67 20 54918
357 204 31708
22 330 3123
170 319 79620
41 279 55447
27 265 21012
149 145 83356
288 138 49159
234 65 67106
250 113 76850
227 329 78179
291 96 10514
132 315 63855
183 224 65542
104 58 81365
150 291 17082
281 270 7842
217 51 32869
277 20 58671
51 94 67679
66 50 67766
91 238 7480
290 209 47827
337 174 76034
275 268 69413
200 365 64407
337 283 77769
274 243 35821
343 217 86142
53 111 16890
164 5 22227
121 171 64636
178 355 76246
252 105 63548
178 105 72702
271 157 44294
282 10 79786
36 7 27344
1 310 13754
189 126 96290
280 324 35577
78 142 76795
64 137 37323
314 186 77425
186 184 64155
125 127 20407
261 347 48783
302 61 72429
59 132 22190
38 114 20019
330 367 21001
70 349 85027
110 208 87231
162 66 54974
7 35 59939
238 122 42789
248 329 65189
210 54 83244
223 125 99152
206 133 47744
366 97 63024
331 147 534
71 271 9467
61 305 43872
101 143 59161
23 65 61472
164 50 27802
315 289 88289
341 162 73162
133 350 28041
118 127 34376
329 379 13935
232 223 45438
277 249 64618
121 4 25477
269 178 20690
91 40 10891
122 65 25489
235 344 5379
24 314 63987
127 192 5333
111 259 57898
137 232 53299
289 90 86354
259 231 18484
55 377 40009
183 39 69258
140 29 59735
60 85 42197
14 70 4566
25 202 25363
228 357 9520
62 158 68738
250 189 43337
182 24 99946
227 60 5696
252 291 6985
250 126 967
333 160 49898
88 234 21329
320 75 61527
96 117 31780
249 249 17548
1 9 50833
54 49 36454
95 115 38338
59 283 98408
357 143 92310
299 240 79969
319 45 78519
206 250 41351
288 205 16339
281 124 19750
233 266 66779
285 36 79908
45 288 43988
248 79 8226
230 98 80386
203 57 29379
73 225 30641
126 208 38577
9 304 99905
287 154 15360
73 238 52298
182 168 15036
327 115 37044
345 55 79078
80 206 27352
27 243 25411
121 76 56770
331 203 48651
211 332 20122
181 130 81748
121 116 24384
289 218 84122
209 231 30975
134 30 7706
337 236 34728
145 214 87093
148 16 59991
244 140 25974
144 2 85504
100 347 21504
291 126 51306
106 182 38692
261 184 50614
123 6 8502
330 288 45247
14 192 89021
230 297 73230
47 367 31660
347 71 83322
323 367 66405
145 225 46894
228 70 88676
227 256 32260
223 32 91016
104 249 72548
268 200 86055
128 110 31883
12 97 81350
153 203 87024
48 192 2074
378 185 3658
96 346 20333
249 169 5332
37 195 17388
205 48 67089
202 10 50670
361 313 98443
15 361 94394
357 158 50617
189 192 23969
251 304 57209
117 210 58139
54 28 32061
204 48 20109
74 206 44668
100 276 43648
246 316 61632
186 341 20028
302 39 12613
256 21 1099
189 95 71261
302 296 9115
207 101 37577
289 180 17765
274 345 25614
332 322 29263
4 21 92326
117 357 51375
