286 1387 1
281 107 60814
201 144 36293
140 78 75908
65 176 30401
245 130 85230
24 284 39686
181 126 11386
251 99 33381
135 9 42772
29 206 51994
18 146 85677
230 271 7665
189 20 81173
152 152 12974
122 15 49816
100 218 70458
23 144 48516
168 22 14783
26 116 87159
114 3 69915
196 219 73655
84 144 21085
194 164 77255
244 38 7212
231 84 41506
193 98 581
67 105 81396
11 115 31794
140 163 95536
169 54 56170
99 154 42934
88 24 44184
235 75 1838
250 204 96647
125 215 38575
221 14 43031
172 155 80670
7 69 75636
121 253 73689
276 122 67350
56 158 13388
106 42 555
219 125 2784
232 268 32353
227 214 68478
204 186 31658
181 202 69905
268 209 60446
191 11 72590
9 252 55597
97 47 44696
213 29 43492
37 42 15129
44 278 81341
188 57 22946
17 206 74998
194 267 25767
31 50 48346
40 268 76525
66 132 92837
51 208 81439
103 151 47714
66 182 96181
46 99 45439
231 154 74519
137 169 55748
66 266 91080
277 148 92081
69 193 97341
59 95 28694
199 241 97384
15 152 70666
10 230 34868
186 90 22294
32 85 12457
51 286 33400
150 256 97405
251 256 70770
30 210 98245
225 38 45631
164 16 98634
1 85 79405
141 121 73103
252 272 41408
76 12 61909
187 167 89670
150 279 41192
104 108 81965
239 19 30269
147 9 99670
61 195 30148
187 107 95609
22 158 87465
168 42 64388
195 1 232
254 64 82395
143 233 22185
65 27 15644
269 60 5312
49 252 35870
241 144 63748
137 94 86209
29 221 77249
239 168 43119
245 159 13190
223 110 93889
274 132 27586
269 147 83345
121 254 55384
227 11 40648
149 222 24404
20 145 96835
32 191 29012
211 89 30591
219 38 93807
20 243 21191
251 273 30580
167 176 71398
182 189 52992
250 90 8655
132 281 33874
205 130 44039
65 185 80775
154 243 59468
186 252 99645
39 20 50648
237 73 23873
2 93 96917
102 113 21620
163 28 39285
135 129 4373
257 111 46315
43 282 74016
133 226 73431
11 204 69486
27 160 41841
15 99 85263
21 266 51786
127 45 47318
161 165 66537
210 141 82477
229 221 20519
269 72 97048
83 70 48306
228 19 14445
132 106 76610
80 13 89253
28 63 30583
162 9 51514
223 75 41795
207 27 77732
112 109 77121
181 49 28807
261 122 96461
124 161 1489
216 148 23945
120 2 84293
274 104 58937
240 175 16077
144 233 32322
43 89 38434
32 190 5828
241 79 88505
125 245 7309
244 205 31762
69 229 76461
96 167 26882
93 76 99643
274 230 67886
106 284 70171
2 277 10140
280 186 88277
211 22 65803
257 214 89035
76 215 92911
237 239 26634
33 217 47319
240 195 40072
198 34 23070
153 35 39594
263 165 59787
223 12 73382
92 115 97108
246 148 30584
48 247 12999
105 235 46481
279 91 38085
36 74 94034
112 242 19813
148 53 65051
86 186 92368
121 128 20835
200 226 15142
113 166 6560
190 13 7610
4 127 94941
38 265 1327
213 172 22275
209 147 45756
22 276 78654
173 92 67364
87 68 20152
15 134 96628
116 9 71441
188 28 24186
35 144 87353
232 38 50154
38 249 28193
66 5 30610
266 27 70263
62 52 74982
73 214 10539
45 107 596
70 186 7638
148 261 36899
84 147 77339
169 212 53694
33 121 34030
195 74 15222
185 115 58146
3 223 47064
106 67 94967
14 102 80250
72 74 30790
248 32 9528
254 94 12598
33 263 11300
206 199 48763
249 268 3998
19 268 9028
249 173 1558
186 156 18593
215 92 99637
7 89 36193
173 77 70815
182 207 99618
127 260 68108
86 20 44392
96 104 51361
263 31 77197
23 78 53058
252 248 67782
96 275 12769
194 148 53052
71 55 79874
279 14 59347
103 93 50103
201 73 80354
137 158 25402
229 137 94579
31 228 27982
262 4 14210
246 129 81393
38 13 28037
187 204 90586
44 69 52578
74 181 15127
233 18 91977
228 265 88962
225 48 7534
42 28 85839
17 113 7635
86 146 28745
253 194 27176
208 98 91928
69 102 93176
142 281 62902
179 173 5500
271 17 1263
263 135 72641
100 249 88989
22 131 87521
66 264 65079
54 12 81251
110 94 80367
198 103 89624
174 18 38947
100 282 15566
136 54 98473
157 57 95791
99 122 68924
210 87 90670
73 121 54800
239 227 992
125 235 40630
35 50 39269
66 188 26157
51 236 57946
187 195 11668
269 222 23756
282 159 87190
214 94 58040
235 87 70571
62 71 99126
159 140 35901
194 98 38659
100 57 39067
286 269 64057
6 102 18094
20 157 59187
106 70 74306
43 121 49979
7 279 14418
199 65 87727
132 130 35589
66 19 32476
226 273 34874
230 254 749
50 114 80779
75 207 49138
7 126 38923
264 234 75385
127 193 72926
253 122 98171
135 95 14472
277 178 74138
248 237 88979
102 255 29631
116 275 22786
21 207 89221
31 70 96091
193 123 68517
77 84 60250
273 232 48108
264 182 14746
10 197 98903
160 53 64297
283 109 42103
98 186 15199
45 273 64435
219 173 30215
104 93 31384
161 58 508
175 96 19494
239 69 39208
178 65 16545
18 114 22197
206 58 19876
197 138 42559
122 227 11879
122 22 33591
19 56 76618
197 49 54944
43 234 19740
89 238 82960
129 172 8976
192 136 64985
92 116 30
171 89 47459
56 71 70110
49 205 15684
242 132 60617
225 24 287
142 268 30034
196 149 97046
119 69 98116
24 211 64872
142 254 57207
161 36 30340
108 221 70773
39 9 16490
23 194 46860
238 192 10994
286 271 12719
24 2 7241
197 255 20827
28 174 16880
208 181 24424
192 222 82509
163 269 33846
110 80 89884
23 286 587
70 231 36018
225 75 82500
163 132 56820
207 13 10
133 203 26243
45 142 97966
148 168 66222
14 52 32771
127 193 38662
133 267 98719
79 96 85234
222 97 63256
272 63 42160
154 284 29271
141 76 99015
173 152 42489
134 253 68719
35 248 47994
62 73 16035
264 255 73768
113 42 45062
220 239 2044
179 16 39663
130 70 64637
184 121 532
201 93 396
187 111 63225
281 186 16838
100 137 15720
54 250 35986
248 247 91832
274 96 48881
46 11 81485
221 151 79561
145 106 38263
55 155 93659
224 48 49560
77 166 90099
127 146 91816
72 240 66870
121 128 57356
149 87 67857
115 248 67799
284 21 98520
112 58 46690
24 131 24768
261 240 37237
152 159 35497
84 35 23873
192 267 88734
217 73 86590
49 76 95288
165 50 50178
132 154 9307
35 151 40300
227 31 49560
147 94 22143
172 70 38882
184 82 34993
65 145 59146
91 156 33929
235 20 52913
117 164 22519
212 194 43128
117 76 98421
100 270 27892
249 59 66780
93 85 59625
99 263 24158
132 106 90209
44 254 79413
282 70 40829
77 87 63651
127 47 69254
155 162 78555
118 257 64238
131 144 15806
162 67 50206
269 81 35290
172 201 98442
54 2 26929
67 190 76631
46 180 32869
222 55 89711
184 255 34095
200 80 27505
229 215 72596
167 73 93524
120 282 56457
250 26 82458
39 144 26240
17 96 51156
218 240 55437
184 255 94170
234 274 42364
165 181 13835
125 165 44954
52 52 40943
8 60 31696
43 130 24482
81 255 38492
224 89 68973
230 102 85654
118 208 55413
283 281 72934
29 249 24304
140 153 3709
69 101 6072
158 14 83155
284 114 83576
242 198 53707
239 154 66680
204 53 9822
129 8 80237
31 207 83155
156 8 3784
28 155 96259
17 21 90266
20 16 9108
118 113 50121
187 168 59065
57 197 90227
265 29 51986
73 84 83055
83 225 2753
242 213 32080
127 234 55819
216 51 1890
258 121 82225
134 237 12640
124 247 9377
36 277 16319
18 176 69800
213 65 60058
122 191 13381
11 148 98946
51 143 93563
191 107 96597
262 68 31199
73 97 88771
150 88 26221
45 132 36108
243 153 82477
203 282 79309
109 30 55811
188 223 15084
251 174 7553
90 68 72665
220 46 74374
206 277 30234
248 163 27929
142 208 88955
158 232 62978
23 8 79567
76 7 8544
252 76 91898
186 170 72269
211 102 68324
2 137 65310
164 98 99132
61 246 67714
135 236 85908
4 225 15804
268 157 52885
166 232 26550
232 59 2270
206 173 10763
127 194 35778
220 55 12592
76 198 2487
251 144 44070
3 164 90936
208 246 69471
114 248 92515
182 212 274
247 111 55703
16 26 57146
94 34 91738
32 223 86169
4 230 12787
188 235 95997
38 269 81903
112 120 5517
50 275 74225
156 92 19516
75 264 107
85 228 44440
167 68 15681
202 242 74384
145 73 74525
125 68 50224
230 230 26640
131 16 39768
34 223 48611
114 263 20018
120 85 45230
134 218 33042
221 69 64252
251 76 91246
231 53 34166
62 123 59680
77 105 85258
20 82 9661
150 179 9176
29 88 17647
59 148 83094
220 208 59617
234 142 36331
53 129 32406
268 244 51478
20 199 59690
229 177 98181
210 285 53422
22 23 79067
58 117 33843
189 16 22950
276 141 97374
137 247 95320
147 209 687
263 109 15535
280 64 21428
231 165 47270
271 55 18735
200 149 32448
268 17 60451
268 84 6020
29 110 58847
130 52 7824
37 239 2741
189 238 97584
120 163 55529
178 58 21872
38 90 66840
227 149 74430
12 51 77791
47 108 32221
134 92 1488
143 40 8103
88 87 83186
173 284 42434
139 8 89373
191 240 8296
227 102 65373
55 128 71172
90 137 94151
133 132 69701
151 73 25781
215 69 61873
228 187 73381
108 264 99014
237 75 64440
132 210 7305
271 192 43964
169 218 97344
114 140 57171
94 95 82018
3 160 75819
58 225 41927
220 163 14336
272 45 24251
84 259 6025
34 280 81759
112 246 34315
93 166 6130
126 4 19943
190 92 29007
57 209 65845
52 73 77664
41 73 35914
204 141 4896
284 249 8100
68 79 1904
30 92 72097
92 1 71003
208 37 91257
252 226 85047
13 82 73610
210 208 54212
52 268 353
220 271 83616
223 214 46433
12 79 73006
90 231 55902
58 139 65552
191 99 54535
258 68 39829
282 189 55288
212 277 92483
176 254 85197
215 16 46984
38 127 12464
10 190 24889
7 177 78817
186 104 16845
163 189 69384
219 5 39738
87 122 76453
262 54 94729
181 281 26697
262 186 58052
23 276 11092
94 50 64264
159 89 73335
224 120 85691
222 220 23348
91 85 6117
204 133 29003
167 237 25998
200 190 31854
109 98 42702
234 211 69252
127 216 98658
113 62 90042
159 270 7230
264 159 86088
79 120 98942
35 266 2275
53 128 56062
155 37 21840
31 92 58585
252 142 28377
201 37 18080
173 157 62772
228 234 97426
127 197 91784
102 183 47541
78 204 88500
47 11 6921
228 190 22370
86 199 16842
20 139 3292
96 87 17271
147 49 20619
234 204 40307
223 246 79009
8 261 65110
191 43 5857
154 39 23243
70 279 97779
218 62 89372
231 162 8090
216 265 15994
147 214 13829
84 22 87455
280 187 69433
41 175 71136
196 103 14295
196 42 57586
249 145 44454
215 174 31465
140 7 20189
95 64 81060
163 11 83555
86 212 25177
54 102 90004
139 75 25407
167 280 31738
120 175 13406
48 94 19482
201 161 38383
278 196 10643
7 26 42427
72 265 59206
16 210 11562
218 247 65836
131 148 87715
20 199 61769
90 116 88772
181 180 14473
203 134 41869
103 22 82659
131 85 31654
25 53 94478
172 216 4483
227 236 7945
235 157 63573
17 147 75437
212 134 41762
37 192 58206
180 42 33507
185 286 79268
279 45 29457
124 118 62892
220 191 83864
87 21 37059
1 117 73456
126 39 95677
278 143 47272
69 65 3026
164 52 67520
77 117 68979
96 273 20633
176 272 46922
180 134 44141
161 100 57831
141 117 81656
60 208 55379
160 197 1538
151 148 7343
205 156 89931
13 135 98076
6 137 96612
45 75 69970
69 95 27250
212 18 16466
4 126 51652
277 81 31653
57 172 91858
30 123 43874
18 114 12699
122 166 76776
136 139 8260
241 57 69140
70 9 34118
24 206 71723
90 145 10801
48 104 55226
86 12 11988
117 247 99122
183 282 23833
216 24 52930
153 210 90219
218 166 68301
162 88 16394
202 27 15683
167 166 66343
231 116 834
85 175 32037
145 54 45762
269 105 72156
30 177 4210
279 277 28940
135 259 69414
244 200 30670
98 210 53348
19 92 77218
187 191 98117
109 81 4339
234 267 87187
224 269 12796
39 114 16845
115 39 29018
191 41 15841
243 260 58613
201 107 47466
90 136 96112
29 151 26510
226 156 12047
207 249 70811
159 161 62051
86 147 87132
135 167 4322
48 171 90145
92 96 53645
260 26 2714
189 103 1586
219 284 52062
242 12 54478
21 30 74048
194 211 26051
265 106 63335
265 277 50085
264 210 58212
192 23 19294
234 153 62209
33 82 84379
35 95 31533
125 45 36861
255 203 56028
5 273 51399
82 236 61264
221 139 6825
274 271 4648
251 250 60620
55 145 99382
240 115 10726
103 52 41707
15 62 44851
117 210 25163
272 276 42820
101 92 47871
114 140 91348
106 285 60051
21 177 17537
86 170 82707
64 210 49168
6 172 80886
62 76 68516
207 235 70018
40 2 5664
205 102 42235
74 275 88783
115 258 17251
250 199 79725
199 98 38161
148 271 41904
166 219 63433
251 187 72768
92 267 27580
205 163 60594
171 119 27685
79 101 62634
165 100 76455
109 101 82477
42 214 9381
100 6 83025
146 48 28089
193 189 92240
120 55 83911
58 189 85112
199 176 51492
1 214 40771
74 237 57199
273 112 30018
163 40 90355
134 55 66901
271 30 82650
155 100 8149
15 68 97818
219 51 4750
130 128 17664
112 38 78383
228 268 30100
20 254 16359
220 138 50150
80 236 65550
205 210 77248
9 4 20818
167 264 36482
265 181 62978
219 29 72757
273 131 77384
32 147 11955
71 177 55239
211 191 7256
72 161 98649
85 93 91682
52 63 51275
86 115 86658
215 262 90132
109 107 73194
255 8 96435
21 84 3274
145 192 99602
260 41 75301
74 174 2610
86 15 539
228 6 12891
171 58 11701
46 220 39702
242 92 15365
167 51 3693
37 70 94688
46 132 33799
111 92 33359
224 2 98032
109 111 5742
143 93 37918
169 11 55168
116 230 75014
55 92 51797
58 34 3524
28 245 4664
133 270 89587
41 74 73068
188 186 53875
260 144 20318
73 101 17068
247 28 71530
151 131 99093
235 46 56955
121 199 11952
100 197 55451
93 21 78140
194 269 87258
232 59 78776
103 221 29780
149 178 75292
73 31 8317
147 102 45120
213 168 15340
173 130 53438
199 251 97655
150 106 43163
64 188 96556
167 131 88690
126 261 61151
86 37 29044
165 132 22071
64 74 12620
178 93 60030
172 195 1697
115 283 4050
163 88 22927
123 159 82613
3 105 1567
228 238 28949
14 68 80323
232 202 56608
171 268 62388
279 269 11455
126 55 59894
273 45 58046
66 55 88467
117 264 60686
11 179 3222
123 268 19222
93 241 10947
149 276 46219
57 158 51343
286 91 96821
32 195 90333
116 96 7194
192 207 96057
69 186 65213
256 3 14047
79 113 61248
76 123 41767
41 67 96482
41 122 61061
180 100 52789
181 248 54405
34 65 59710
196 261 10382
108 152 4192
84 247 16808
119 93 44412
239 73 59838
49 17 66997
77 276 68957
185 215 11896
227 37 12188
196 169 69349
2 14 8193
64 114 90652
207 255 61726
283 77 9276
151 117 34050
219 172 61580
206 30 89344
19 273 7763
225 240 38856
216 235 52700
41 71 14609
44 61 36961
224 255 17609
12 7 56344
65 52 86533
67 88 45110
77 216 9931
176 165 85396
242 269 9347
31 261 5307
1 219 14584
14 87 16757
157 193 28866
168 134 71720
175 29 70026
142 87 95901
273 217 77610
178 253 34364
3 22 44716
213 161 54735
106 84 7022
83 27 71210
26 173 79516
201 116 19694
268 225 25881
241 32 79330
277 169 36277
140 210 24302
133 91 22633
272 29 11674
100 72 8253
254 177 5893
61 38 6919
276 150 43397
96 57 34009
75 25 73884
116 181 81060
175 249 24282
214 174 18375
258 222 13020
3 202 70225
98 215 31154
158 214 7652
252 87 78879
132 13 83060
127 100 34215
39 230 85357
254 13 40375
180 192 9157
258 128 21774
132 16 81792
228 9 83476
149 128 27314
251 165 3333
237 163 95799
55 243 89825
124 166 74836
102 192 59797
45 183 41127
169 272 99047
72 148 71060
262 275 43463
233 178 94637
74 175 26939
207 88 75174
97 258 90202
154 269 95099
259 33 9940
4 211 30522
121 179 42602
36 185 36920
39 71 22437
232 3 76613
79 275 91312
105 84 90968
257 191 75478
80 61 35800
186 161 11735
2 236 54917
248 11 68340
198 88 79232
237 137 21556
238 119 66101
256 27 38692
180 138 88669
62 163 81895
39 138 40374
132 221 34385
46 257 94621
144 172 68882
123 37 5158
63 68 80451
91 148 75599
189 122 73543
216 16 50879
67 55 32550
86 30 84471
9 10 87914
274 15 86426
110 180 51090
1 17 4910
29 235 17747
191 35 40056
255 99 25175
265 116 16737
197 5 78291
36 180 32314
196 260 48387
79 109 4054
40 142 65032
178 54 20871
50 150 16265
111 186 19441
51 278 4979
83 162 22213
171 226 80740
25 129 33917
43 218 5765
225 264 80682
226 112 26708
111 80 74647
217 27 8330
3 135 83
41 53 70960
45 85 194
154 63 78192
21 111 50950
268 114 1020
238 24 84044
236 58 88574
120 184 18106
7 254 69325
20 142 75306
208 61 33394
57 63 58217
82 35 5096
200 86 21777
222 243 40569
140 197 73627
170 137 55786
257 26 9346
235 169 7335
14 30 90631
231 267 50538
208 136 40256
227 16 78330
52 10 53379
205 161 92987
242 142 55065
6 58 99207
85 146 31915
125 22 68638
48 233 15673
247 99 1604
249 182 16277
41 3 3166
104 32 77962
252 238 35677
85 45 89623
49 278 1262
192 53 25957
194 103 2822
50 35 6078
228 215 77033
64 277 36583
205 137 59354
255 162 95675
200 84 15412
174 5 65632
242 65 83003
29 170 34673
12 111 1204
50 240 80856
19 282 1652
251 184 78473
116 60 41909
101 23 92706
32 283 11630
196 264 89080
25 69 38911
145 71 63967
206 218 62742
213 134 57396
217 140 23497
43 10 77290
13 53 79615
213 53 33269
58 239 33434
116 71 94758
244 276 31248
113 93 20655
208 8 16726
124 151 76684
181 257 26051
280 238 55050
189 71 84581
82 142 40746
119 240 53928
270 17 91521
42 128 45618
126 164 48415
74 27 52908
200 118 93997
148 188 38905
238 134 27345
236 274 30711
26 204 27987
40 107 75424
274 124 58450
261 255 41916
22 181 39013
214 222 95631
265 190 77643
125 13 61113
241 114 30674
277 5 82681
124 278 76079
47 275 1774
145 194 5546
2 193 86717
116 278 40712
177 20 99526
28 166 86818
285 169 59444
66 220 33366
46 156 60340
139 284 14795
223 228 42525
12 157 18308
159 134 50161
226 73 43601
232 115 56225
125 80 14302
90 156 94558
27 148 43741
57 217 40692
71 195 79542
67 269 15362
163 239 55389
145 17 37595
56 221 906
64 51 90883
274 182 12876
94 62 59330
207 100 21341
23 45 21028
70 16 90610
245 188 21147
78 151 17946
16 247 7977
159 52 35406
215 95 64728
165 197 51823
96 112 50983
247 247 49072
204 100 65061
76 276 74618
214 21 55881
269 61 36433
70 93 35171
53 271 27108
7 93 97448
270 156 37959
127 23 25133
280 46 82617
211 195 39826
232 147 69472
13 274 62688
130 144 6262
272 229 58788
249 163 36040
65 198 77818
53 141 20694
154 156 77869
260 1 66443
135 268 99900
111 285 6078
128 51 99410
19 127 2988
57 247 26758
188 182 1381
31 23 74519
180 74 19247
147 197 76062
131 128 76398
199 161 5669
256 130 54804
233 4 7999
218 240 56364
94 55 10849
185 172 67403
237 62 83603
92 221 84231
195 162 59166
222 43 37423
256 225 42738
10 172 60737
179 54 19233
271 245 1161
153 123 44091
136 238 99585
233 284 27213
239 241 24345
193 55 94492
110 93 85107
211 217 30606
82 233 21959
127 68 36372
113 284 45682
120 79 16617
67 281 33438
282 217 55781
244 32 9687
142 73 86285
195 274 50047
7 240 57974
92 175 88442
86 212 74143
15 33 60926
271 249 9229
124 207 78195
241 119 78326
217 272 40027
241 246 6064
56 259 97047
175 200 83118
159 272 69710
169 103 7238
274 131 81454
187 244 30629
42 272 84997
135 61 88880
56 199 36230
271 266 49911
245 209 69756
136 247 9045
173 197 98251
202 118 21757
222 153 82560
248 161 35624
97 93 25032
57 180 32103
194 15 67177
35 208 35364
196 175 26180
6 219 68508
118 12 98493
211 232 40799
194 250 94038
202 263 19707
216 96 25028
35 285 13766
270 268 2337
286 29 53227
231 129 6360
98 172 91871
100 37 79120
276 139 48210
26 1 8884
125 212 23702
101 104 42656
246 262 98304
143 57 1172
282 148 88318
4 93 21518
157 106 99090
235 122 34465
253 31 91249
200 284 22094
28 142 12111
20 251 53276
10 25 61691
