702 560 1
640 450 50633
187 140 2235
346 427 43793
645 699 5878
296 503 41388
171 422 44705
687 323 56139
671 169 29188
393 356 74667
60 449 75574
466 581 42170
385 190 11471
319 220 62111
608 116 5687
576 698 65199
125 285 71021
589 23 56312
441 602 42421
119 561 8640
62 302 62800
491 612 49030
684 499 17077
394 163 34706
100 482 11560
317 162 2732
527 586 26091
292 348 70205
225 362 73613
638 278 74379
217 449 68771
514 340 31973
605 370 94117
202 503 60955
186 288 37101
438 251 8084
234 395 27954
462 122 91527
127 562 84115
601 605 90421
210 109 57874
617 234 37640
485 214 29465
14 450 19835
538 305 75758
588 354 44240
370 457 81320
28 175 78049
453 17 81576
52 524 26583
384 609 1268
698 31 28536
566 281 97571
245 78 68090
633 441 87622
634 150 52627
555 274 95105
511 571 44789
489 644 61894
457 74 68181
515 272 58514
466 146 62818
108 701 32280
492 265 34084
68 630 81746
496 103 50084
551 444 98075
309 516 38726
498 451 42159
278 162 40103
413 250 72410
258 642 32209
423 149 9319
54 621 96937
155 260 58213
493 305 31851
11 221 99322
33 304 38628
379 341 73512
355 545 74342
94 506 49891
232 9 2770
352 398 66154
82 124 20228
319 688 21293
3 363 95869
118 498 45921
664 504 76697
242 58 48034
443 51 11305
488 637 91309
110 202 33807
352 113 85342
683 345 78318
232 54 74522
698 540 22571
12 558 62054
228 19 86840
316 187 13804
185 126 59377
346 604 34506
283 21 292
211 559 26846
700 556 84354
213 440 9767
51 362 36711
636 92 66626
498 112 45335
269 25 23636
367 189 62864
179 52 12652
46 27 45165
103 266 68833
233 648 96994
35 510 57178
202 101 6527
687 678 32831
553 231 18671
405 276 15932
146 334 90988
496 171 95433
360 690 95942
419 590 88951
31 326 54212
510 337 97185
250 535 67898
630 465 19887
358 35 18327
461 648 95549
428 528 52786
696 698 96846
667 377 28987
702 559 27417
645 326 4188
445 32 26980
274 296 45910
446 150 72397
445 617 62666
463 651 87398
617 288 94835
428 498 99046
422 675 45951
628 228 40004
39 390 49261
477 620 87532
263 331 54306
422 264 35279
601 488 43912
78 677 32313
674 78 73722
673 93 26834
628 641 73527
73 401 3305
216 663 21369
521 58 29100
315 42 69174
481 125 53092
235 382 96000
427 605 63921
341 144 27595
635 79 8920
469 503 56512
651 8 8771
53 618 36416
508 408 20965
86 625 93376
377 673 33158
383 215 17113
577 173 799
211 629 50105
592 461 36401
134 168 13503
232 373 98753
646 270 94169
345 684 66277
612 382 10866
274 65 2799
224 146 9018
526 258 65543
617 330 57814
9 616 50027
575 663 3079
381 121 84156
631 298 62337
167 404 61999
442 193 58229
188 58 82517
409 593 82277
133 533 35209
221 284 96633
602 598 54709
453 343 55994
326 394 82074
49 203 58170
659 19 97246
243 364 90614
495 539 44920
696 105 90055
22 325 26270
526 227 48466
221 541 97758
701 521 35945
61 125 38926
57 253 9733
668 212 92115
460 443 61394
451 458 91357
172 579 99360
20 29 80770
66 491 75618
86 528 81700
532 105 4244
699 118 32634
536 158 33088
362 502 18383
181 1 29187
158 493 14930
46 677 97920
702 460 88469
244 217 41385
165 478 93367
548 575 22885
29 334 71535
461 624 73600
244 227 7360
315 669 91974
168 275 96370
594 9 56777
7 375 78238
53 443 68923
528 321 73537
701 519 83717
82 385 36246
589 663 44747
659 503 26538
361 25 902
308 423 88026
254 607 28746
607 366 73867
211 468 9821
404 433 39136
492 365 48682
505 272 16205
98 14 74836
523 430 45309
103 167 77629
534 547 90498
676 260 17017
236 81 78895
304 330 31841
426 459 84336
317 156 90753
251 539 39563
532 131 72993
58 449 37905
396 73 93423
395 432 16776
196 246 45773
453 384 70806
528 402 27719
4 530 25036
99 506 99156
66 93 89020
473 458 53735
195 136 27427
298 317 13216
414 316 39563
682 171 54098
55 260 63954
114 563 86491
650 70 19998
345 135 20563
672 140 69914
589 612 27701
335 158 38234
147 99 41043
135 428 23025
29 182 49189
71 97 43045
549 646 4323
248 83 88494
652 424 39983
111 398 73574
24 186 13848
49 678 25645
15 551 67427
576 381 90232
51 671 21887
264 54 91259
531 296 33918
280 138 56411
384 674 98867
416 361 7274
216 491 75068
231 673 70436
561 405 3863
274 18 82192
672 311 18104
2 558 41764
601 172 4021
342 489 58021
303 679 51730
397 500 68989
587 129 5891
161 345 4212
592 70 53865
227 63 38121
245 96 17937
263 302 61305
97 23 45758
509 359 66811
372 663 27594
427 168 80001
256 432 22907
609 238 64674
698 307 73004
490 415 71716
628 146 74581
247 64 21162
123 128 23122
148 236 2146
486 65 17671
46 107 606
542 7 79300
464 262 16214
576 294 2608
299 312 98490
244 585 85985
661 431 49913
572 8 29644
458 535 43895
443 31 66133
356 589 62148
402 231 78238
222 360 28554
85 479 57662
124 547 99025
691 621 22317
190 607 85565
286 555 71085
115 507 54173
481 135 31273
681 227 70802
416 407 99390
243 174 78223
284 644 107
153 184 61995
521 36 24059
254 609 14249
353 623 75039
363 579 22350
619 13 7869
347 234 75672
596 40 11703
83 672 61370
486 199 63467
609 625 57451
409 275 48636
37 534 1656
222 37 91721
634 619 12908
525 156 84933
542 662 82647
649 566 26855
535 656 43599
631 202 89171
683 433 97447
213 227 4494
643 444 50473
495 647 962
199 673 56572
525 210 87617
661 497 52197
416 400 781
186 64 6671
504 446 67416
166 236 80525
388 664 96020
553 313 2803
35 462 53570
90 616 57057
205 532 12013
683 668 85959
651 406 40234
94 27 83331
513 585 32506
148 325 47889
510 272 10984
359 311 6851
688 694 92021
547 398 87289
232 354 56978
365 141 52603
322 308 69938
515 163 75752
633 62 72629
457 276 85162
508 497 87227
499 102 69131
659 663 25310
118 402 969
366 646 44461
525 306 41641
9 373 22
638 350 64075
557 560 65985
23 114 35400
306 479 91426
172 692 37918
691 524 24469
149 682 67688
292 17 16629
368 99 66740
316 644 67958
462 380 79493
151 23 70285
442 32 19738
337 478 64469
405 597 94971
476 175 62524
352 191 7781
17 251 98988
358 557 12586
680 392 54014
108 309 36817
184 190 32770
612 366 93817
349 34 28047
608 448 40195
273 203 44724
389 289 7366
581 28 74311
342 131 19911
95 345 55581
481 528 82809
252 505 21381
362 524 27793
625 433 83958
2 245 49996
209 345 52198
419 395 29929
403 98 62517
366 163 86844
660 148 69607
82 319 48577
229 645 74374
262 58 13128
292 13 39576
637 271 40231
176 627 50746
319 411 98070
170 201 66719
163 600 38346
637 392 34127
435 579 6557
413 201 28013
687 585 11885
173 677 24624
393 525 60821
552 663 46928
314 108 64148
648 572 79467
260 315 11541
662 695 7369
431 343 60955
502 369 19663
670 609 24722
125 112 14285
350 537 11605
309 66 31239
80 363 49679
682 443 19630
238 135 94011
648 95 2849
541 606 61882
117 345 86322
662 200 7933
419 311 78193
87 395 6758
293 479 59091
359 432 74601
318 555 95670
182 419 64490
526 371 74663
418 91 6101
258 568 91865
447 244 90231
545 32 81499
557 10 5876
618 331 81694
467 508 56008
302 374 33935
594 433 16573
266 310 54218
53 304 99253
611 287 32949
330 297 47643
82 558 59333
9 275 24091
636 232 83424
53 176 75340
466 304 95954
355 390 42860
579 177 76300
205 427 28392
384 19 80557
344 286 97598
23 6 50232
52 597 76050
208 504 35305
107 215 55081
252 206 50231
562 479 80951
626 486 96000
615 381 55660
390 395 54548
255 42 4316
70 690 16525
248 627 13739
523 677 46724
193 195 38891
296 588 32804
350 374 11605
84 64 69738
414 151 86506
116 24 56190
702 428 46469
147 550 12695
153 259 64130
653 3 26796
231 23 7556
236 387 64249
166 547 45444
120 131 97150
145 58 70126
32 588 43152
325 149 51459
294 427 28033
661 694 51790
374 166 58882
452 157 69391
11 422 73325
555 339 50519
473 268 92675
235 112 50655
685 184 14232
316 194 40617
331 67 59306
334 368 5810
193 690 4889
285 315 45626
75 9 2217
330 71 47526
516 2 57841
689 697 45848
3 434 32033
409 523 37559
107 430 80919
613 227 87424
415 460 40773
328 239 14000
