703 1620 1
436 515 27377
549 625 74977
71 407 49094
270 294 23811
525 378 49351
571 565 82850
51 170 47074
257 354 8055
172 440 92980
65 423 99016
690 242 64815
285 149 31934
444 179 84030
658 251 38958
322 97 34667
73 155 58964
286 537 95665
486 141 69397
140 451 48982
74 385 74998
698 314 2748
277 681 33868
241 346 13825
132 549 56356
525 491 70343
229 34 56535
111 570 31363
39 41 45174
119 249 20167
701 636 90663
95 390 15247
512 122 34993
544 460 78466
529 107 38845
133 33 68998
517 106 7470
510 380 37993
220 231 93484
28 103 42390
179 617 91422
322 345 11077
197 657 45476
122 578 45166
115 355 34330
582 128 43586
68 30 87698
550 130 64076
387 32 37688
464 115 69064
23 476 90333
604 162 36107
514 546 19499
479 506 81347
183 6 26132
460 144 90920
455 527 77330
147 154 9540
193 346 64077
489 679 86816
4 572 49700
176 435 58812
675 515 94609
484 36 29072
491 133 62976
671 655 47462
291 18 44063
472 198 23495
168 651 46482
567 163 53636
97 75 79400
528 434 90776
458 162 49258
392 220 42853
400 195 69247
141 580 57564
690 475 41398
608 452 34152
333 479 20078
89 656 71571
420 626 20171
613 574 59025
385 137 99878
179 537 27511
652 379 39848
555 452 90509
58 155 54993
338 275 84798
386 541 78629
418 578 2216
176 479 96678
559 590 3008
80 572 9186
618 433 49605
220 181 62102
644 608 32977
237 703 65873
281 365 62889
67 353 46356
592 203 91751
635 554 27056
660 537 62652
671 29 1470
394 201 59980
405 105 64163
183 309 3484
685 47 62983
440 195 31742
541 76 25747
248 521 29153
676 333 12013
234 322 62087
145 153 83674
7 223 95938
224 505 1062
324 297 96850
245 407 36262
50 58 70621
123 54 83244
414 148 51418
31 405 55334
134 571 94839
344 301 95051
702 59 692
690 636 85127
647 311 12437
631 391 86853
340 353 7227
366 11 12324
141 203 25101
121 525 43347
405 552 47038
41 239 11831
443 355 39970
456 577 30633
207 578 6620
4 323 71211
551 235 20554
671 553 75138
446 522 52434
148 420 78089
135 33 21911
651 533 36392
546 129 27919
402 127 76682
290 529 49036
632 455 7404
384 248 96516
597 26 71246
293 408 41940
559 280 82677
592 78 28975
526 117 49361
657 132 76556
350 19 65188
434 501 91917
32 9 9180
438 596 59469
472 94 95587
363 42 29770
347 674 30849
185 570 44204
11 176 32289
78 486 3023
341 191 11668
343 662 44137
692 632 12364
141 152 89506
214 207 36756
420 59 55160
310 18 67856
307 223 22370
453 182 27815
599 549 31414
150 159 58671
660 389 44440
414 560 54860
114 427 26245
106 475 47390
651 489 88219
265 92 49324
141 225 50852
111 350 96791
92 174 33452
260 217 11491
257 190 60002
573 119 9201
454 18 84125
185 168 1084
5 245 31164
431 462 22373
255 471 14335
450 153 80521
556 465 68712
375 53 79377
55 296 22937
116 39 23430
49 595 88297
249 667 98320
255 342 62514
612 487 79099
193 137 7036
52 224 88323
681 227 41072
541 118 36584
296 587 22151
395 392 15066
553 15 8112
597 335 18177
511 376 48475
444 122 20012
386 9 16743
1 518 34992
594 387 58966
658 287 3349
497 553 11166
407 504 72464
429 581 66538
344 206 87249
452 699 29970
40 235 65531
502 102 46252
479 665 9858
685 358 45748
396 406 46572
336 253 3310
396 238 60769
404 499 98587
618 119 73060
362 193 30150
691 563 97562
339 246 99631
17 515 78867
198 287 21517
287 178 49268
26 594 15602
2 273 87698
173 557 82626
520 159 14330
304 260 27761
187 661 46050
703 546 13616
513 351 87091
682 670 68568
19 260 50418
558 521 81931
59 315 62331
244 495 93486
701 168 86209
370 15 74175
687 305 74242
586 564 1849
565 135 82123
276 409 9869
589 77 58182
396 65 20182
469 314 77705
93 190 17565
282 300 75087
637 325 81700
25 364 11962
255 589 19201
241 153 76531
668 502 13618
269 318 67701
405 472 58357
362 241 64302
665 214 39836
454 649 49064
609 388 44411
38 270 6392
408 535 57844
243 338 25294
211 545 60498
234 91 347
424 540 63589
575 325 69808
413 544 70783
467 530 41646
656 53 4452
15 640 13392
232 367 52064
114 130 90200
566 419 54227
503 460 3649
131 525 69025
394 140 42218
372 697 61259
61 27 23168
310 480 91182
411 502 36574
494 144 5712
593 73 12414
649 99 83507
386 547 77867
683 347 74316
534 625 88126
77 7 43567
499 172 84220
689 321 47167
668 677 3788
33 584 25898
538 163 44563
13 343 59052
448 636 91062
243 258 72792
339 95 940
621 518 75329
684 664 10768
135 368 14589
334 517 78264
67 413 18290
631 601 55706
15 259 21856
491 465 10169
456 146 17131
342 231 48086
140 552 79846
163 402 80676
688 295 27022
67 661 70991
610 238 83141
516 141 283
354 650 64073
397 262 72349
316 70 51890
393 180 33518
355 103 58186
7 478 75421
144 25 10643
125 150 31505
468 624 13064
462 415 62996
600 118 12811
273 683 46685
246 276 88224
519 443 39393
688 226 66496
285 395 46428
560 289 30521
617 693 5446
320 229 87282
192 397 63181
69 187 98207
384 580 91463
314 424 4563
243 359 75982
699 136 68402
186 149 84671
329 552 2606
646 242 45210
165 148 49403
402 202 612
388 379 15649
568 236 45898
451 544 40649
396 4 4015
538 605 62982
209 138 61613
263 423 35650
187 112 25456
231 316 4416
153 343 53693
84 406 34648
662 3 20774
476 73 66037
258 373 94150
2 610 71172
682 492 81088
3 409 873
662 211 70651
115 365 83069
690 246 3271
149 42 10984
178 303 91734
469 514 3843
291 260 88180
231 298 77794
506 508 36791
348 109 1230
611 207 78170
44 482 34945
103 479 5547
159 660 91453
648 90 22836
99 31 18874
473 480 78719
646 210 25644
20 113 24878
674 298 41504
480 508 11133
318 282 85502
491 387 4450
648 178 7180
251 264 30528
166 558 84509
218 461 39595
419 2 47364
202 615 62456
235 406 30229
41 671 57071
516 87 9193
243 697 24693
211 351 19086
139 319 3142
365 391 39412
247 191 76434
323 150 5523
133 342 47919
102 425 64650
470 635 73999
605 129 92387
669 150 88667
19 585 54027
593 638 74868
387 146 96984
580 164 71097
246 455 16749
359 459 53916
96 544 79169
554 124 47437
537 701 81075
286 68 36880
256 18 29847
464 178 17479
453 233 75354
459 372 97747
29 138 92859
421 455 75850
520 610 44431
181 596 9320
42 165 88698
476 118 54318
597 155 48814
46 169 99314
682 476 36401
663 511 7628
187 278 92810
480 658 58215
693 695 4091
486 447 81739
47 293 98460
58 569 20310
647 113 36475
293 389 66342
377 658 38472
322 597 58127
139 506 93900
663 549 97205
143 141 21768
326 252 47983
50 387 92578
351 455 96904
330 585 99388
38 227 21891
255 327 28081
264 347 88515
91 113 11617
701 630 99812
297 120 98943
373 235 31344
634 445 23260
413 418 46787
595 264 96890
83 642 42299
623 644 10797
595 354 17035
330 69 80613
543 582 79250
250 534 80044
212 589 6188
598 400 33381
573 43 65968
259 139 71978
215 118 4564
610 362 41861
588 236 97243
362 664 75576
94 154 15900
239 478 43219
568 458 99908
152 193 66150
52 218 7123
694 651 94837
567 210 21406
496 275 8780
398 255 37164
658 71 45660
377 17 52891
239 24 94752
510 191 32127
18 697 10791
235 368 48542
253 687 79349
484 7 20159
70 347 91452
667 182 62786
89 536 47182
197 310 74799
461 420 38152
183 132 39695
187 62 79467
209 150 57497
692 519 26218
451 43 15617
492 211 55259
594 243 23245
395 10 59850
423 420 81486
10 255 36675
434 575 35143
593 366 84416
20 318 62631
171 301 47336
494 603 34617
279 33 18926
588 55 31491
406 71 894
622 518 82119
540 204 93594
568 342 70771
620 639 43883
654 176 19539
426 126 10061
445 235 49499
270 36 56256
350 339 84839
407 222 61251
440 12 96682
295 692 81336
186 6 4420
97 208 31650
581 467 65687
482 395 56359
88 413 88357
573 601 44164
35 394 63587
433 140 92254
350 405 37363
366 68 20895
620 398 86540
104 31 69150
2 577 51912
307 272 96403
423 643 39048
518 151 59531
426 205 46347
404 700 28514
392 683 72146
382 64 12853
389 90 1369
232 110 56926
178 191 73849
383 268 85219
605 489 46280
296 423 75744
228 98 36611
661 32 34069
653 107 3425
263 19 37831
9 333 26796
60 436 71394
25 250 99130
440 325 83990
293 340 54816
646 87 55710
429 652 54963
200 534 35583
339 156 70191
66 138 45255
26 482 96784
173 461 56914
252 327 69677
262 556 60511
477 476 58822
22 32 96218
132 258 72000
368 556 59626
592 305 67540
419 297 7572
441 661 87553
76 590 16393
235 544 75246
625 121 10550
276 539 67102
200 655 15022
422 147 52206
618 199 71084
305 261 63610
572 294 21679
4 525 99762
48 308 89650
73 361 43064
60 543 74312
348 592 58229
385 674 74573
14 569 51095
261 315 45758
304 161 33883
272 201 24492
332 329 64481
174 417 7219
641 382 96302
110 664 51866
226 347 16789
440 150 61839
53 168 93614
20 174 62971
582 309 56904
63 56 69984
342 634 86799
175 609 25963
637 151 36390
244 231 78299
478 454 59736
451 340 15394
262 531 19046
192 517 26393
33 592 2678
668 506 16915
166 401 48442
431 367 46131
404 10 57061
208 10 55021
44 116 99993
553 403 24537
547 319 11829
300 342 47830
502 242 68639
230 627 49103
672 486 43290
306 272 31992
271 54 65754
335 353 20533
225 591 93193
328 468 66844
370 365 13197
484 104 50379
349 652 3431
475 402 89505
163 157 44029
449 365 12317
440 176 50308
592 378 87282
249 471 61959
439 303 84441
114 464 58534
170 229 60565
192 354 78067
197 531 4047
362 625 77283
15 9 50906
633 603 56440
610 23 89570
58 443 94398
399 694 52527
246 552 85550
196 337 14775
322 485 97796
671 52 91788
703 161 22089
49 668 38562
534 117 97338
65 305 60104
407 700 78081
34 472 26055
190 18 18912
177 442 6114
677 137 65450
647 75 8452
276 147 75049
191 207 26563
51 147 4217
44 380 89768
672 123 58816
415 502 84281
455 698 95678
162 620 77110
656 676 55280
385 223 52082
586 72 77234
669 215 47955
241 192 45743
12 27 91853
300 282 48725
507 591 80272
348 396 34132
688 298 32395
138 184 27263
311 238 61528
694 35 66437
233 117 11624
456 532 39502
197 610 71500
473 307 15835
383 240 32063
165 513 55401
522 556 19562
464 354 90551
409 232 22816
607 688 88081
441 431 63582
245 260 82950
17 231 28289
698 552 92543
699 101 72674
244 380 40923
41 219 16414
230 157 61134
687 112 49104
430 166 35177
421 683 73848
658 338 49051
485 42 65117
313 460 64552
201 237 96491
108 293 26656
522 684 70294
511 311 20908
453 295 12732
271 111 25586
14 358 70190
74 678 42294
110 393 20607
578 152 99490
428 349 25008
140 83 25667
149 390 49457
109 73 90216
702 231 86859
393 285 27285
238 591 60332
670 385 20992
158 324 67494
167 649 43203
98 588 4788
386 483 37238
422 1 73670
445 84 75033
320 560 40650
564 153 6359
187 574 1535
348 505 54591
391 373 51684
219 470 86546
624 438 8560
162 621 40340
12 668 24081
368 216 26034
556 19 53371
93 438 88291
237 673 46498
115 579 13457
393 309 27139
655 186 51014
540 98 41299
10 701 32616
411 435 97809
56 334 18923
413 587 34409
460 584 45573
127 153 21633
358 455 82500
702 453 70104
521 12 46343
265 60 34350
594 41 81111
32 228 5121
67 355 43663
601 334 3349
556 374 47944
468 398 11040
176 654 85615
278 306 15760
402 221 20203
695 240 70377
456 338 10198
354 433 1912
126 566 30062
215 191 93868
209 297 86202
211 370 84317
458 618 31033
87 348 72466
192 666 94723
625 284 29006
510 510 36338
212 697 5744
63 336 31233
526 625 74384
306 300 17271
113 497 37746
147 331 19145
8 634 75137
308 380 13603
470 100 33156
550 685 36273
227 10 17279
26 452 90363
585 331 66677
495 549 30496
138 55 57090
480 131 54493
451 148 62482
236 571 86597
442 342 16556
564 270 69302
577 209 27381
321 666 66299
80 236 98828
62 362 74690
267 165 90456
98 97 83516
337 200 55580
600 134 70567
688 347 17613
130 196 38136
152 459 27170
29 580 75651
15 140 52492
494 63 13015
384 640 94984
348 133 71435
609 590 38474
347 509 35667
657 659 87534
267 192 2026
323 338 65180
178 261 45686
134 265 50612
314 58 56637
529 659 17748
119 577 89377
78 209 96919
324 501 61990
514 692 63508
132 381 43079
317 250 41671
182 545 31284
170 184 5694
524 526 75974
598 260 50378
399 599 73033
302 325 23464
449 447 95789
475 64 68169
484 364 3556
577 638 21305
446 473 66293
224 376 79120
264 318 9103
420 19 41692
89 11 77414
630 164 32444
84 702 81602
424 229 63774
477 636 89222
389 417 34254
105 126 19606
350 537 33029
328 572 83374
121 59 36858
176 296 97056
669 160 45709
164 333 69376
473 280 70962
453 430 71917
602 564 48425
648 12 7176
66 488 67507
559 110 76907
326 442 61209
312 212 91159
403 539 86484
527 673 70832
57 682 88425
225 647 14164
248 662 44303
679 642 11698
239 653 67296
473 351 30999
150 149 99496
644 565 80536
72 652 92866
337 21 92188
346 668 27266
221 252 90016
239 480 10150
10 54 97827
159 658 61276
251 634 37277
607 519 50204
110 481 66966
317 457 26747
150 191 49454
567 337 51649
345 49 12658
60 146 17451
506 414 59767
75 510 31925
102 329 52267
486 609 5809
437 660 3871
244 411 20592
92 491 82313
268 76 96364
641 337 77594
699 152 59089
689 569 39337
521 397 77413
338 519 5999
224 251 37195
447 223 95348
288 27 90103
482 217 20494
292 593 14269
676 531 60628
143 663 57070
49 639 19221
234 116 28258
685 508 13452
543 387 2429
49 394 73397
593 444 91613
549 159 80806
42 493 82901
331 581 3588
686 574 75345
439 134 14897
445 605 61030
309 556 42754
657 10 39534
686 43 46442
567 639 99350
39 138 54633
514 129 19911
525 504 43093
127 513 51439
83 304 84352
153 617 80925
611 591 99217
262 148 37600
423 475 48002
245 445 36591
625 365 92802
489 332 56052
201 297 12149
334 643 43458
646 248 80479
97 195 39591
104 146 45551
47 696 65035
557 317 5204
62 321 43536
18 276 35207
490 327 18946
610 164 62477
606 409 22923
399 261 79978
127 254 92056
634 139 93458
302 208 18415
176 385 53690
579 544 63476
232 365 88953
271 568 62927
664 203 86560
333 61 31909
11 541 35595
401 251 88808
629 188 76972
158 576 63944
369 147 20409
545 543 47716
507 325 59347
40 699 2727
92 454 24497
419 317 40320
336 127 5839
416 89 29006
669 169 28834
167 499 99364
658 275 98110
222 534 60288
468 48 52943
546 134 52648
529 243 19369
144 427 72652
328 531 9436
623 138 93124
98 391 35604
313 527 69226
589 232 60457
95 23 37177
264 543 24499
371 439 94010
374 423 58316
626 238 4361
218 597 48947
98 369 30672
88 398 66917
699 72 89438
15 167 19083
603 239 77092
198 581 50466
317 520 74826
246 300 76552
513 442 13638
31 30 52295
330 199 54785
387 377 99548
68 578 17199
694 483 39343
674 436 78429
368 513 39954
109 52 99513
352 222 12018
661 257 17297
630 62 52700
221 10 24017
330 148 14596
524 546 91410
96 701 57126
93 93 62775
616 641 25827
567 260 21326
218 454 47216
470 272 93040
208 699 47666
146 548 10609
221 59 31159
169 386 62988
120 360 92765
512 35 72209
320 3 45743
458 681 84752
65 67 51643
212 585 82673
408 689 25071
49 281 23061
352 696 8558
389 591 63094
554 123 84903
71 180 90888
344 182 40764
621 659 77666
237 685 15502
562 44 78327
591 300 22945
618 306 92246
619 305 1088
24 29 96466
415 363 52918
626 44 61787
274 68 18147
136 171 6163
458 2 85905
276 373 86948
199 384 445
581 544 44629
256 171 83694
364 575 2801
233 72 4141
267 209 88219
689 499 50910
213 121 32774
235 489 81914
477 277 38003
578 399 87523
532 160 69072
436 176 40221
268 94 98421
317 305 2217
15 28 36091
189 652 20098
382 70 87643
430 217 50603
496 16 40511
584 562 16690
69 332 42725
372 287 22736
264 318 92782
409 567 42322
408 216 63293
46 248 79561
584 158 82808
25 392 74847
57 506 20946
671 380 72567
662 540 77019
668 360 33761
696 228 43585
18 670 4391
149 428 25001
155 605 47050
373 490 13412
691 118 6962
566 6 65787
143 423 41512
553 607 34265
307 400 12960
622 659 34712
248 128 2981
377 63 18703
51 66 1908
209 663 63039
416 628 64972
237 87 23775
496 496 82765
178 91 97101
103 339 84403
30 19 11251
232 597 67260
353 324 26362
207 49 14104
667 548 41058
83 115 65142
674 40 37128
353 142 7524
510 59 15627
417 136 30982
176 565 54884
347 430 20824
502 674 28468
402 343 35204
554 341 208
597 607 68917
584 37 145
317 447 73690
29 155 89147
168 509 57940
240 652 26694
674 335 38236
391 530 98744
390 485 73353
414 469 3888
27 686 44031
403 48 12701
437 698 88235
85 116 33370
223 490 97349
462 562 25935
652 559 60154
636 673 78652
512 239 64945
46 165 35931
665 592 50347
651 132 97970
141 615 26465
403 559 1818
537 482 56613
171 39 17165
345 136 41787
213 643 64685
664 609 30680
34 211 94955
102 703 27574
529 215 84452
460 688 14203
581 387 5591
550 205 50032
386 215 77913
199 580 32940
56 269 89342
619 547 13852
609 238 61274
159 515 8339
538 114 51098
334 562 31493
460 360 7046
8 379 70368
481 383 15815
405 607 45056
3 37 31479
372 592 60155
462 141 29867
84 15 23000
377 55 35589
607 348 24168
499 81 59029
64 131 12719
627 658 92792
674 132 82691
224 534 85878
378 96 69655
241 681 45537
239 267 20723
346 174 44648
51 532 92708
99 321 62353
631 389 85566
20 51 38738
577 589 99824
376 665 97191
170 38 50702
516 331 21470
317 180 32001
491 527 7896
510 477 70198
192 159 69820
261 265 67685
614 637 65444
140 330 66664
452 526 45907
396 276 32372
330 106 27809
498 383 67916
574 40 21251
122 523 8538
399 289 48167
9 471 49604
624 481 79549
626 185 6191
111 176 91688
393 203 60734
215 671 85948
372 618 15944
149 61 3958
56 412 75340
573 449 23993
282 233 28611
63 347 66854
374 337 55666
693 398 37870
275 597 33155
597 211 45299
346 211 86847
644 147 1429
490 306 42603
6 197 14949
57 638 80321
130 120 94733
285 246 6320
169 212 63918
666 221 66533
554 662 72359
189 174 27057
198 188 97695
399 215 7343
189 224 81559
246 380 8752
576 81 68017
666 256 79610
678 200 20993
282 146 89046
158 112 48786
519 218 17842
338 89 71533
503 345 35186
352 43 82918
554 283 17432
292 222 34943
139 183 60575
532 400 19954
698 84 31448
122 50 20434
310 552 4999
700 68 12352
410 667 65780
314 304 22435
112 566 57824
339 264 6787
25 225 98842
278 559 73157
469 215 51799
449 534 86659
197 470 57303
586 248 73072
526 29 35887
157 402 62046
152 502 3176
241 141 39391
72 127 74957
581 439 6452
593 590 7832
692 686 60869
533 620 96033
288 87 71273
376 380 41028
231 467 43907
57 468 10153
59 625 30174
553 606 53195
217 585 76708
460 535 22805
426 300 70715
80 398 16202
555 107 98125
211 415 42192
96 562 25784
635 528 20304
646 125 31260
502 268 31307
302 82 41274
238 251 89676
529 661 34887
697 231 8816
465 83 54134
593 696 57142
360 566 754
107 636 75888
82 10 6136
68 187 22418
201 165 84701
471 700 4697
510 683 49498
552 68 96297
382 317 54256
419 302 6115
92 509 95692
527 660 56763
442 407 71571
187 337 19249
499 556 39310
690 571 91910
1 36 86484
580 391 717
415 611 78261
296 133 65904
174 289 94079
412 447 12285
294 401 27866
299 515 49851
433 214 17548
215 375 68957
290 181 47276
592 12 90273
348 549 47407
595 416 15557
545 419 77120
329 41 71316
119 664 99841
38 167 29751
655 397 52273
479 699 7250
414 51 60771
131 145 34939
489 337 83601
364 605 38113
569 354 11896
337 558 15941
315 269 97208
40 233 34947
80 109 40636
527 281 62933
242 90 66484
522 193 58203
260 352 10452
438 430 38275
359 586 21915
638 556 23550
226 270 36238
308 601 98132
304 87 64125
240 609 40947
173 94 39915
675 571 80238
361 604 91282
580 261 41599
605 452 81950
104 632 84589
356 81 10448
420 667 78216
392 216 93113
529 152 89980
296 555 21399
689 656 29454
405 207 26429
530 530 14677
453 481 80773
367 53 16017
140 648 84271
324 96 61066
99 378 44124
405 188 54742
71 640 24651
612 569 73362
509 303 64543
431 65 13624
269 207 36785
342 379 95845
142 664 54155
231 658 46366
465 398 85301
466 351 64084
251 26 39083
353 211 55940
75 70 97954
415 420 40983
507 395 53110
125 107 53108
390 130 28244
564 703 99915
424 538 15364
289 212 77521
435 426 19422
100 516 22735
153 323 15399
305 490 13544
133 577 16113
239 419 26238
82 280 57335
209 86 40599
323 354 39562
126 325 19808
224 515 3844
48 198 45826
524 702 60337
139 488 45746
181 267 52252
430 319 62247
273 209 50544
136 265 40622
643 227 80751
152 554 25063
659 624 22719
143 227 90300
237 133 62886
655 187 26973
167 594 55402
643 485 57295
515 607 80988
516 682 73238
505 169 66361
554 129 61631
390 444 62217
174 307 1951
491 597 85051
639 505 62598
383 565 53380
671 109 61511
316 220 46809
205 702 85609
193 214 30324
387 218 70219
620 270 35240
210 259 43514
176 165 97528
465 50 93855
657 508 72421
159 69 23853
308 604 1920
147 627 5959
16 62 79758
1 668 37935
553 351 49518
59 694 33313
283 429 78485
694 289 99873
102 375 30180
351 133 52885
662 180 85387
75 165 28175
676 321 10723
304 690 58489
151 324 94647
69 146 30581
201 136 67103
169 156 66360
598 584 56625
467 359 97977
588 695 20965
531 625 85585
130 311 44590
631 96 40217
255 593 51815
622 149 24994
623 20 67586
679 690 69103
680 457 35078
530 235 74258
472 521 97688
389 237 81610
687 373 31759
18 38 42436
133 393 94281
133 295 64926
35 688 20496
192 463 34307
171 159 49731
211 653 71435
133 347 70165
258 617 81157
36 326 38891
105 227 44308
534 250 42197
465 142 76660
498 419 34087
249 26 93610
557 577 19260
371 495 19456
152 612 22288
181 260 14191
410 678 18604
32 360 53750
94 514 40628
481 562 16700
608 201 3191
674 72 5067
10 12 56549
358 416 7367
648 77 87594
544 434 86295
290 268 87626
116 414 36782
240 262 13105
364 108 11501
638 354 50314
109 320 25546
95 42 27862
4 28 1982
269 553 61264
588 133 16065
656 531 49451
548 303 94390
315 639 50705
251 62 39027
130 129 15476
417 344 91078
8 304 51168
446 82 69560
216 676 47098
376 93 83447
488 442 28021
660 604 87399
493 629 81703
562 377 51814
558 636 93009
171 409 66362
331 154 97316
415 660 46189
96 667 63121
692 140 30215
291 45 88726
570 659 21777
539 535 88980
200 691 28275
109 278 81411
30 435 68924
457 23 7623
581 349 46394
321 338 82253
43 14 87755
647 133 41375
417 625 81417
20 149 57829
59 134 22759
164 225 32787
685 27 20130
618 695 13054
289 458 243
521 396 59282
606 99 83628
695 110 28410
602 492 17056
168 332 14065
383 607 68630
6 499 23512
665 516 70013
158 140 2724
69 222 96601
574 8 47193
236 277 22758
336 154 75791
72 160 95956
165 675 83199
349 470 15764
262 406 16068
116 104 2876
559 115 99114
373 194 6108
233 585 56663
648 675 91836
274 278 15831
293 395 35567
446 217 80730
160 113 57003
443 116 78908
237 297 11154
119 397 45566
388 623 13413
163 493 92289
331 221 21686
489 462 34275
543 645 61553
325 81 26886
660 588 69342
95 433 2266
445 158 74846
590 484 98657
51 245 25896
111 62 95719
500 398 44536
675 76 16644
418 363 62472
423 153 20778
246 78 42205
582 703 92093
145 548 48781
459 683 36008
532 258 56291
361 580 69949
237 682 83665
485 319 68265
702 344 99426
461 360 5686
555 306 61318
616 638 58084
89 631 15602
488 358 37308
471 212 51776
170 320 61615
75 610 65546
369 657 51109
149 693 85112
653 12 84699
301 81 97483
51 398 49346
108 105 85621
56 116 37712
106 400 16590
