400 1550 1
216 340 92806
68 200 69187
260 215 58204
124 219 24679
182 198 34998
76 304 10693
300 355 33303
253 299 43320
60 228 82296
297 220 8440
357 239 49222
43 400 55333
390 114 77423
319 66 97788
89 279 21466
39 354 6046
60 240 74603
130 304 36634
44 167 77227
247 90 86335
377 173 37622
90 6 39149
31 350 42997
333 76 62434
369 264 65468
216 360 4480
254 278 28131
317 286 72621
90 263 62450
4 6 84068
25 173 70055
64 67 76864
163 19 60379
101 67 57226
258 51 73751
31 125 45553
317 73 33837
137 170 36602
303 297 35743
227 373 95485
137 300 60011
378 48 80023
271 23 79715
335 307 70872
155 108 887
203 183 35019
153 49 90230
341 360 17577
122 106 96979
133 275 87299
191 264 61589
13 93 29399
257 390 97902
50 304 59803
123 150 56434
21 317 44521
338 156 3910
57 5 67042
265 256 91794
238 39 28309
295 52 20320
108 275 8704
26 169 63217
333 157 90516
42 12 36746
248 326 94141
96 250 78402
386 348 43748
374 120 56937
293 146 78249
323 287 71712
374 118 93070
76 270 91456
42 310 49129
344 254 23012
392 134 22781
161 86 23283
230 251 48353
42 381 63248
296 132 78057
135 323 11925
286 345 4367
19 319 9040
349 317 33334
216 251 64142
307 304 52640
43 149 10551
330 308 72748
154 182 57089
76 263 72548
186 314 66055
242 190 92071
283 383 11702
164 351 69546
286 165 13301
297 286 97583
41 112 58138
131 358 35731
175 215 66191
153 202 53685
151 102 99816
71 20 19247
228 346 5341
249 320 21124
223 284 5851
197 137 18425
330 59 29789
88 100 36846
288 342 91381
149 214 24090
389 285 71496
174 137 53118
61 219 90664
29 232 61957
109 176 41017
290 289 61636
372 158 40954
101 184 15427
382 152 61337
234 380 89514
340 68 43264
246 115 74951
389 247 77873
174 70 28874
351 104 73627
186 59 91309
367 365 22782
14 159 35828
293 267 11794
196 169 89256
63 193 92633
376 365 1163
59 45 6491
322 22 28983
59 334 70320
400 326 26717
73 328 90354
130 32 50218
114 352 52484
166 275 35092
123 315 77249
309 77 56579
48 258 50949
314 26 84091
267 373 7431
38 121 62513
152 302 19211
221 155 65712
265 336 14358
164 207 73818
279 395 78115
142 329 33298
346 168 35780
310 70 2885
84 203 851
131 36 75162
343 154 4411
210 162 2375
192 135 26167
189 41 16845
259 260 56644
223 40 22227
232 74 60190
314 64 40536
205 383 73392
303 301 3847
198 63 33003
125 100 89273
333 248 68081
158 365 91421
28 26 59458
112 86 63275
388 171 98602
316 352 48906
20 304 79844
15 298 92069
31 170 73085
191 99 33602
258 248 79551
164 303 99415
268 101 88283
351 367 43559
384 130 76263
339 393 45406
389 15 22449
206 98 90286
185 19 94807
69 370 15613
165 338 97743
278 208 22298
220 123 82726
326 75 95142
192 258 82612
218 34 99944
150 140 38802
245 102 47781
129 104 81426
382 351 32366
140 393 21170
94 222 37026
75 107 29861
187 250 61246
60 137 66148
122 208 22401
271 198 3336
342 297 69624
181 204 85284
274 112 63515
103 182 89490
65 181 61876
43 302 6071
10 36 97492
54 248 84774
38 364 38198
382 252 31145
148 259 30227
50 313 98802
206 253 73588
5 39 76105
63 171 51072
18 142 40054
84 171 7084
109 250 51714
341 378 16965
318 230 91485
58 30 98175
25 81 79274
177 299 56684
112 386 73484
40 18 32651
145 7 19033
234 23 40173
265 232 73788
213 158 10676
35 236 62505
277 49 59286
176 124 35745
113 235 41777
234 323 51290
133 253 28481
40 215 23944
32 283 60848
25 117 97223
368 28 69484
86 257 85825
336 167 89347
61 156 91136
177 257 47652
291 399 35556
92 130 60498
329 231 39314
285 256 81129
319 345 33533
182 72 44991
293 184 72391
243 286 19807
3 194 33554
96 159 89982
358 344 6604
126 293 68596
52 196 27159
107 174 25224
392 196 53093
29 319 82338
265 233 92152
259 174 7737
133 30 1130
197 22 14771
309 61 11608
244 38 70693
110 195 14350
185 53 46801
99 16 14370
317 227 7445
36 373 727
375 105 46517
67 159 83801
294 76 37358
328 356 57045
128 259 42591
200 136 85533
351 211 51979
69 30 11135
362 248 8295
100 326 95694
358 360 30809
232 15 31454
125 303 48175
252 51 64377
226 247 39923
189 305 33133
9 344 98053
395 58 74926
18 85 80359
334 265 26587
186 331 81829
101 342 9874
341 254 59315
207 355 76508
48 8 27727
122 57 97379
244 30 20821
160 207 1608
264 287 34734
214 343 90926
368 162 46656
107 376 59571
387 378 61115
231 168 12933
69 86 19363
147 70 91582
124 361 431
153 21 63904
253 299 54242
138 88 45026
386 283 81736
320 72 55828
69 318 26681
327 155 64087
391 81 73756
300 193 89408
196 293 87831
187 119 9910
365 347 20395
242 353 65439
254 369 35588
286 257 52862
107 130 23639
208 242 61447
92 177 17887
10 270 58873
167 206 58450
193 46 65467
336 87 87499
379 165 11984
9 257 72885
313 113 55881
10 245 21931
286 128 83013
102 85 66776
39 261 38915
140 137 15313
355 352 68400
173 396 84799
89 283 13840
23 44 59393
155 297 36956
178 201 31967
281 173 9337
285 242 1743
346 116 13254
39 212 69622
383 356 4711
344 20 45612
207 242 95807
80 16 77441
377 385 83885
120 265 70857
210 79 3958
64 117 87905
332 64 85789
357 215 79718
370 386 39877
80 348 85505
323 370 22368
30 400 65861
110 212 65399
350 24 9815
360 4 68029
39 296 44000
65 335 78219
92 57 81437
361 130 68325
302 173 68674
53 127 7366
266 394 15956
295 235 79128
324 311 64678
127 317 37369
170 398 85641
60 248 48346
381 50 83884
303 242 76403
337 268 3327
222 96 40461
380 331 24208
15 6 27528
280 108 91532
212 93 49272
285 191 92224
96 398 33335
302 59 1342
320 202 4535
391 207 76515
40 260 99518
243 97 1089
308 303 11459
5 108 16902
332 264 76784
305 373 42976
183 70 71694
95 223 483
232 348 68929
27 21 81490
244 20 97917
235 177 30766
126 129 3523
131 231 67407
207 23 90450
154 330 72635
53 50 86139
143 314 98312
173 97 81918
289 153 79612
185 239 83393
374 309 44612
116 119 548
203 83 16434
362 316 13986
78 224 1998
247 88 63055
331 363 97596
140 354 65549
242 134 8971
241 400 10434
168 53 63556
288 282 21242
315 316 58257
217 372 29986
235 314 78338
160 246 49048
239 142 88513
339 339 28557
147 5 8542
80 117 41212
161 28 87134
145 339 42661
119 208 99152
162 109 84751
313 219 24391
11 236 52607
210 382 37215
384 387 86426
393 289 91363
157 369 87163
106 253 14024
81 213 99905
170 262 18450
113 343 75978
334 278 82874
2 180 34094
81 205 73630
265 312 94741
299 317 70514
278 338 80745
59 86 28524
230 109 72854
148 19 64358
30 23 4531
171 73 90843
304 103 33506
165 65 6389
286 358 22344
112 192 40009
352 8 45440
353 55 75436
193 171 25289
312 170 11184
121 221 65320
94 265 32947
196 300 7263
163 303 61426
227 39 91546
300 362 18845
58 315 27395
386 18 95912
98 320 84253
339 26 2298
378 295 47906
6 261 64666
2 276 27664
360 222 19986
85 44 68942
8 283 67635
9 16 96396
52 89 36397
78 22 59992
261 4 87203
26 22 58441
113 91 39327
5 394 97947
397 12 16840
244 346 42119
283 306 86768
93 291 17471
104 158 66908
293 331 67510
382 174 31104
245 339 96142
388 24 59016
281 85 69187
365 191 73167
177 100 54419
216 274 75424
331 290 65029
266 65 4052
41 398 38383
374 127 38082
286 95 70021
305 258 54614
140 306 81511
131 187 99512
212 193 72965
158 100 89915
257 84 44578
113 252 55701
186 295 53988
25 199 48129
149 61 66183
294 194 23892
165 391 61031
376 366 80025
398 90 72012
176 42 1275
85 162 90152
116 370 29658
202 2 83429
70 73 48883
399 302 61810
388 107 16491
118 351 49299
390 333 10507
25 217 9384
317 269 54784
225 353 94042
351 267 22790
176 22 1414
103 252 31295
159 396 57134
220 218 69723
81 178 1585
340 254 41118
169 31 13595
246 183 75318
262 185 66032
234 83 77489
16 24 44544
12 103 67623
299 313 34720
202 336 65808
40 1 89504
66 248 18299
332 321 82416
373 107 18544
394 262 31286
290 86 60290
219 331 7942
151 303 6947
333 364 56573
197 334 52641
242 33 84355
336 133 65926
36 53 15196
23 321 34848
215 328 24482
216 102 92660
278 240 62823
321 329 60651
285 98 68977
287 297 43091
144 312 26275
8 43 71156
94 189 78512
96 301 25225
247 164 55977
176 330 26148
209 18 20378
400 172 14436
174 237 63610
268 283 5993
110 383 25472
216 31 93854
215 324 86494
308 359 66422
284 3 68132
221 79 73674
38 188 7054
226 277 99148
59 139 6786
107 280 25489
341 34 17601
75 279 12248
149 121 94253
123 103 82275
141 17 40644
94 130 33818
118 339 41822
349 143 64825
288 157 62530
120 352 46929
158 387 31788
38 99 20377
237 333 94260
280 147 85009
255 372 38031
76 55 50690
289 358 37580
3 382 50561
24 303 63816
155 151 31791
292 390 75373
368 248 69259
6 355 88813
133 73 6348
17 131 39456
296 310 42850
61 18 72466
71 398 710
129 150 3817
148 56 43665
185 340 79183
272 40 13094
390 330 34324
304 384 11010
107 338 32639
215 255 65334
241 344 82370
96 32 24941
394 232 49718
392 95 67211
265 208 34170
261 234 61804
329 340 96835
28 378 80407
209 331 80180
251 38 95148
174 247 83735
74 326 80477
332 335 33745
246 256 20692
315 150 42605
186 308 45933
373 97 37368
242 22 74754
367 348 97733
130 176 51800
264 229 32197
90 211 91963
277 203 26544
129 53 35002
75 397 76745
264 29 2520
338 363 88825
145 375 79255
190 120 49702
384 294 69607
91 330 38384
324 248 15584
247 226 98023
269 379 27224
271 184 22225
17 39 5766
266 27 12954
166 175 42983
398 13 3052
158 233 71009
186 287 51855
257 371 65162
184 281 82769
15 373 66991
359 243 30655
225 243 28600
371 270 96175
136 219 22189
20 37 22084
255 153 35424
17 331 91981
191 136 31587
205 116 45517
99 60 27637
34 152 24369
279 97 26801
128 337 50677
327 104 51800
258 76 83532
152 302 60851
218 183 3745
9 22 30262
25 220 67750
277 379 63161
328 236 93671
65 378 5541
126 276 73887
146 303 97215
5 368 26369
263 374 84395
336 173 39682
220 390 28980
88 348 43426
36 28 73595
138 114 38645
169 189 48911
370 339 95630
320 150 14924
345 342 2552
122 155 79283
224 125 60062
231 273 60876
45 333 97567
148 209 32437
49 35 65318
110 347 81818
1 257 35351
350 15 27995
165 76 90975
370 51 91021
27 340 37642
68 191 79300
323 212 14693
364 246 28567
126 344 83793
247 190 99757
321 33 33040
39 138 97610
240 35 32
106 239 28393
25 305 7852
265 287 36037
45 128 97280
105 161 25034
354 242 61465
48 176 27794
52 189 68520
40 257 72210
137 231 16676
322 329 32831
251 173 17276
14 194 49651
89 206 78896
119 170 23089
371 45 59709
281 219 84032
225 168 33875
384 202 2879
175 369 3141
172 239 32436
173 222 32513
386 293 37098
389 305 89295
34 134 3356
6 301 47556
371 138 90602
169 363 1900
226 7 65331
313 196 63156
131 227 24208
340 103 37454
34 338 11440
279 308 74318
16 127 37258
202 188 77974
133 168 26538
168 20 62820
344 289 86666
9 113 8053
253 72 36086
28 388 84933
161 363 41352
365 310 96857
196 394 40211
101 77 65862
379 63 88418
75 397 7944
17 35 63893
17 212 72213
224 183 68315
55 215 17124
207 335 38559
173 73 94058
251 173 43024
205 179 90948
224 373 62624
272 377 2672
393 76 64294
313 161 99259
172 363 25377
190 382 12612
229 293 64199
340 284 69342
354 261 90088
85 339 36223
291 61 72929
39 243 95718
144 149 42657
245 257 89625
295 39 91341
133 383 97552
93 28 79317
138 201 30175
246 59 38944
128 189 26207
139 37 96741
251 210 9815
220 215 92385
267 254 95428
31 236 65248
316 243 43114
109 158 39221
381 286 14204
319 41 96335
208 174 49158
146 217 81140
166 40 36186
99 133 61546
155 383 18656
146 73 30142
371 260 89219
374 362 42635
141 104 81565
398 13 1267
92 391 14176
161 336 21729
353 186 3568
337 360 91656
341 256 85084
383 191 61555
248 125 21657
241 349 62037
230 71 18628
17 212 1294
202 26 77425
75 168 64367
275 122 93113
151 104 17939
41 6 86941
93 348 52994
292 1 56719
25 133 51791
205 390 29289
331 374 78457
75 24 78345
71 267 54882
206 374 8877
236 101 20640
82 204 1450
200 372 9959
10 191 14527
18 395 21650
333 352 30242
287 184 78966
366 377 18960
258 86 58902
259 368 80444
260 254 94226
59 210 3867
214 338 8811
240 28 63137
170 384 96211
373 122 36509
72 229 85551
385 342 11208
9 134 17279
251 397 94553
71 47 43299
64 236 59956
46 349 25206
195 273 24337
93 376 23591
103 355 94362
55 229 72025
185 359 26359
3 18 58671
154 73 95365
148 242 53794
76 336 35655
250 26 6436
163 66 28946
212 360 88962
47 174 60359
293 35 24136
70 389 40068
11 260 83005
158 235 14128
169 168 49154
218 153 67501
22 240 82177
211 394 27443
393 171 89176
312 32 17837
150 207 90014
61 29 65444
399 31 27735
83 219 7076
300 78 63406
326 11 85694
129 384 12372
99 73 29583
83 335 27505
56 27 36841
9 126 97749
157 32 3839
70 343 88713
327 132 1699
83 42 9912
276 165 92067
216 13 71960
2 166 9975
24 261 44005
316 153 20515
194 8 81798
399 205 57011
247 264 50634
248 98 15827
376 8 46480
375 42 33271
6 131 50969
250 243 40024
195 225 87487
374 181 17708
50 290 28743
148 389 38944
274 83 78478
225 38 95103
123 380 11957
264 84 62639
369 169 44797
166 328 37455
136 264 16187
152 333 33323
339 96 59004
351 311 94926
368 90 14969
214 237 99853
287 151 60747
400 179 45650
34 282 1860
369 361 87391
317 175 34160
333 295 23314
285 133 17060
55 30 78172
49 194 2191
208 181 97238
192 66 88534
201 387 89108
190 287 80959
81 240 88098
42 36 86705
277 131 7836
293 368 74600
133 53 75492
354 361 33598
313 361 12189
167 224 64930
220 119 61532
24 85 81009
384 220 83164
37 366 53051
158 312 93869
180 328 87466
240 145 21586
149 43 23774
119 60 88061
105 176 5051
282 247 76483
179 372 16403
252 144 32660
232 266 47702
72 9 72743
275 349 44885
194 191 64777
164 300 84646
376 245 86844
163 232 2321
228 268 78036
366 259 9287
92 371 52110
243 46 71254
265 228 78276
14 238 32454
319 296 2228
341 188 30980
329 380 97300
199 238 70911
291 29 7469
219 179 30238
17 36 97276
23 175 12064
294 309 75401
293 374 37785
307 65 56416
373 297 65755
56 210 5868
40 50 37148
262 388 99177
310 263 88188
106 128 41792
366 18 65452
7 152 54157
133 304 55757
3 192 12397
200 104 85475
369 95 36769
163 359 21615
5 388 41420
270 291 27676
108 288 89265
305 172 23880
54 56 82394
44 365 53623
105 294 38400
155 101 31627
84 400 279
173 381 20436
63 181 43501
174 197 74782
322 117 57068
47 259 93191
39 62 87092
160 187 99629
43 191 34764
29 171 88517
231 254 11378
44 275 54256
273 211 80139
12 277 11940
264 343 75088
117 288 28304
188 365 49965
204 132 20640
320 175 61665
355 224 73313
364 338 87139
365 148 15802
200 361 92296
146 173 2690
250 138 5719
48 10 68365
235 143 48182
244 296 58072
330 243 4679
156 362 32831
149 143 26819
277 186 45641
250 8 73779
215 356 79319
181 185 10019
123 242 64311
381 261 93112
225 33 4391
329 50 94853
14 138 67979
215 123 29532
25 258 66417
310 25 50726
176 351 94890
352 241 54665
17 228 15335
111 172 77201
301 310 99592
161 378 27652
82 51 52996
76 37 68596
329 214 30910
101 117 58899
376 127 68936
54 89 39914
172 249 27652
359 258 67745
366 294 74948
321 284 53285
251 117 20592
375 320 50803
8 140 50574
297 263 40163
308 320 28355
38 238 25703
206 352 59223
316 114 73431
366 356 77834
98 307 50227
325 119 26009
119 176 90265
130 230 25512
65 333 35109
197 84 93171
271 274 75968
158 129 85493
123 132 14912
380 49 45491
14 205 55251
301 61 20782
76 165 63841
2 93 12522
130 283 86557
159 192 67205
254 96 33699
106 159 58197
68 148 2032
178 2 99433
48 391 26047
371 237 26184
355 225 23603
192 306 86836
232 186 30391
175 388 35752
212 133 46761
220 306 73786
133 48 97627
220 194 21771
76 340 63201
198 387 85343
372 346 47337
144 177 90021
181 338 14499
352 109 67947
270 238 24484
308 249 22574
392 320 85128
58 333 1481
236 391 6328
293 310 56918
79 175 23860
26 195 70273
145 383 93677
54 250 33040
35 295 12939
256 164 281
223 271 41791
320 226 50837
12 228 11964
100 116 56224
279 201 88026
217 358 16280
184 22 42584
78 367 19013
115 20 90752
183 228 69956
329 73 43725
8 230 71699
305 185 57646
283 238 99549
127 52 35854
130 95 11217
123 271 62499
76 133 38550
381 298 68927
113 48 21690
165 276 43384
48 315 1055
35 39 77537
319 77 21844
393 99 75704
371 214 1888
153 218 78540
259 191 20678
259 57 10264
211 147 15794
327 379 67462
374 130 24687
132 239 53494
160 272 43814
353 359 65343
64 319 3050
1 23 53514
24 53 95001
7 29 64421
374 3 76019
388 129 46776
176 222 11643
59 382 5739
191 325 84203
255 289 5926
395 138 98178
394 167 85557
145 97 94113
256 261 74862
121 233 79913
185 345 49618
289 321 90795
133 184 7788
143 59 39329
101 241 79692
322 278 70456
149 253 88198
286 98 98380
190 129 3094
295 200 43058
275 99 13163
300 67 39719
93 280 9736
364 129 39601
317 378 32591
118 246 68985
293 273 82524
232 141 18998
137 203 21102
221 286 90126
200 284 52380
312 395 79829
326 35 18730
287 249 43909
51 352 51839
143 278 30667
287 226 12821
104 67 71885
119 138 81729
97 96 53799
100 354 11369
374 123 28335
19 270 12487
256 314 84861
175 95 64787
226 263 50996
54 77 9412
266 75 96569
219 205 62486
349 306 77179
151 337 38090
239 112 42126
50 307 84728
382 374 22537
297 211 63464
219 381 76367
47 83 5602
208 350 68924
170 143 11595
28 199 63052
18 204 62545
334 115 94171
200 210 26489
227 176 12529
108 187 28726
293 347 25986
347 285 36059
103 70 44997
192 259 99445
270 131 93605
260 331 64392
6 376 50847
148 347 83709
10 50 94543
131 258 2436
339 171 82790
294 57 75333
287 19 72406
235 304 68013
278 395 87161
174 211 36320
169 18 58785
107 151 14493
398 107 98331
378 74 50716
68 130 97696
173 261 96767
222 335 84425
52 141 75375
275 260 26986
115 261 63381
149 186 74213
395 363 87780
215 112 6737
385 38 65831
91 345 58920
123 193 13536
2 344 95267
43 301 1333
326 13 90124
253 267 62241
125 120 86020
143 257 37649
280 56 92395
64 15 49285
234 187 98036
81 278 52128
359 169 52510
301 151 32355
92 3 63005
392 213 79004
216 378 84957
279 272 35270
294 20 76171
347 205 80070
371 383 26255
199 350 10495
293 43 50592
382 328 6369
85 323 98487
320 75 92728
85 166 55243
141 308 61002
397 256 36812
74 265 50472
275 13 98297
274 275 83491
255 197 14237
27 368 62108
72 166 49961
321 233 37918
225 105 28434
330 32 7447
341 151 54438
211 68 49302
226 222 5759
38 260 73150
232 177 94696
290 123 68879
338 172 30444
306 145 71842
200 123 83325
256 159 10424
150 310 41529
187 385 73478
244 19 5623
133 357 19204
399 98 71335
246 216 45110
15 228 2275
28 380 21523
359 114 24800
348 250 66519
206 396 26869
156 358 91482
80 39 7127
50 162 11301
389 113 29048
142 22 76851
55 344 32940
143 348 32427
349 324 55858
318 371 21798
355 281 6393
51 274 87697
386 237 89474
391 302 58934
354 378 75798
286 279 67596
291 82 4219
309 377 57861
215 203 61956
347 88 94645
145 88 66215
159 1 85037
177 185 78912
30 2 71298
305 142 47930
108 390 76457
100 192 49306
368 384 28649
59 95 62611
100 156 53914
48 189 31675
287 15 84045
219 144 23518
125 366 465
250 168 74170
101 141 79426
1 389 89111
204 22 28965
198 206 36967
49 356 62436
170 350 69710
258 160 72824
351 304 11090
232 59 68526
178 248 89951
184 1 63943
170 78 67969
162 101 78615
111 229 18038
375 11 80074
21 74 49527
379 74 45018
344 121 91210
366 134 95937
342 350 28517
74 212 82436
278 365 73268
376 69 72153
394 83 15103
388 251 19392
274 354 91729
208 142 69068
71 320 10707
321 159 68947
361 93 83373
381 397 41528
143 178 79415
125 376 4326
129 295 76784
315 59 14433
386 375 11429
241 259 29464
385 131 99379
121 176 4100
15 27 3361
84 98 93534
359 124 29712
336 11 66233
378 164 97094
396 214 26493
324 279 57109
64 228 87114
364 311 35696
23 37 50992
87 18 92888
129 107 19818
289 380 66324
148 45 12948
94 115 16463
98 59 1949
134 176 5580
214 300 74736
356 324 20495
348 279 65617
28 376 9670
393 391 82319
389 394 54128
280 2 41073
6 272 84186
332 80 20958
376 236 85970
389 249 91027
284 339 80997
79 33 95352
329 196 13828
173 362 13038
7 262 30143
75 388 27435
319 66 55759
343 282 5774
167 188 4176
298 167 45960
137 306 94186
291 361 55571
276 198 58695
327 284 71105
123 180 49221
63 104 42039
128 60 73760
212 328 35754
85 315 62386
397 95 64668
36 331 25127
362 57 91926
45 206 85381
153 29 27927
223 354 87668
339 147 88599
268 143 92751
29 95 24246
231 341 20974
16 286 66833
116 289 89873
334 212 37946
158 128 92494
360 388 35746
163 290 20209
333 280 92773
194 82 41134
211 352 82328
343 185 94599
341 272 75180
220 215 42825
224 47 84777
233 169 457
70 314 93820
19 37 85223
17 55 10503
21 264 55062
375 297 56320
44 116 82969
176 362 27605
106 127 55208
297 23 25875
239 25 53083
339 88 59756
295 206 48352
324 232 44366
329 39 9011
258 395 10551
195 248 35152
141 341 73520
136 312 42149
295 81 69323
73 357 87223
77 265 75047
108 268 34360
384 70 98065
72 371 61235
103 139 55509
20 65 96448
307 305 9311
127 228 54274
45 380 33599
101 15 99088
40 153 36208
317 10 22085
123 182 11383
21 165 6025
309 109 13159
1 350 36184
101 288 42360
17 74 56335
396 116 201
80 247 99038
245 252 44320
144 204 75585
293 145 47839
293 100 29070
270 325 4825
389 49 22951
207 191 20357
291 86 69744
259 347 2727
46 374 17911
291 369 32587
117 212 57269
253 27 71680
312 150 95519
23 381 35444
284 72 36306
70 233 36942
253 182 73807
132 334 52999
163 270 72575
349 297 18510
291 206 84562
340 52 45133
51 285 16969
350 72 98701
161 251 47967
325 384 94327
10 275 3911
137 254 35181
9 1 64807
391 177 21982
65 10 88460
195 215 89795
292 387 44143
166 343 57561
36 62 22841
301 228 73970
305 293 51174
298 220 27600
230 391 24641
321 134 90608
287 232 6089
306 112 91652
317 89 11202
