62 306 1
21 13 7800
18 38 2589
5 5 65016
15 10 38451
52 59 57862
11 14 82740
44 35 61125
4 45 78941
28 17 38846
28 17 63521
8 43 32465
38 45 71677
18 11 98723
30 39 60501
33 51 79356
17 52 95353
59 46 21740
35 27 37802
53 42 48647
60 3 85332
34 27 55680
56 6 4088
49 35 94442
7 20 59947
5 31 42996
3 58 43189
42 22 92793
59 62 852
26 47 72096
53 35 53231
12 45 75528
38 55 24282
14 3 37912
3 15 76122
8 16 57602
10 14 50274
2 48 38630
1 36 8199
14 9 34847
55 50 56236
60 23 30572
21 26 15515
61 16 85881
49 25 50732
33 5 326
35 38 4953
50 51 7380
59 10 42846
2 22 74964
11 22 27572
43 36 53518
14 24 18692
28 22 78042
44 19 71707
21 28 6158
13 30 84143
51 46 56407
51 49 34898
20 30 56829
17 36 67865
3 61 79085
49 50 71886
13 17 11893
62 1 74254
60 50 27820
2 61 59668
15 15 92900
2 37 73772
62 24 73872
37 19 3193
49 61 50034
29 42 24680
39 11 27861
31 37 99734
56 10 44988
1 4 95230
40 28 83176
54 51 75275
17 34 9688
7 27 35033
15 27 25431
34 14 82442
3 4 88716
22 40 8944
57 31 76415
28 42 72893
58 45 98829
37 8 51605
21 27 96963
31 37 89185
23 19 62382
7 23 72913
21 29 13048
29 48 63096
36 30 36870
21 35 71418
35 42 89088
45 15 29354
31 43 55412
41 52 17684
56 4 71532
30 54 16599
4 24 14117
1 2 436
51 1 24504
60 35 35867
32 10 46604
53 40 9905
41 47 96770
14 37 6908
53 60 91730
22 58 80923
27 59 53789
32 55 1701
23 61 96270
24 19 35460
2 54 40370
36 7 5401
6 40 17324
21 9 58854
39 16 1223
18 1 15793
18 30 28437
2 34 35015
62 8 15177
6 12 9132
31 15 37139
48 40 14285
9 18 95037
17 56 13264
3 52 89653
30 17 89054
8 42 45135
26 62 17791
4 59 36261
7 28 89691
3 13 75056
7 37 47114
19 50 1573
25 30 38229
44 41 74556
18 45 66103
47 25 19389
38 4 93723
2 62 44062
21 58 33806
51 55 2112
19 1 77204
48 22 8283
56 15 98353
53 47 51451
29 34 94470
31 47 20117
19 48 34629
18 42 20939
8 53 29841
3 6 91845
22 61 30592
42 31 96069
50 38 9741
62 12 22348
43 27 47802
55 32 86647
25 61 51698
50 40 17010
61 48 12786
36 48 48006
8 13 91837
6 36 38731
59 47 95681
32 48 80894
6 20 94546
22 56 59381
12 47 25565
1 24 82485
60 33 83673
9 57 18533
15 39 25756
37 20 47317
9 31 67641
27 14 77292
51 62 8254
52 43 26893
4 60 96119
46 1 85299
18 44 7819
57 7 11509
9 49 57606
42 10 85695
28 6 73949
44 52 90898
33 58 51616
17 45 20682
37 54 4324
46 19 58194
59 50 44373
32 15 29983
4 59 18166
14 17 1036
25 42 40272
29 27 22455
1 28 91065
50 50 23945
38 11 64147
16 47 32505
35 39 23840
15 19 76663
36 9 48316
39 7 82189
49 41 25831
46 9 7812
5 18 18164
31 7 4471
2 33 57675
3 48 33106
30 28 44065
36 59 35196
39 51 54728
43 40 72248
33 46 70057
23 14 55299
13 61 46014
41 2 55038
48 23 64316
10 35 52041
26 14 61904
61 43 81405
46 42 68077
33 33 96049
36 29 32852
11 45 93213
44 39 29359
49 16 30277
5 15 54887
37 20 7035
28 58 50584
56 28 82052
42 47 42188
9 48 94834
41 61 3409
58 14 96889
59 58 92849
15 37 82218
9 2 64938
48 25 14100
36 19 37558
36 39 88131
47 21 20679
46 50 80165
10 20 61530
46 51 45286
14 49 81156
16 8 63402
23 60 7055
10 1 14065
44 47 94834
29 29 82477
12 20 44154
44 58 53100
29 23 5111
32 13 31003
24 1 83202
56 15 73005
1 8 8724
9 32 26209
55 52 86807
25 17 34498
60 49 64867
4 5 94358
12 59 93279
44 42 90761
2 9 83952
46 17 47692
14 29 46388
19 40 42689
61 54 37289
13 16 16247
43 43 9365
24 54 83534
10 5 75782
38 31 45466
45 43 20578
21 14 70445
62 58 26990
9 58 41244
31 10 46970
40 20 35760
20 42 43288
14 14 48560
24 45 1498
46 45 71665
40 15 70660
33 62 62412
42 21 86781
58 53 77388
14 12 81935
47 25 24685
26 33 48515
31 46 50676
28 21 52516
5 39 97452
38 20 28923
41 42 55728
39 31 62058
60 12 39713
30 12 39680
