462 117 1
269 154 36376
406 461 81545
445 268 48194
400 356 42953
259 311 45257
350 235 9045
18 418 60648
263 349 5542
292 38 85362
131 164 5063
343 454 74944
318 95 92978
27 344 99466
250 206 85424
325 58 89356
118 266 88642
47 339 33223
14 364 20697
310 153 217
388 28 44046
253 166 94659
397 224 68022
58 276 34340
12 439 71633
27 242 75624
278 53 36270
44 179 76269
62 442 46715
3 212 55872
88 451 15985
184 413 93267
166 174 38361
234 429 22481
232 350 18726
240 427 6077
301 43 45091
218 36 50874
102 35 88540
80 365 78657
120 256 97943
251 204 8166
326 141 1274
147 246 25143
227 92 21245
419 131 42484
425 411 52241
71 299 41400
428 176 50587
205 381 80948
164 354 89193
112 366 90301
190 104 34619
391 449 58122
52 421 96601
219 391 86109
396 165 37501
94 159 39308
398 301 9683
173 368 20344
129 76 26821
134 273 73797
258 228 41996
317 70 72416
170 68 34288
223 226 28059
132 439 37823
119 223 41936
119 67 65831
238 134 22353
461 281 26497
234 103 34065
369 398 17329
19 30 22104
141 107 25461
131 26 94134
425 79 44785
251 69 97864
88 94 86904
152 93 86245
80 224 9534
281 264 12589
251 362 45127
274 227 7740
199 341 63123
223 85 39091
41 238 97126
375 48 61109
373 329 19852
355 248 88584
365 247 96100
32 342 70858
169 94 77500
47 207 55746
290 447 31846
460 35 6118
245 139 23271
461 286 4878
18 121 31820
120 310 46799
166 450 65502
302 401 36138
41 150 40404
63 25 58139
26 57 8789
90 410 91182
226 29 45755
101 159 89340
197 277 57392
408 318 5197
53 178 83519
425 98 48841
27 50 89408
293 189 23038
178 429 97503
72 435 30256
399 203 24751
195 331 48042
