623 828 1
311 89 46978
168 122 7778
608 365 4799
342 3 33124
380 153 75870
111 251 94176
391 587 40792
373 302 51800
457 316 30715
287 585 6533
255 212 76884
335 266 1514
491 326 64016
523 208 14804
306 184 42845
286 379 95380
100 453 23083
243 288 47407
432 6 93372
193 268 5568
3 463 38852
44 140 15503
407 131 31393
171 548 76677
541 98 23197
196 603 86110
51 297 47608
24 332 22393
179 142 42790
207 225 54486
489 397 86233
419 59 78813
172 179 40420
426 454 76850
262 29 94003
576 363 9522
194 496 22380
68 193 92271
127 510 82340
367 159 15010
236 185 67884
198 566 60730
394 108 72317
383 223 54347
354 212 45860
66 210 82956
85 417 1170
56 308 31517
466 427 60600
395 373 76770
88 490 98909
508 492 22289
390 452 5332
384 441 7179
451 319 12052
344 147 87774
401 222 58038
325 300 38746
279 171 6947
196 83 11497
161 459 27409
597 375 67858
273 388 75239
78 322 94801
367 503 29284
610 194 12213
69 468 94251
269 61 53930
449 147 35015
458 74 41647
235 27 91448
266 193 54564
363 602 88567
452 160 42729
85 329 8064
172 566 19732
289 251 56947
478 295 49422
467 259 99188
109 156 79955
617 534 37461
393 281 84987
255 38 1073
373 253 39507
114 594 2363
309 116 30062
504 181 49980
410 529 30505
322 360 74465
496 264 90353
371 85 90750
86 170 87666
265 371 86095
214 149 172
356 402 4545
529 390 53672
468 385 7399
509 540 55360
448 428 35339
298 224 89670
31 521 83405
589 579 27895
476 434 79903
457 506 97750
48 437 58803
446 49 41678
454 189 87718
483 332 5207
192 471 14580
346 409 49466
287 344 31754
121 608 39808
107 611 88345
401 334 43830
259 47 69074
551 312 75342
21 45 97543
219 482 22045
416 111 99873
74 135 93610
436 417 76114
123 331 62524
405 155 55108
366 248 60986
80 187 15060
273 210 57107
269 472 47623
276 620 98663
462 257 51681
562 338 21917
129 47 52525
94 26 66794
550 22 26218
559 113 45740
212 597 25815
448 498 48577
442 502 6989
258 488 88358
4 169 79004
112 576 91116
172 490 33178
549 434 21017
68 554 38495
609 528 44522
393 90 25155
365 153 2241
294 51 40667
446 143 28571
392 487 83101
167 327 4917
16 316 72255
223 616 40945
410 402 47671
193 507 36144
445 451 17290
240 310 87365
421 178 5752
521 463 19892
334 521 70788
339 58 29442
257 209 53437
229 575 70197
302 274 93608
43 189 78518
53 339 98087
180 253 47017
502 375 28625
204 285 94569
117 615 19302
532 251 31425
226 100 22147
474 188 40561
390 501 60027
479 104 99318
36 198 16671
419 462 51679
465 199 40059
19 383 50938
612 609 9434
487 620 22786
281 439 1312
389 229 13410
124 598 45604
3 7 28787
94 455 66433
540 120 80919
113 570 8093
87 521 81400
266 563 75520
285 395 67308
436 251 20785
569 564 54173
609 621 84032
603 612 30578
242 170 57436
558 345 13856
235 499 21409
610 207 4791
586 395 74548
222 271 6068
36 9 46828
297 61 30969
348 309 4069
543 18 11740
170 291 76786
207 555 33667
369 353 65660
186 29 89074
459 361 76543
399 226 23808
131 338 50779
100 586 28343
151 582 27469
489 215 53571
141 55 56878
262 570 40703
53 602 24965
611 321 61101
377 517 2929
276 96 12679
155 492 86054
35 297 71157
287 492 56269
40 318 56551
270 137 15487
265 118 2318
300 284 22194
13 503 39049
190 270 7757
286 99 80082
356 146 22446
140 124 64986
56 84 75828
402 69 89239
320 448 58720
470 86 93091
529 412 90168
143 106 96151
509 116 55511
300 263 5134
327 457 31226
129 621 30533
428 42 59011
122 202 65160
126 90 43178
260 77 58649
361 183 72658
252 161 83966
338 262 30052
235 361 71425
125 588 85144
434 423 26600
276 567 3371
72 242 75804
20 501 71496
593 481 56442
374 472 37069
165 272 68197
590 577 8075
470 325 11823
546 403 70634
240 424 36805
179 264 85681
144 496 67645
108 246 11846
249 152 23494
464 58 39885
253 613 99064
136 240 87905
422 482 43628
473 105 47642
21 35 32976
384 589 74870
316 21 49411
393 240 56396
86 165 17738
225 499 45417
224 239 36774
614 478 67902
383 153 81275
365 229 6725
192 38 74350
591 420 44863
572 392 33513
137 79 13739
48 144 51743
20 79 39162
508 457 17110
229 111 45821
425 453 54426
590 151 25250
458 12 8821
43 588 56021
59 406 71706
50 305 76846
17 162 79208
374 244 64637
186 396 13126
597 113 30691
597 379 12051
8 221 6050
493 125 37252
496 623 81244
608 500 61276
567 459 6207
566 109 71737
440 113 47798
566 565 4778
593 381 29883
141 609 48999
383 617 30018
214 453 63482
482 164 89116
513 433 50146
434 384 40127
350 112 93312
136 11 59282
492 620 76677
273 331 33455
249 127 79710
344 250 98225
249 324 55256
564 448 41255
511 111 5635
418 557 84983
529 210 10857
121 67 60674
299 447 45236
166 159 32653
95 392 24838
485 393 30815
9 133 85852
223 553 57782
408 619 35319
388 330 22439
376 216 31081
296 449 44311
360 133 10342
572 560 45301
94 510 56431
12 156 38807
163 26 35708
513 219 43147
117 440 63489
493 165 30978
597 443 52031
69 242 22937
230 244 31805
403 617 46768
252 31 52662
215 314 83340
349 336 84588
447 54 87422
553 169 23538
554 358 34704
190 251 51693
84 492 28818
204 12 76624
376 500 31978
389 434 3070
139 59 51085
220 465 32080
68 291 70919
536 54 49292
225 87 42953
114 476 13898
154 421 23616
453 610 6525
601 527 27194
173 271 65904
74 196 67703
219 326 94096
592 293 8193
261 503 90294
412 285 57140
13 580 81983
190 197 45152
242 355 12285
267 83 61636
599 531 25292
473 63 30325
391 391 93602
218 594 86281
350 71 3330
362 396 61430
349 310 21425
549 491 68139
132 288 68132
287 528 75643
445 384 61619
279 341 11698
2 359 35461
506 530 14593
547 532 20016
26 403 85952
361 522 71660
53 277 1826
116 530 43110
555 130 8507
428 53 96209
502 490 6445
222 308 77285
180 92 40441
133 363 11900
539 164 79875
127 551 9987
128 420 36449
126 530 84967
218 522 10723
250 581 2204
550 175 64708
557 78 42639
113 448 5831
300 530 19284
529 207 17887
90 135 39304
447 463 69732
92 171 94109
545 570 90387
417 329 53235
275 370 62487
262 360 73071
414 237 55469
467 619 12035
572 441 29821
569 199 77880
558 464 19431
389 194 54584
75 162 46605
152 144 47226
594 229 33287
622 109 97322
82 142 8452
100 60 82776
29 152 21250
318 164 1974
13 29 23928
19 370 21588
437 116 60945
573 92 31925
167 618 88837
312 606 8432
286 104 75691
54 20 82174
574 253 69869
231 492 82032
502 542 5215
63 613 84075
501 7 89049
504 188 44285
373 230 95523
307 14 58351
216 345 48400
87 489 20528
554 323 69220
415 316 10701
178 80 2264
572 341 46722
430 13 99717
428 217 77228
292 12 67801
21 565 87973
301 413 35818
297 197 76473
89 401 11177
328 46 28323
228 486 49622
79 11 62268
203 569 57339
326 309 5204
237 469 17068
340 134 28660
188 172 66719
467 184 70857
96 325 59556
42 258 66445
515 613 72579
380 409 72702
181 94 54440
376 410 34361
499 139 11439
312 14 25429
564 125 22866
555 424 89837
218 207 35986
454 491 64335
606 528 75851
244 612 52006
476 412 12636
620 226 74865
240 292 67373
351 622 76480
263 22 40836
87 187 96395
110 329 74674
175 551 48414
384 325 15619
499 488 54120
287 620 66535
240 623 63482
428 159 86790
99 251 51736
143 176 39145
255 537 90597
123 357 94355
463 44 69782
231 158 77497
106 34 64178
116 27 20798
250 601 17412
612 84 59041
447 34 24305
287 574 40949
126 463 10019
379 371 10859
51 311 77522
601 265 47727
436 174 68674
264 168 71329
294 324 41653
66 238 60599
179 88 38760
271 339 68600
334 103 3969
358 200 93420
558 598 17109
82 475 82430
240 283 59772
273 237 69715
217 508 36927
485 357 30049
315 223 85481
490 173 20375
598 222 86028
171 230 52954
567 238 52940
420 460 16878
521 387 2931
198 163 26353
620 42 44197
341 223 68053
541 503 79202
16 240 80637
372 487 83013
218 617 55547
171 344 29088
508 401 17621
227 416 96747
241 560 42551
493 558 47584
72 413 16481
325 566 80516
427 91 17551
31 576 50334
417 206 13220
128 195 56679
566 323 96626
465 102 27942
445 188 9802
210 107 93849
26 259 14312
508 97 54420
63 307 20616
475 590 6667
26 155 12729
314 433 80269
90 181 71937
438 71 70852
526 381 6700
494 35 58060
128 25 37457
284 311 25165
252 273 59566
341 422 2270
254 216 77473
405 388 53443
63 561 35331
41 136 39537
104 315 45282
180 228 29962
289 398 20316
405 495 24874
381 362 32782
493 259 6471
604 78 43591
153 199 21031
186 225 35348
222 294 85113
373 57 4612
210 609 63872
6 422 66484
516 390 84519
483 39 63744
55 330 69
387 603 39290
69 568 2307
72 536 94194
615 578 56097
374 531 27350
69 554 55635
180 274 29086
253 144 94804
3 611 57049
518 539 14458
123 127 37063
121 409 54346
45 623 21705
360 430 86036
520 623 47097
53 599 29386
332 421 19882
371 615 49884
509 397 89679
78 118 20425
571 577 70586
560 587 33785
247 448 79355
152 101 8473
80 411 81092
605 149 87365
494 369 10981
617 605 87036
133 121 10223
160 519 81998
562 487 52009
193 38 7632
305 348 1092
584 308 75399
529 1 94928
462 190 83463
563 66 45231
54 543 29146
110 202 69273
444 162 44420
335 167 94502
76 352 50539
155 53 55309
500 107 53320
124 87 77768
329 497 56384
20 202 10417
388 254 49381
380 443 85194
340 418 73316
440 460 87242
340 525 90274
127 26 96492
545 18 16767
2 243 90452
527 61 4634
431 161 24739
141 530 34552
261 78 65369
317 201 95023
139 276 97401
421 589 59241
352 510 97229
540 549 80887
198 165 21833
396 618 84886
495 131 43143
143 17 59791
452 239 45311
136 271 93878
398 526 98224
94 328 26274
575 73 37405
355 520 72592
211 86 40166
441 233 46554
357 543 92806
557 261 55793
498 92 39872
198 603 88670
87 120 41205
584 337 29174
516 115 73904
425 292 50180
463 15 1387
190 79 44853
413 608 93744
108 140 86054
291 67 94713
122 566 1794
423 21 6034
582 351 2733
412 562 48545
99 572 22267
619 95 10633
384 254 71916
180 281 94234
28 115 30517
15 121 38202
139 558 5350
120 577 33387
540 76 46283
37 142 45793
322 251 8028
328 485 78542
146 347 23842
345 486 93985
612 39 29864
525 512 50461
463 582 32925
358 511 466
315 300 56539
295 263 35079
365 155 58671
299 465 85771
316 168 7191
16 446 66065
602 429 61291
521 329 3018
433 393 45201
290 325 98451
253 242 75440
239 512 5526
543 128 12464
218 159 13756
292 151 9174
424 580 6501
80 75 77365
116 607 97623
64 283 19618
122 202 40356
316 230 87100
469 579 26743
575 350 55622
164 312 7998
424 59 88011
586 6 45182
267 287 26457
614 135 61015
528 355 79318
249 211 53428
90 82 29087
289 75 10062
340 170 17970
88 14 27639
613 600 49515
157 623 34338
109 203 25513
492 372 17577
512 317 86784
34 243 43402
180 247 38466
250 336 53793
7 288 84669
507 340 6833
19 426 50413
300 614 52425
553 347 49825
316 241 43120
470 511 87596
557 379 37540
373 516 84160
88 299 2911
110 274 18775
133 381 6561
157 503 69352
384 120 77886
503 142 77468
303 152 87378
547 93 58514
215 266 13569
85 265 3831
573 451 38977
201 88 80046
91 308 55982
29 214 36056
518 104 83686
174 576 72774
222 547 78002
527 276 92036
377 571 69137
440 202 95712
549 298 36216
22 470 17650
152 354 14739
382 586 41957
531 149 58954
210 475 47849
408 283 53330
456 452 81240
390 285 43351
369 276 85373
98 590 97588
176 223 51304
448 12 77840
441 297 70473
511 421 12656
222 88 86089
592 119 65351
457 178 51977
546 558 97510
103 112 12029
53 156 81234
278 310 72432
73 603 91577
80 330 46488
355 285 8756
327 4 67695
287 126 1693
178 189 75028
436 415 68187
534 340 11782
583 466 19512
328 579 79263
452 137 90378
583 124 12292
167 272 29689
313 126 73438
527 209 54738
352 584 53596
279 540 88089
116 193 38077
328 34 15369
618 525 61488
351 314 62430
347 464 28787
620 104 97394
379 530 77034
94 232 66835
308 302 47547
280 445 99178
122 53 32572
66 329 9129
94 182 92086
