3 83 1
1 2 88867
3 1 28167
1 1 86883
1 2 85469
3 2 58848
3 3 66190
3 2 59483
1 1 71836
2 3 71509
1 2 63524
3 3 94716
1 2 7706
3 1 90323
3 3 99290
3 3 74111
2 2 40742
3 1 31910
1 3 81818
1 2 91711
3 2 66278
2 1 18418
1 2 17993
3 2 74330
3 1 87918
3 2 17170
1 1 45950
2 3 61444
3 1 30326
1 3 91438
2 2 10746
2 2 31966
2 3 17527
3 2 76001
1 2 69162
1 1 72281
1 1 56989
3 3 45308
2 3 40404
2 3 44718
2 2 50984
3 2 89997
2 2 68598
1 2 32930
1 1 17240
1 1 54664
1 2 52833
2 2 21418
3 3 93250
3 1 84464
1 3 95380
1 1 80514
2 3 38369
1 1 14637
3 3 18140
3 3 81816
1 2 27264
3 1 46025
3 2 94076
2 2 42809
3 3 86781
3 1 98133
3 2 73477
2 3 48251
2 2 64143
3 3 3160
1 3 40438
3 3 41938
2 1 31479
3 1 71150
2 3 46412
1 3 36821
1 2 22433
1 3 12035
2 1 65678
3 1 21305
3 2 92701
1 2 30748
2 1 43419
3 2 82181
3 2 16733
2 1 66755
2 2 51919
3 1 33855
