299 755 1
187 159 56177
272 203 56153
9 203 42505
256 103 61727
9 82 24474
135 83 88856
107 259 30942
217 180 78536
142 85 91050
133 165 20686
137 207 5801
79 184 56281
207 144 24360
43 131 54127
135 59 41621
151 276 31471
5 92 98519
287 293 2399
221 114 94907
186 150 40445
171 194 29725
224 83 14429
192 298 15773
220 236 10067
265 225 13608
171 67 23764
146 207 82892
37 183 11602
268 74 87649
192 112 14904
146 27 90622
41 25 25073
74 38 41964
269 17 25495
14 163 80847
271 139 4656
244 3 30593
82 47 55038
282 137 65214
250 200 88871
155 241 81643
231 18 64840
137 226 41924
206 14 23610
257 214 34344
105 254 66627
295 63 14859
201 256 41307
250 40 48781
223 170 83800
254 31 90284
192 191 78305
110 215 43075
228 262 52507
284 239 35815
143 93 93695
266 262 11532
224 121 87239
28 92 10495
65 79 37120
152 180 49226
92 83 89903
252 123 38389
121 102 10556
271 105 77959
240 127 21306
222 232 73160
55 104 2833
218 114 53713
25 128 82701
135 11 58223
180 40 83937
180 72 53009
79 247 26540
157 23 11641
43 37 45671
41 228 74472
186 36 65075
274 45 30937
234 211 49907
241 292 63950
98 221 48133
17 139 95972
145 292 52376
195 54 41442
205 159 75946
98 75 68762
126 259 22663
97 124 41029
193 174 99154
38 212 85387
240 216 81884
245 241 45774
35 233 81763
155 78 66536
206 226 78107
284 166 48231
202 39 29693
52 147 93394
263 260 29166
235 162 18918
281 241 64343
149 116 54195
158 53 86618
237 101 73134
228 182 18423
223 247 79572
14 163 99186
17 57 4803
56 130 36723
193 244 346
111 22 81850
243 84 58730
158 177 82836
66 296 44345
258 67 66139
21 22 47411
191 236 17487
134 104 20202
137 46 24904
278 57 39831
226 188 69419
288 240 5187
189 138 28344
110 67 80274
210 159 7010
292 238 80947
192 131 22946
166 196 71283
149 217 81070
41 30 19440
162 61 47912
295 211 97070
123 114 95046
28 82 64421
276 144 95413
173 103 610
127 58 26024
282 97 46217
100 178 82353
215 94 28804
201 110 33842
15 236 21186
189 78 56486
243 58 23380
2 290 51900
205 250 16838
220 207 88162
179 88 68892
125 34 17414
246 150 6671
228 260 88787
3 181 54814
29 171 42634
4 279 47653
271 130 43208
293 92 99610
271 155 21233
171 256 55778
209 149 8998
107 162 48335
219 113 61525
170 12 15606
27 74 74785
258 197 58778
203 179 84548
253 113 50662
279 28 50792
189 259 93096
157 135 17919
90 192 21435
270 40 88793
100 222 78273
256 103 69070
158 78 46833
82 283 75397
169 137 60712
85 263 59463
199 241 55927
83 194 91841
171 184 50040
260 171 6048
190 152 60067
185 180 69086
38 10 66812
273 52 59791
20 120 341
45 117 10861
243 50 273
135 93 84063
234 151 51194
284 70 61866
295 258 91096
177 31 45180
239 81 24140
204 282 50088
188 31 38069
140 140 35196
160 180 77045
187 128 86908
68 279 39152
293 194 34796
40 220 4789
296 298 83074
152 79 74141
122 136 77894
40 199 7385
178 124 48904
260 123 26103
64 269 65529
130 88 85671
196 102 41484
168 74 7012
293 298 15772
107 229 41690
291 171 44734
299 85 69496
248 264 59481
216 117 41721
128 45 86184
136 244 46079
214 259 80814
143 37 58555
74 67 71810
239 291 39521
274 239 81679
68 240 55180
188 159 94079
274 79 48340
51 95 68763
154 192 97621
263 47 18743
179 206 27182
207 279 17743
272 184 95903
81 46 99959
43 138 28438
149 115 37863
280 107 99311
247 255 22798
181 199 62
256 230 27914
140 8 33170
149 198 47298
27 260 20404
174 276 23287
200 51 33121
169 87 28110
43 112 16793
92 280 85227
226 86 29644
135 144 59542
278 266 37938
225 205 52294
89 207 2369
291 61 98171
211 5 55042
148 106 67893
1 252 60363
240 115 56968
25 163 43038
145 124 13938
22 40 43404
260 152 5066
43 107 10992
8 85 23077
225 268 64794
236 149 15023
142 264 12477
296 53 38220
54 106 96356
95 271 62996
36 85 9527
58 87 60008
202 106 45514
289 114 81224
298 156 77580
264 286 42300
197 23 9984
219 28 14953
46 163 24520
245 42 96854
273 269 84845
129 35 97253
43 154 69525
11 219 94264
200 242 52083
237 191 7818
164 56 62185
105 185 4141
70 192 23779
287 231 29230
164 177 84936
42 160 47311
201 212 51918
53 195 74197
205 225 1666
276 38 56323
92 176 25569
108 242 22543
174 107 18458
207 148 78803
139 184 64308
70 288 43420
253 46 6457
214 165 86042
49 170 14554
294 152 37640
33 298 16333
41 148 58789
8 282 85332
94 21 19902
150 139 34237
276 17 93687
203 65 24619
200 200 49347
89 262 11661
218 253 20933
267 11 67924
87 199 54052
52 104 61146
63 58 78601
283 147 54524
128 147 98019
118 207 18629
195 217 86349
50 50 23006
288 155 32511
111 90 74202
273 98 93602
76 135 45479
46 284 23400
245 273 43577
273 58 23992
58 278 87450
62 231 56586
192 124 88443
39 134 23497
197 123 28816
242 24 64044
212 28 93354
125 43 38618
169 148 47051
265 190 61760
157 164 14302
97 111 68126
248 7 57861
234 51 73566
204 7 43492
33 157 29141
200 127 32466
70 11 66521
179 219 1773
200 79 46725
139 249 30520
43 137 33415
118 11 22056
224 282 2788
73 63 83746
61 266 81344
94 51 53196
218 63 95496
25 31 98140
217 272 69738
107 294 154
17 231 32068
167 51 13140
234 32 34697
233 15 89386
169 112 26195
265 198 11582
100 225 9392
252 80 75714
228 89 52185
278 216 35535
294 1 35573
274 30 26482
190 159 97116
281 153 53773
94 187 99285
170 285 83686
179 88 39537
34 250 77917
58 210 5765
285 276 58186
126 289 28466
105 74 36925
40 6 58505
117 123 43705
146 182 68741
105 285 36196
37 60 82704
213 116 21206
20 74 73042
294 92 16679
36 21 4367
203 62 16067
288 163 1761
282 263 44214
95 247 75380
164 191 41519
172 102 55947
21 112 9884
295 95 96695
42 294 68738
203 189 68981
174 17 48561
60 203 42461
165 266 26252
22 157 81682
62 76 42554
72 97 20292
201 226 41840
50 190 67890
221 243 55847
255 151 65705
173 76 48355
283 233 34985
106 258 84944
189 253 823
194 137 13257
197 295 71217
84 33 29481
236 157 92762
228 276 454
130 216 5148
139 1 51337
189 12 74649
9 184 50346
269 246 88557
223 6 43374
92 290 99128
277 103 21624
44 63 65690
231 137 17180
8 44 59931
177 184 80815
262 262 11886
193 286 11999
250 145 15466
179 28 20705
266 19 59875
3 79 98554
224 82 42390
230 215 55432
189 198 24376
226 53 26170
71 121 91063
275 147 17142
265 195 70323
158 255 43159
162 238 50266
108 217 26863
280 68 91854
78 150 8176
67 155 63358
273 128 22603
171 170 91792
4 289 52150
157 244 20297
164 83 72624
195 132 63590
229 241 56231
46 154 22411
124 154 94524
293 174 94004
179 238 33796
274 243 59220
21 155 27356
99 297 95042
19 112 45835
219 121 77170
121 199 7543
115 74 24051
103 47 60334
7 240 38615
187 156 34069
115 7 39089
116 72 44466
46 202 56384
264 106 85780
78 12 79201
270 261 95490
245 40 25913
161 122 81873
69 299 21074
160 155 75666
284 235 68193
254 89 79062
152 123 92803
205 57 40254
299 245 70435
188 37 21617
121 255 59977
2 107 60148
42 121 96186
17 152 67311
56 294 67534
260 295 70451
194 267 66983
233 117 67037
158 115 84992
176 162 27851
103 35 17411
257 66 6651
19 265 69383
155 74 51347
46 23 71904
216 262 50533
294 131 29414
276 80 74198
100 281 73666
125 193 64218
167 40 52497
113 73 82185
215 165 98957
22 190 65249
94 93 17990
163 154 57951
285 90 6591
246 263 95089
262 190 14642
33 85 58022
184 229 64955
5 154 6715
288 186 94303
48 165 42300
124 266 86606
94 62 27343
232 222 61534
117 4 52032
101 162 28044
249 24 42896
101 83 70408
66 67 27395
85 190 18778
270 218 88904
29 251 99836
26 78 3908
228 213 4102
251 45 82488
231 264 9373
299 115 1179
81 276 74101
2 71 4239
179 160 19552
215 178 78847
227 100 24081
6 173 99813
31 117 20090
92 149 8267
7 73 24832
256 5 77437
158 40 10448
244 73 38838
97 200 58636
32 122 26163
220 221 13948
51 7 7604
273 71 91494
170 67 54162
99 149 21170
155 26 17840
247 40 59315
92 12 59891
38 38 92873
190 290 97363
280 18 93982
18 87 72037
233 226 56367
195 271 98106
135 48 32546
280 281 15584
121 81 72797
101 206 11631
227 11 37608
238 231 1743
208 175 55693
195 61 37061
11 211 94667
68 123 4150
19 91 52045
147 92 34756
99 99 31497
242 96 70971
285 153 6393
284 137 1788
47 5 91858
148 272 87648
100 233 63704
93 55 30403
256 230 42991
5 184 79918
82 148 73415
24 246 83601
287 115 92288
144 55 31750
185 100 63740
281 199 52888
169 238 16278
262 34 59195
163 70 71071
184 189 18809
269 157 25200
51 174 4877
183 50 42042
208 67 65311
101 189 18042
279 182 38562
245 138 78942
93 236 89831
96 197 25114
206 132 86467
159 113 97605
196 230 73812
136 285 64183
113 142 93459
31 239 88480
27 172 96379
65 212 93017
42 14 82245
92 42 65397
258 143 82448
277 107 73753
279 225 97226
133 18 58578
252 28 94355
268 108 17955
241 200 72631
47 293 1606
135 115 51468
263 201 35137
209 196 53011
232 78 93964
290 65 85406
296 168 77518
207 30 40465
22 83 76808
92 242 71164
278 101 6361
283 46 43059
253 70 73450
293 296 62085
67 253 24499
262 47 70982
139 267 84483
264 216 25577
223 29 40852
132 12 78250
134 5 29083
160 27 77387
196 149 47237
36 203 61744
43 99 82043
6 26 63054
208 220 87772
136 35 62540
280 194 81983
36 268 9862
11 230 13593
13 184 82998
128 23 46887
21 160 29028
20 265 8477
84 223 23395
243 71 75011
22 170 36784
183 117 64584
130 83 86863
158 247 19949
65 146 62892
183 54 81967
29 198 59748
68 109 66637
293 25 36502
225 160 66844
52 44 58422
245 28 90607
140 133 86255
193 49 65718
171 237 78043
141 107 69823
24 123 98243
177 223 99309
204 84 94988
56 25 83809
114 257 66886
215 164 49894
161 271 32559
101 51 52319
251 119 77628
283 111 63847
34 70 41521
254 72 38661
281 18 12333
182 232 3748
43 113 54106
46 6 91481
62 65 46621
144 255 56499
206 87 32584
99 289 37949
96 104 1620
4 249 92113
253 191 34022
285 96 98261
218 271 82348
288 280 16710
180 288 89088
211 6 38865
207 83 65815
282 233 93779
74 100 62968
15 289 10407
39 124 2231
268 299 43652
122 150 4205
198 254 71862
20 262 63175
154 104 93103
129 247 12327
203 29 51000
241 34 58308
268 204 11506
125 80 69406
275 209 4242
196 208 19830
159 56 59185
282 16 36297
53 140 25661
112 260 22787
244 116 44641
292 122 1937
26 268 48274
102 67 50633
266 23 33898
270 294 68935
299 184 14342
273 277 54743
31 265 7202
168 113 70180
78 15 41858
72 21 16980
282 116 4725
171 233 73976
251 290 53424
127 139 58498
109 125 75649
207 189 21953
123 3 54189
54 293 50581
53 67 81850
56 153 83647
127 69 40118
53 228 56590
