160 206 1
1 48 20870
154 108 51301
35 79 12524
120 79 40261
128 158 72592
38 43 55786
70 61 44715
94 113 80400
83 153 26172
148 1 43538
22 76 95029
70 56 46105
49 18 21465
155 84 1593
42 16 63822
158 52 93743
145 71 16927
128 129 88434
66 32 23417
7 76 60897
15 15 57903
17 50 6373
60 44 2198
79 46 5175
138 105 70381
146 43 81090
123 105 74775
142 97 6289
65 49 61270
13 85 55540
39 119 68859
102 118 81419
83 86 71383
37 29 98256
89 108 11814
95 36 57539
134 26 18559
46 36 90780
83 86 80759
62 128 90679
58 30 39171
33 37 75009
3 133 37086
75 144 78509
3 66 49256
141 71 1583
35 24 33613
118 119 93835
133 51 3247
81 151 712
24 159 50846
78 35 30591
56 68 52176
42 38 20134
18 49 25943
30 65 44593
54 123 83929
117 120 40536
14 143 65140
56 72 15145
49 115 21715
93 103 56318
51 92 48659
99 36 71042
122 22 80823
139 155 70746
113 149 68010
46 113 93633
150 115 38748
121 110 15165
108 54 99632
85 134 85338
155 75 28007
81 28 89407
123 151 99052
19 143 42461
64 155 5458
55 66 6251
94 56 88087
36 121 93074
25 94 5785
5 129 34642
132 146 23063
111 8 5959
120 101 60547
61 89 86691
112 94 63864
12 75 96677
154 134 77448
25 64 23111
23 16 69316
106 59 96758
77 132 43829
97 18 32918
78 159 13610
120 23 12040
101 159 94714
136 55 56552
132 147 91640
12 80 28430
6 74 36014
46 136 51246
116 150 99087
118 106 74113
4 24 53284
74 114 29676
23 96 26112
145 110 71120
77 138 16438
148 136 21504
157 130 66238
126 125 7153
48 122 37044
42 102 64895
134 5 69267
1 84 77705
138 153 40952
16 31 82460
24 35 90010
6 64 88111
67 42 76452
61 137 37051
76 71 61505
158 67 30699
42 76 33965
145 104 46206
90 155 37316
143 23 86742
13 159 65980
132 132 60372
24 30 37712
22 60 55140
107 81 89877
4 4 80745
42 73 58850
88 147 77849
157 18 1524
140 140 46753
72 47 59517
52 156 88715
54 121 34035
71 74 15053
122 121 78201
113 132 21793
81 142 43035
151 68 86136
32 109 9639
10 12 67525
113 154 37323
79 131 98959
137 7 32358
21 34 21917
65 115 68536
132 46 38704
16 39 52089
144 113 3813
104 17 19340
47 69 47146
15 87 12094
26 131 45980
129 2 66221
95 84 76567
81 12 42872
97 36 68425
9 37 94353
155 18 55636
88 99 63738
8 51 90664
96 10 8931
29 71 44302
59 120 21932
100 47 24183
123 93 72249
60 94 74874
84 69 777
59 11 7538
37 101 59400
145 156 40207
62 120 36709
124 128 49545
138 80 51788
95 45 61526
144 135 77759
104 99 30657
6 32 7988
64 125 65070
148 72 14551
105 14 99956
53 79 15173
154 156 78054
52 118 82520
112 18 74162
149 118 10838
90 101 90722
59 32 43606
78 106 52951
154 69 2630
39 116 21359
129 115 1652
56 50 1134
153 111 95724
31 55 14377
67 145 68196
5 136 94311
98 18 75243
5 68 63037
