347 1418 1
133 284 5832
152 135 58151
221 322 76150
295 67 11468
57 64 48576
40 268 83829
133 157 96901
178 326 41426
26 55 45870
126 55 15879
247 208 64449
284 237 40906
45 121 68942
196 268 56588
235 237 92608
115 229 28311
178 89 20480
12 142 8709
45 327 76281
128 35 72419
5 346 18420
195 259 73475
105 153 71127
122 337 29890
50 281 52089
34 96 26463
173 144 13765
236 341 90598
168 273 64949
226 299 75844
43 143 70504
224 78 49664
121 167 39861
119 85 54825
255 4 24971
130 203 25040
232 267 30735
92 226 733
75 263 89211
34 2 83742
39 3 42181
115 202 84014
272 44 31838
73 273 61917
130 235 62519
194 324 97649
173 20 18872
331 104 25530
131 209 61809
88 91 24071
69 25 63928
4 77 80416
50 79 47142
138 327 45490
289 303 72885
301 296 90990
279 208 72872
132 153 22593
157 39 52047
255 282 43287
24 329 57867
202 93 57283
284 169 67071
247 60 75561
154 92 8491
42 241 77193
230 317 9666
283 206 4690
138 6 81841
287 259 6527
289 189 9684
175 50 67773
233 27 51454
99 45 94332
114 206 65080
338 71 48992
62 193 51422
346 6 10340
177 19 67012
198 84 14127
115 15 54340
106 195 46744
64 184 6709
195 72 60977
166 99 98075
160 191 32936
145 195 91631
300 225 57829
271 273 23078
98 138 97736
323 222 78364
289 134 90846
124 297 23343
223 345 41673
26 244 14326
341 188 3859
226 53 73295
177 58 60741
232 268 9552
217 233 60458
187 116 95005
312 89 18816
191 213 83522
243 152 84079
273 164 45090
320 127 32841
83 45 17163
332 256 50330
287 340 9651
93 138 46647
230 85 13869
28 255 93018
169 273 25303
138 263 10298
169 237 47336
160 198 27399
184 134 43972
101 192 49946
34 311 38918
151 261 73064
282 164 20535
304 237 51927
28 125 57218
114 84 18452
125 11 82310
346 329 71143
240 121 99753
181 83 89779
201 265 30582
2 237 66747
25 138 93471
77 98 38437
55 247 51800
66 97 52927
160 180 65948
85 270 74569
252 176 80718
164 224 85364
278 183 26801
106 204 65496
133 280 59529
142 150 70040
289 124 10864
301 84 30918
233 156 36878
96 246 11151
232 126 55261
190 224 1354
214 273 78039
75 90 84908
105 187 74090
321 164 74880
195 15 57103
14 177 5811
308 328 82829
82 213 55077
167 227 84911
135 28 42152
196 94 45242
125 139 5675
1 42 6732
287 12 4882
91 83 91514
129 196 24260
144 156 3465
104 287 77091
315 229 47054
274 79 95862
109 337 74631
16 187 35985
290 52 32060
208 97 52678
50 88 57105
260 165 74894
132 79 74450
201 209 71606
265 281 90957
161 309 99102
335 118 56874
181 44 78881
276 59 9107
249 115 45554
156 273 32028
239 195 68649
112 113 38556
318 297 28927
204 125 95992
136 339 36245
82 192 67650
221 76 30956
57 125 64052
96 277 70561
216 89 336
293 231 73728
243 202 30205
72 259 45226
180 275 12634
164 31 43294
245 3 92998
6 122 79255
300 343 66426
323 163 36410
347 220 75603
289 19 59583
32 269 7117
151 288 8342
297 325 98640
219 166 74543
79 201 68543
299 320 63961
247 344 47918
262 336 3669
227 314 57819
95 123 56876
159 121 66609
27 193 85024
199 258 41330
259 62 93881
35 18 10775
38 174 53228
281 61 70602
136 264 51716
51 14 22205
312 25 10723
318 147 98894
222 321 21813
275 340 81607
286 172 3327
47 105 99756
139 175 55958
41 218 65444
267 128 76891
22 218 23621
12 81 32142
124 152 68880
337 174 32144
196 24 14905
267 70 71004
232 100 7544
208 22 40284
290 219 36419
51 205 12050
126 346 8112
222 45 67946
177 150 81152
292 73 24713
35 336 86081
300 335 25961
147 38 78269
40 226 31143
56 172 88378
204 67 25830
314 118 21265
185 231 66356
331 98 60403
92 140 72315
178 197 82319
272 244 65910
233 113 40977
332 102 84638
3 226 34486
336 264 39917
289 346 74879
216 4 68907
195 22 52855
175 65 42567
185 331 6440
184 222 81661
255 172 52369
267 304 62272
59 293 58235
84 170 86898
213 303 29344
186 241 53213
104 163 1202
289 26 88388
299 201 30058
314 204 96464
95 177 62623
305 217 34762
180 29 28376
22 221 11939
26 7 83313
185 306 9506
15 342 54585
21 26 95165
26 209 86891
153 127 5238
184 338 99413
327 127 53836
40 220 12064
172 116 47966
279 230 44691
209 151 81080
253 115 90732
247 155 17388
229 228 87592
25 87 33835
8 200 72468
174 53 7209
265 245 54503
22 63 35343
109 149 16806
93 325 60495
182 12 4934
252 347 71110
298 124 3904
244 11 20277
37 102 25975
341 46 37038
256 170 80164
299 284 15813
166 184 39836
113 181 32196
21 287 15541
135 7 15115
236 270 38733
176 157 25088
268 119 99174
310 284 8438
33 341 30246
66 290 42889
268 8 68663
143 63 36983
282 165 46544
290 179 504
16 127 67494
272 114 42696
219 217 52895
43 2 73074
202 184 4602
193 38 61537
319 290 64513
341 13 62191
312 6 81397
178 288 4375
206 223 81650
93 169 93085
162 49 40207
69 139 69528
8 206 96293
331 176 84188
130 224 1429
272 201 25109
196 54 5819
138 129 53738
171 198 31872
70 292 88923
15 288 49657
169 32 37548
154 126 96378
294 44 57166
125 197 2134
40 17 43877
138 254 69460
159 293 20614
338 87 5610
75 76 23632
22 186 84680
160 82 64629
101 97 35944
309 11 92550
211 309 94618
137 96 43828
130 42 52097
112 116 65127
129 259 99694
80 294 96842
106 45 6735
112 191 29378
168 5 58091
131 165 61039
109 237 80045
19 108 41097
248 188 28122
251 60 87920
39 218 98098
46 211 14628
170 116 31414
195 320 42723
171 73 74733
327 242 11549
74 205 66596
4 239 47155
125 193 2602
250 49 45315
282 122 81245
292 149 16356
253 268 4373
32 61 59203
176 60 2822
195 122 36105
182 149 60376
34 178 71177
302 197 27592
221 206 92745
131 29 73628
176 326 5217
44 328 3527
208 313 78726
90 321 71742
133 80 71467
60 139 48693
115 175 27729
162 326 61624
127 77 29276
134 244 88214
312 156 9479
173 136 53831
125 179 69678
282 49 78269
208 185 97784
198 66 68130
275 114 3769
296 9 49329
299 17 97764
190 143 73639
276 326 64202
345 297 28952
65 151 88359
232 284 27994
340 238 72895
289 328 90075
89 251 4610
54 194 53823
242 197 13827
314 3 90570
153 246 31578
134 197 6139
226 141 88491
164 325 16480
207 32 54045
184 312 47480
85 187 58265
276 218 1550
330 50 1395
238 209 99246
38 45 74939
149 319 30403
78 147 8054
347 142 74142
214 277 73483
295 116 17098
168 270 77044
146 213 89701
40 120 3321
174 93 12793
154 342 11573
239 261 98983
166 108 88166
118 160 32227
252 15 97047
277 246 23863
305 146 41273
245 49 79611
330 6 15524
159 341 32033
147 25 58490
147 343 15336
95 91 91611
269 112 37787
38 227 46045
80 253 82774
49 85 93457
49 90 29512
158 185 15783
69 69 15050
249 324 8920
213 135 49730
2 12 72638
69 142 78694
239 16 6858
66 66 53821
331 239 80958
342 96 57849
222 48 70215
284 226 17715
148 347 22543
142 39 22057
67 44 13795
64 153 93616
64 243 16429
235 345 73614
288 87 20133
258 235 59443
214 147 99900
34 35 72448
318 153 90569
193 23 17912
40 125 29581
298 16 26055
291 205 62807
223 158 60803
250 54 87725
274 245 43403
135 41 30995
343 220 47244
118 93 50106
309 126 32940
135 319 42309
196 332 22063
84 19 95546
270 169 54957
334 234 81836
308 31 12953
327 55 42062
7 294 42544
129 173 25311
11 26 13830
23 178 40174
15 215 50638
333 176 82483
107 127 14971
72 317 8061
11 302 7605
102 269 67894
183 147 39665
13 215 91000
29 146 81723
4 343 28474
65 317 26156
295 226 76308
98 242 244
172 232 13948
328 251 74993
242 31 20894
30 248 89861
319 55 78640
222 112 92984
33 90 33355
126 103 70096
252 113 82604
219 191 85533
56 228 35125
146 179 16892
33 148 6474
58 73 81030
300 130 41207
5 130 72033
106 165 95073
132 24 51070
328 144 74523
249 329 68677
320 54 84597
183 245 89672
125 59 9634
35 339 41386
245 266 8586
208 63 62565
75 20 91875
130 139 96190
141 23 63136
42 240 77099
212 299 22197
63 272 53636
75 5 33470
28 115 54666
248 154 33348
274 342 73826
200 71 57636
116 141 10877
21 77 85914
209 299 54902
226 120 35054
124 229 30367
142 167 29569
284 81 74393
37 261 1001
268 188 95949
231 329 23316
321 73 38573
9 134 99068
65 329 44958
98 250 91919
20 257 11377
146 323 86947
167 114 7840
97 347 80785
142 304 8667
190 90 48879
18 110 3408
229 205 27142
108 194 23839
123 168 60614
118 240 27010
98 315 7908
14 211 61041
165 292 11870
185 215 17616
238 158 21725
334 290 34292
217 87 62164
169 91 81356
239 79 30078
292 285 94820
163 218 30451
245 54 40154
43 287 94218
111 156 6805
96 209 2114
81 136 61926
332 184 90627
279 215 9085
121 14 94279
290 61 71555
205 70 61090
7 48 21712
202 225 72902
93 2 92991
267 116 8825
110 24 83407
271 226 32450
262 294 99815
246 152 90142
105 295 72257
108 27 1004
206 258 32298
131 321 2511
25 239 48120
122 78 86023
142 101 35994
174 181 11832
294 169 22201
320 327 78764
190 291 86664
116 210 28107
253 95 22560
259 97 42317
110 260 68851
167 290 53265
119 196 46957
25 324 23029
152 333 26807
242 73 13459
176 256 29533
136 241 9472
173 131 40525
188 111 68168
295 190 94642
293 186 32442
123 240 73954
16 180 81520
35 129 47996
202 44 64794
107 330 41421
197 228 33947
82 289 70406
163 268 23016
281 75 47115
192 9 335
15 165 51365
214 135 77950
127 277 98979
187 154 38663
226 325 81566
2 265 81169
142 96 917
90 22 39167
29 169 48642
96 18 4169
203 311 12873
298 147 6491
187 207 75481
64 312 47460
335 232 90591
273 50 45541
243 340 73943
51 330 66857
283 42 6569
34 80 48273
111 228 45942
314 182 53224
236 118 23932
217 315 71168
227 141 88133
255 128 45465
188 333 78711
197 83 60769
26 140 31037
8 219 99727
338 342 96172
77 194 97037
218 112 88244
124 198 35204
147 317 23807
129 339 2776
86 32 65688
168 86 5785
271 136 77875
221 210 3971
280 139 50282
201 135 79589
217 313 21590
110 106 63613
112 339 9373
78 24 38221
294 276 27111
137 20 11934
232 261 25885
171 11 26427
215 314 20123
251 278 98423
332 226 39000
82 331 12406
68 209 121
50 284 27463
264 338 39259
63 164 26134
195 323 92273
324 121 26116
237 218 63263
20 156 55034
291 331 80547
248 287 35115
255 156 42603
50 257 9082
1 200 17827
237 338 47846
173 77 13308
25 59 73164
73 336 66668
317 188 6842
133 124 41509
79 187 85101
327 297 48773
205 41 71988
3 339 55458
325 164 13085
255 255 84267
134 96 53925
195 306 95406
177 307 22888
308 89 61019
201 110 53847
215 212 14717
121 347 49924
113 137 18196
82 164 89196
188 77 92914
216 288 12003
72 155 69955
111 218 81033
145 45 74889
341 218 48656
101 213 99478
153 45 60749
162 235 25221
14 51 44491
116 288 86596
325 306 37298
249 162 88055
114 162 69753
147 254 77239
116 253 25145
58 322 93293
228 289 31975
257 12 28672
137 117 38632
282 225 67674
231 254 73179
132 144 26259
3 317 41271
344 225 7378
119 198 6925
241 202 36968
223 51 13340
1 181 12757
290 235 68930
257 255 37170
197 341 30988
335 132 15552
244 153 86109
201 139 99092
246 263 31649
344 39 98993
227 166 60643
216 252 60449
68 22 60914
112 60 18064
132 328 62825
283 195 77391
248 237 51790
20 36 15901
7 301 49696
157 102 16279
100 164 11915
207 269 84287
137 247 12923
94 29 33938
340 231 86264
247 107 52156
118 71 52640
212 176 67
300 147 20233
299 199 47869
192 343 97782
333 162 34659
262 102 78408
242 207 80629
92 222 77230
171 335 21501
311 258 12787
262 38 28361
60 264 22924
51 79 48216
212 189 87541
40 78 51104
77 57 81173
258 23 24014
87 13 4315
310 155 60390
326 177 3581
161 126 65445
333 93 8192
253 211 72754
12 320 96072
319 344 66074
104 325 79860
333 31 26282
111 218 89918
206 108 11430
240 257 87595
25 230 87693
298 5 46968
104 283 21461
217 321 13041
84 257 26592
107 340 12124
321 63 88407
175 8 32425
161 113 52940
143 175 73082
243 160 35746
32 48 16755
322 44 38511
188 19 52276
258 163 67483
33 31 60335
195 247 54627
214 336 87444
75 34 83366
158 290 75421
310 90 28480
78 294 5330
62 313 10758
334 32 98797
263 302 65047
176 214 81574
203 298 7342
30 200 22768
150 101 27606
34 347 7455
101 302 33649
120 262 32379
296 259 73890
53 25 77051
314 158 78608
303 16 17033
83 321 31188
190 287 76141
186 332 41890
306 254 67869
39 157 88555
15 91 16544
226 106 11231
98 226 48334
150 87 16892
233 289 55783
4 139 34124
153 339 40298
88 246 7895
310 312 46378
296 79 51023
25 279 85985
247 255 42883
261 48 57900
185 277 36570
248 197 79547
282 154 61023
149 92 85467
324 255 77626
70 105 43496
182 43 32099
340 55 45929
14 256 17154
291 142 97893
37 170 54168
226 285 98551
340 339 89018
265 261 75975
112 338 28485
274 187 19240
187 79 89248
153 63 60406
251 212 66752
155 332 68745
206 331 29079
283 287 633
310 343 906
88 135 96912
206 322 75998
165 299 15896
33 239 58688
310 241 61158
249 119 66819
16 52 76547
135 233 91297
284 65 21092
302 340 47760
297 346 90675
345 303 59533
91 12 64503
149 167 31878
71 186 16794
8 194 29484
217 61 11598
188 231 22815
6 67 56594
303 235 43933
34 313 5933
236 285 49659
161 202 36042
211 169 43336
255 78 66301
218 58 12039
223 245 39916
52 84 80801
342 325 98928
346 67 26343
147 272 45811
115 218 27806
49 316 20168
14 12 52547
193 14 92051
161 78 73834
298 297 52471
178 121 45094
301 299 12871
71 223 12207
164 216 178
327 319 65146
102 85 1300
248 14 64024
26 153 53430
291 264 14071
113 307 10215
8 123 2490
256 258 37472
114 322 5723
74 39 79582
237 178 50160
312 83 57120
239 67 84082
54 209 26463
45 69 82284
111 128 37944
109 234 30312
281 150 68739
40 312 22174
156 290 21974
166 8 46755
91 241 21400
329 65 73592
13 288 75497
109 294 86812
82 235 5796
177 95 22321
325 100 59060
331 68 74776
297 184 66597
249 155 61281
303 312 90407
16 90 29510
170 302 65892
51 171 90417
171 38 45225
212 302 98328
172 50 53009
151 291 69490
113 84 83973
58 26 23779
108 320 24098
214 227 35420
103 327 68220
190 124 48450
61 70 65033
315 132 22085
19 3 29949
135 306 52090
276 321 39361
344 90 40017
172 53 97809
241 298 86630
25 96 12712
237 251 71737
241 136 92709
328 260 99045
193 290 10232
315 334 50370
214 100 27467
60 303 52723
211 79 99831
222 341 64090
105 279 12430
123 266 37500
67 172 26336
283 270 34682
39 18 50794
82 50 91158
140 101 31661
290 323 79108
90 235 70961
20 130 80213
187 315 55481
104 126 57801
65 52 22589
188 224 75511
324 87 58027
48 224 62317
204 95 2123
246 167 66921
318 123 32105
238 279 68911
117 297 20010
134 323 75000
286 283 26349
296 318 29910
30 266 63523
29 98 36616
311 256 5822
257 202 85517
247 87 51941
15 118 8076
289 344 52446
96 16 19538
175 74 14494
191 164 87124
289 127 86349
197 281 93296
20 173 7981
261 234 58123
225 204 29171
101 334 23608
1 325 29083
209 258 26769
329 222 32005
342 299 77211
146 53 33650
270 154 49896
68 226 77010
304 235 19015
156 265 31546
263 130 13552
322 317 60293
137 329 91210
167 108 27879
261 221 82203
64 225 15542
159 252 31742
34 96 43132
74 260 13175
127 252 75308
186 239 8229
34 287 88206
261 65 84642
6 269 62742
18 307 20827
94 180 47831
71 269 37376
228 230 71700
69 16 94911
97 235 43347
293 135 32058
37 182 46123
347 340 88318
202 345 77876
121 299 75899
293 127 82720
67 298 56819
115 168 61958
282 310 75851
111 57 42693
186 344 36431
195 238 11746
199 269 90773
200 272 44617
231 158 96624
122 153 98073
318 29 7298
198 345 88773
33 246 12135
134 58 16804
250 275 89325
335 161 29060
275 132 69858
128 205 87208
74 68 17375
190 329 82306
276 183 73206
275 335 68801
16 339 60122
68 190 99106
234 93 43747
262 285 23489
228 121 45336
34 31 61332
106 29 98631
67 148 44970
63 268 68823
175 167 42815
60 337 8630
232 184 52256
308 261 96150
127 233 50389
263 41 99184
40 263 50346
71 7 80865
213 145 7161
161 105 78731
14 251 94373
215 85 36437
236 75 69735
311 206 17436
255 8 34976
233 181 60682
237 31 88626
334 153 8535
147 37 67180
79 133 13752
229 250 87503
101 209 30018
66 49 94817
225 132 91770
323 43 1889
226 83 49371
184 183 95385
35 324 27589
112 220 3103
275 141 67494
62 57 7073
77 340 91761
155 342 90264
57 15 56797
215 255 75199
240 81 17246
174 4 13665
320 145 68771
193 338 52161
218 51 82429
83 91 27093
154 12 42845
301 346 95842
120 337 7549
20 222 6982
161 307 86606
29 209 60692
121 208 90307
253 190 45958
219 57 74077
293 237 27088
192 312 48107
34 39 64597
230 114 82462
301 155 54530
55 155 75891
130 17 6417
330 315 17576
286 230 7210
181 118 59370
205 159 18059
151 330 59023
323 280 48384
38 187 31662
170 175 1321
218 330 36506
191 168 97022
329 164 52452
151 228 16342
107 188 2549
309 72 46935
9 65 88642
25 141 2828
123 4 41517
211 305 20817
165 23 74567
176 256 16895
102 263 28744
183 154 4486
102 304 26791
237 100 98747
84 102 9546
241 341 78074
199 128 50219
300 126 14350
277 51 30238
95 215 15841
159 62 90393
71 70 43446
256 162 16601
139 305 58195
295 179 65126
282 166 29990
260 228 7391
64 238 73560
233 93 74023
143 313 84413
4 263 97829
254 29 12527
329 236 43262
297 276 58471
28 154 52713
304 308 10235
206 150 59678
130 274 26997
289 81 53258
54 247 6019
50 225 6256
76 61 18703
2 224 69689
78 231 86677
14 309 70109
159 199 44695
89 93 48830
105 297 35447
266 28 78307
15 335 83558
29 312 47691
73 318 16238
106 247 65555
134 229 45670
270 42 71810
300 9 74280
215 42 10483
9 60 29855
282 7 19341
176 14 737
223 165 37101
191 276 2712
75 187 5481
94 252 77068
316 160 81618
73 221 30189
142 27 26852
85 22 31828
132 134 19823
19 275 63930
15 179 74513
44 285 57337
244 234 88050
142 125 69256
94 287 8342
228 216 42971
113 242 95820
128 4 23198
312 103 96750
264 232 74571
234 53 52996
245 129 87121
15 91 3541
178 121 5948
89 303 57263
139 111 5637
191 186 47908
178 316 82959
190 63 17381
270 255 89072
242 119 66363
50 110 23447
71 126 40065
275 320 37837
55 140 38203
142 268 65141
68 253 16980
175 62 18920
269 244 4775
115 170 24030
194 275 83904
124 44 10473
262 151 71628
4 28 62309
311 346 40170
308 95 25398
324 14 62530
15 282 51327
269 317 48140
162 163 6530
12 118 39585
335 179 18265
183 215 76315
47 93 79654
4 23 19664
48 226 6716
313 198 69794
14 150 17748
244 119 42672
178 113 21035
139 214 75245
244 30 92394
264 71 11581
202 32 22937
79 208 72855
53 322 95636
95 332 8884
255 220 79269
221 46 83614
251 101 14143
27 285 13197
179 245 23345
325 263 60938
30 7 26942
242 166 94825
154 186 90809
234 18 2320
40 258 17856
290 224 5254
158 32 13234
256 28 43118
328 48 2868
152 98 41183
92 11 93356
158 189 10823
2 114 82970
249 194 52276
177 113 89624
158 232 80151
107 315 81672
89 54 9146
217 208 61639
5 304 59855
274 161 524
270 9 78400
164 189 7590
270 123 79390
31 76 90237
97 236 96686
126 297 81865
187 275 50719
161 177 99117
12 128 23917
65 173 93405
72 95 61377
242 315 75960
129 247 97182
309 118 7983
345 59 5532
290 210 3720
158 3 47445
223 229 33017
31 200 4114
322 312 15171
335 207 59044
333 260 80086
153 122 40656
20 172 5368
306 10 65858
46 302 12020
37 28 35005
45 42 56895
37 218 14867
81 187 45020
190 110 74474
287 133 40814
227 149 17067
110 145 53671
342 173 55435
347 268 22031
324 334 69283
72 347 44839
21 16 42736
283 37 74426
107 278 37581
219 319 7016
283 228 206
86 8 51424
196 200 62193
249 190 39593
52 52 61535
280 128 76401
291 329 6172
46 40 49557
173 216 64068
43 120 10778
76 257 79828
237 197 66373
257 329 50880
55 217 67746
347 152 77277
138 314 11410
164 19 99780
48 217 62638
99 143 52358
136 65 87606
106 217 25046
102 200 35356
335 311 25270
61 76 8638
254 121 39386
130 27 51912
106 102 5546
184 11 55459
119 162 30123
267 197 28072
259 227 96084
247 285 8105
145 339 90479
333 300 53143
254 252 7973
246 74 71500
53 339 8787
223 5 18185
28 18 70009
246 111 5992
44 165 6962
104 15 2983
76 225 45923
150 179 28568
80 307 29585
134 239 48833
