856 154 1
461 99 99528
691 611 53725
702 290 20936
336 163 99584
638 598 16336
74 251 28115
675 487 84246
804 619 16353
786 711 8696
610 507 39259
448 266 57570
848 602 85524
794 808 60648
39 72 15376
337 529 36995
771 748 42104
177 135 34103
70 307 86883
24 356 79764
652 108 94658
851 545 42017
763 674 31476
473 33 80979
699 463 21759
462 650 94099
70 463 93779
608 390 28870
2 623 27206
837 229 75269
799 624 29757
465 390 82851
831 120 78628
539 523 66207
409 230 77316
242 137 33712
607 727 41092
808 455 30823
556 342 78116
284 625 8818
416 605 15671
143 261 51712
88 449 11680
807 45 74708
517 842 72065
167 780 44071
286 259 53120
34 57 39203
195 516 80736
798 626 56313
587 836 16766
196 160 8437
206 624 87568
829 256 70729
105 513 97119
25 292 61580
47 364 11692
668 472 96958
100 357 17374
77 443 69922
581 605 49480
652 351 45164
108 444 32626
124 104 99789
802 760 9565
45 569 43661
633 10 13922
358 641 30688
848 346 5361
171 403 60119
213 563 68738
434 556 51247
468 435 47334
792 430 12923
761 809 89192
639 484 96594
57 601 24410
638 68 9820
802 416 18282
31 590 87028
559 813 25419
263 396 68897
355 417 81888
139 106 35262
286 428 30539
598 672 91018
817 232 52136
762 144 58561
625 844 65861
209 2 4960
806 526 22484
805 234 99518
856 246 58669
586 413 74091
663 445 16385
91 246 85728
113 63 22014
244 840 31506
778 83 85091
151 590 68394
268 258 68048
271 134 49577
682 167 45392
381 421 60924
293 715 83965
617 311 66210
599 779 65244
422 261 8185
19 300 96983
332 387 16181
154 33 47079
771 15 68647
365 503 71132
69 324 85060
238 449 86267
704 753 61232
817 2 37492
779 175 84417
701 103 93696
179 529 15291
336 137 54020
234 575 28811
455 709 95936
432 729 50058
76 516 42128
451 661 12328
361 853 874
128 222 39992
126 30 75442
847 574 53245
196 697 82712
807 347 41334
256 371 91888
202 332 55341
260 303 8309
96 135 63350
355 700 4466
379 264 69981
292 789 98365
426 130 16479
177 763 14210
341 342 3317
754 181 41155
777 581 79763
247 42 96366
56 34 4058
345 562 71178
31 527 77153
488 192 52591
557 349 34878
705 353 80886
59 531 89600
357 223 52119
317 572 19510
621 546 79245
