389 1188 1
334 51 16949
69 88 65466
202 120 59436
92 56 37433
39 18 85855
259 48 59035
185 317 88451
35 256 46323
356 379 41528
363 28 39206
125 96 87151
231 351 5589
266 46 65719
127 186 94990
81 39 52955
8 389 24032
118 381 856
220 243 91658
222 238 44551
334 299 78957
320 309 57007
256 158 11000
131 389 53120
142 2 87833
297 25 48610
192 239 91809
201 386 90645
336 145 70598
109 171 49717
80 38 71205
217 23 12843
171 333 94000
9 28 4916
36 344 15038
198 107 52176
234 184 26737
65 274 34907
205 153 61505
85 155 54670
281 145 28005
135 193 2198
123 366 91027
103 85 62645
167 201 61987
164 15 9247
1 35 32303
370 212 81016
327 244 63013
268 269 30613
252 257 25566
233 244 25599
258 259 51691
131 244 43080
239 71 79683
200 314 93419
367 370 34702
235 170 13805
325 388 14065
139 150 4033
192 254 10316
306 165 19613
253 87 41472
142 141 60525
54 150 35638
298 248 65967
171 314 98246
122 103 13689
133 364 30388
160 386 47569
230 106 80592
111 335 97786
312 97 16415
141 263 64624
67 380 90624
321 303 26289
328 335 99692
389 294 49654
113 144 58023
10 156 8719
124 252 92384
382 360 45859
286 257 47150
383 147 75903
2 328 29495
146 94 58255
156 313 23366
137 101 38736
291 324 42120
79 181 81600
235 375 69475
363 164 24033
114 191 98797
303 260 36001
79 310 20515
15 330 37171
285 3 12822
297 385 19812
214 92 12156
143 116 60332
75 179 80234
268 30 38750
81 34 97452
295 191 63811
320 379 66416
52 325 61613
329 387 33860
34 104 85322
101 13 83505
218 105 76281
333 204 41042
288 62 35599
282 51 36550
209 284 13734
119 214 32129
42 142 85073
83 125 18639
213 87 66157
248 336 48705
62 266 91064
273 62 18348
3 13 24424
122 32 29860
190 157 20994
68 201 34387
356 128 20846
384 125 89343
220 52 78120
59 334 75984
84 290 26912
230 132 17810
373 63 66989
137 209 8069
49 9 50058
144 223 42664
218 106 43948
230 47 14338
248 1 40502
347 345 81271
57 247 24656
299 343 27819
256 386 13649
126 2 80867
218 338 90056
15 389 93517
182 50 73052
318 325 48724
13 128 56578
353 334 59754
356 202 28545
372 302 27556
154 58 88151
17 101 81534
39 44 51233
68 160 22359
25 289 83224
375 34 16916
68 367 64307
189 214 61781
184 264 43278
159 131 79722
318 202 79024
135 239 58267
160 41 84309
265 322 95275
277 220 44599
246 31 41167
66 86 53901
162 40 61945
50 331 46950
143 61 29222
341 203 87396
330 129 29317
174 183 19941
215 66 44780
87 251 68679
308 163 97695
83 144 79070
273 259 80367
360 73 82815
385 38 67366
2 284 29765
95 122 26545
232 242 26660
272 379 89885
153 201 71004
213 231 65636
245 10 411
130 297 38839
266 315 93973
260 271 29058
263 204 59255
23 229 62366
349 196 30761
313 144 68771
12 330 28937
42 329 26085
192 298 41590
325 343 823
138 214 52358
79 89 92908
254 382 20263
260 125 38400
342 26 31981
84 127 7808
5 385 36857
11 5 53995
277 3 81035
122 159 44376
322 161 35283
277 165 6449
281 240 28602
333 264 11304
82 379 89243
284 317 80814
317 56 48849
340 120 9701
221 65 9086
307 24 23487
308 289 25286
7 12 63319
368 329 85933
211 201 8396
309 124 67273
178 27 36309
242 325 6538
376 237 52195
275 279 32670
184 99 4768
255 171 14340
284 337 79493
196 24 78579
114 82 4943
59 75 56890
167 376 94901
232 135 28215
355 283 51532
177 78 37048
53 353 94214
361 272 5088
8 191 29020
62 63 578
120 151 27729
318 61 86333
96 266 75083
165 162 68489
13 167 71301
112 254 32402
361 125 55886
139 86 33429
220 75 58351
256 25 53717
172 315 98152
242 255 11704
232 284 26618
232 170 58960
136 44 80637
176 148 94037
253 215 17967
123 26 41605
147 336 50777
276 281 7298
95 14 827
69 382 80670
113 313 70595
53 55 25860
319 82 79804
283 94 85455
285 152 88507
336 83 61280
172 381 32479
193 260 9425
9 14 83070
68 17 26512
130 263 61813
354 1 44214
291 55 39818
80 63 88322
383 18 38543
47 360 36910
159 120 89319
173 311 61589
252 162 24702
64 48 99264
316 47 18833
56 110 31027
77 62 35252
258 72 61598
44 196 7368
160 66 14429
174 275 72837
315 275 24226
286 241 95495
217 237 64785
369 71 85559
205 252 59584
381 360 74417
14 173 41387
278 131 37902
163 39 51051
37 109 82716
133 22 66819
304 247 53415
219 260 37520
104 27 72800
111 22 97448
39 338 17941
97 27 97199
371 306 77676
146 60 28626
261 54 4717
274 186 79338
29 18 75482
304 137 70600
306 267 82687
268 13 65541
293 51 20612
330 116 73030
35 350 19840
162 356 22318
72 152 84267
254 113 12766
76 66 68505
243 238 20052
30 321 97809
159 375 66698
289 140 91660
91 266 57688
69 202 72265
254 214 63997
311 26 67188
88 307 95551
109 6 38327
66 263 58485
180 289 42083
328 355 27219
258 13 94427
77 370 7761
366 97 78619
349 283 79692
46 240 9842
321 206 99551
18 269 65222
311 307 29365
41 52 21680
19 173 31823
101 308 8742
221 113 74151
221 236 94716
144 330 95406
110 80 72537
336 122 11479
188 330 61685
313 341 14901
268 59 75474
230 222 6787
240 264 45471
146 70 13481
34 279 72900
110 93 35010
98 155 965
336 117 58270
110 126 13470
67 20 93811
77 18 54289
387 352 30519
112 174 59998
341 289 24525
299 157 38428
284 211 51011
46 81 60184
13 28 78709
77 313 38995
48 66 68982
177 119 72106
221 40 30428
326 127 64121
189 326 73730
4 321 21644
137 369 4037
53 9 17920
83 303 74747
174 282 4570
218 339 44150
1 255 9822
325 255 50183
118 122 37287
238 126 7928
292 116 30365
76 153 1099
73 237 81953
380 71 20200
186 340 54523
276 282 96373
94 253 97175
279 157 61190
106 178 48199
172 49 44764
16 197 17954
106 136 96373
4 119 8439
357 319 89935
314 335 14945
40 6 23938
52 8 76212
327 332 81180
227 335 46620
267 294 12373
85 236 26532
89 172 7790
67 57 81987
2 205 79574
145 76 8031
367 72 20807
115 210 93368
182 12 85041
215 365 21846
367 140 37654
310 44 37725
72 164 24330
227 95 27819
8 288 51899
99 44 67982
74 49 77141
375 300 5983
341 52 68010
352 361 21092
187 329 83073
102 294 95831
31 22 78940
357 320 35624
70 7 79744
41 329 54120
19 139 37568
354 1 27003
328 90 7359
256 199 71257
157 259 25495
22 208 18611
108 283 57266
268 277 81438
43 260 97064
79 169 79552
279 267 16691
128 271 26933
260 164 49419
357 115 36982
203 141 93663
234 158 44574
108 253 70749
134 178 87034
187 333 9760
216 315 22939
385 236 25873
142 157 71392
361 183 68418
364 184 94656
149 279 82498
375 115 24111
13 139 77803
155 234 35189
264 310 46431
271 136 36620
362 11 15693
223 14 95149
111 364 38466
314 244 32668
248 360 7615
310 114 30180
132 33 93257
132 14 63667
30 353 16387
101 75 67602
267 222 80038
328 157 14766
151 239 8358
155 107 74010
263 353 44054
383 88 22537
173 29 11675
57 233 89676
262 296 98554
15 339 32050
33 203 58642
122 82 55853
11 65 98979
359 67 78805
111 248 44528
105 226 45987
135 18 20090
155 297 38906
86 37 12068
374 107 29994
9 132 92388
276 338 70737
231 381 22214
136 63 88868
319 130 19805
35 218 43500
117 126 90668
270 323 74434
211 194 29813
364 103 38232
59 261 39918
98 283 74064
282 230 70466
383 207 48984
325 258 12098
38 193 29583
43 170 11492
378 115 5664
320 91 15082
92 237 90855
233 146 68987
314 291 98338
164 35 61612
304 272 11875
96 216 85488
342 258 90411
3 244 44598
301 216 52541
333 30 62368
226 344 1359
183 148 74030
252 45 15094
5 1 11266
136 1 7508
67 142 20705
254 175 87749
389 326 15887
150 288 44943
100 109 10396
332 286 14243
47 170 1003
47 329 47061
63 287 6063
94 216 84549
208 299 69082
386 179 25096
6 207 67847
79 62 14835
127 93 41646
98 366 76950
89 105 66187
311 178 75610
371 292 42042
91 274 4164
228 147 47454
291 326 49209
153 213 11631
211 10 38474
166 8 43942
189 16 80329
52 302 24940
65 353 2120
129 202 73098
224 53 34075
324 196 99412
244 254 28150
114 131 68918
34 230 28202
5 203 94325
376 171 59341
34 295 87171
27 116 41263
8 157 39632
197 229 6632
174 300 87551
308 388 2871
96 241 34249
250 287 61333
295 369 60658
337 63 42779
37 117 7855
36 31 30687
327 293 91768
226 281 12993
253 389 36555
273 85 79835
356 250 72509
285 191 92347
265 253 12729
55 326 41417
109 218 4011
152 83 33101
388 231 17619
109 301 60285
202 329 74423
105 99 72325
153 389 48758
103 63 14368
324 358 16161
70 336 44866
136 115 40459
135 78 98383
317 126 60289
222 68 11585
357 188 36186
294 357 77083
292 90 64298
216 110 69361
227 182 13600
360 210 24912
372 275 58793
375 153 98408
275 251 63592
279 182 21833
169 243 82836
72 254 67229
124 283 19909
341 119 47356
367 39 53833
128 235 33516
234 205 19496
389 128 59431
338 266 24700
379 153 46568
139 269 20766
380 170 69903
329 59 83990
352 201 78753
221 143 77496
86 47 66146
375 201 53186
199 239 98860
184 302 48109
225 320 24403
86 76 66816
58 262 16192
139 119 83492
58 351 34153
131 179 4696
300 361 20305
86 354 2821
306 260 73
331 11 93976
286 295 79902
59 371 69536
307 232 10768
274 274 14448
379 34 94265
20 175 38513
321 322 32618
335 362 56771
36 342 53722
105 217 75014
199 34 73352
209 384 69064
151 347 41088
348 130 99323
322 102 76326
27 160 50289
271 7 54185
359 137 68252
78 214 58527
315 41 47903
334 287 79237
272 273 44572
187 172 17240
274 2 94099
358 22 62665
184 39 10557
73 311 86805
104 354 4511
136 321 73511
42 220 56138
198 289 22411
141 317 71316
308 13 61117
165 207 86039
250 320 2268
151 217 31918
259 34 21886
256 134 76218
111 111 41801
199 95 86368
39 60 53140
261 13 28310
259 386 11678
3 378 63578
291 13 6639
70 254 86346
223 32 45839
29 9 36258
349 304 65577
241 309 70284
39 18 19605
353 241 54355
279 206 10772
324 242 35928
257 59 11197
178 45 64893
8 246 30646
326 88 79452
211 168 7832
333 101 59491
137 361 74818
86 87 49694
330 387 72105
149 268 67135
61 210 56756
216 270 44728
330 336 9603
138 78 22323
68 38 84982
193 58 47048
46 305 2271
152 185 51931
108 147 99433
183 365 48306
321 268 62646
256 229 64021
334 264 43624
260 134 65004
131 223 13935
99 101 67612
24 15 10776
276 178 17416
99 381 84044
224 118 74492
114 117 29328
350 301 4289
246 320 28697
22 57 66429
114 281 63160
143 24 83655
336 297 92514
285 299 18610
177 333 98148
219 201 73082
166 65 73190
256 221 44456
212 389 76465
206 368 7083
275 289 1198
221 278 53021
261 256 87379
273 86 66301
110 183 11533
247 189 16154
364 3 16724
41 218 16182
69 329 6637
325 258 16666
166 13 89313
45 168 82730
166 37 87802
239 190 53914
330 41 51818
125 69 9891
99 107 91181
45 371 27372
243 65 23639
122 297 40651
252 36 69611
95 284 89975
160 119 60336
106 294 15484
215 76 33686
13 135 87370
248 7 8443
184 379 64619
370 25 93028
3 281 24180
292 10 16428
265 2 19734
380 312 33010
39 36 92574
250 381 32198
246 99 77083
4 9 28119
366 381 77353
275 158 33546
256 161 35552
311 217 26536
145 124 67818
215 11 99390
221 358 94918
337 269 42632
332 364 34398
213 241 96493
30 14 32629
6 62 75920
310 279 74802
7 291 96204
364 109 33752
13 209 67326
197 31 69047
51 186 25591
240 142 15886
375 28 15768
263 351 7304
320 329 89959
231 270 64621
342 226 71611
142 155 47693
286 140 72138
38 169 15263
370 292 88420
208 25 87229
139 5 36096
184 206 88670
82 100 29329
140 70 54174
152 143 72768
244 18 6001
90 254 58498
80 114 26347
61 304 79944
292 82 63076
180 190 4481
291 276 5286
106 51 63730
292 287 48147
293 324 30360
346 2 95318
236 368 72014
316 258 48713
280 72 50116
257 30 46332
77 355 46807
370 197 65396
296 308 86416
199 362 66904
308 12 69057
132 326 46769
18 103 12775
223 255 45977
274 166 84428
72 198 60048
353 216 79968
302 272 71050
6 184 60511
161 69 59301
58 356 98240
379 190 42645
15 115 61911
121 55 87821
296 116 55464
154 368 80747
80 202 92482
341 293 84722
329 165 8033
297 192 89906
163 51 23472
218 255 30811
236 183 63490
267 67 21331
158 115 51659
31 66 91475
251 118 83975
212 13 52566
235 374 21558
124 358 67723
363 381 77178
310 298 1242
371 147 74600
246 325 10883
134 155 53730
162 128 25634
187 372 24279
52 251 47477
229 87 45822
94 41 79310
345 48 32068
273 293 87207
74 142 97229
327 194 49527
246 280 57023
66 103 56882
275 149 95122
177 1 42581
124 247 89319
81 257 40004
303 176 58797
28 125 62541
363 168 20323
40 98 57799
60 105 93970
12 8 55987
62 375 71594
226 295 99697
378 366 26394
179 199 98531
351 231 71368
151 374 33584
87 25 77741
148 287 64855
17 66 8411
60 273 48187
307 163 19744
141 285 53190
36 33 41696
142 25 32375
32 346 39506
141 109 9923
47 137 72346
159 367 78708
265 118 58721
130 96 67867
116 299 41854
330 140 59274
282 317 81017
291 382 42145
281 281 3212
78 301 41840
135 343 83180
371 341 17861
155 124 30301
193 105 90095
359 202 18106
317 212 23457
315 343 7479
147 225 34926
57 181 43074
153 57 98003
251 284 51796
307 55 72026
226 326 93421
281 363 90618
133 181 29589
37 347 57368
326 260 78738
269 94 52578
83 340 21977
206 140 3452
24 389 27974
102 285 24913
280 54 67589
216 364 16144
359 26 23028
278 113 86455
386 189 20715
195 85 39032
145 86 54742
104 20 82676
42 238 95243
102 185 15313
251 332 38142
235 351 58561
55 280 65276
149 105 13967
262 272 65036
255 323 25393
131 272 99258
194 229 72794
95 218 33268
4 121 87229
17 180 95257
384 219 20546
106 302 71884
374 71 80521
308 282 31346
289 133 32997
266 244 40665
72 111 72631
100 260 36568
233 334 14765
276 299 9402
202 307 99477
229 177 36876
302 388 78036
376 229 96974
280 116 61278
314 208 32416
312 196 99998
217 258 18708
54 102 49711
362 148 3578
342 10 55497
283 19 75176
156 318 67295
343 268 49291
363 227 64269
275 366 5406
177 69 70064
154 178 91403
225 372 51996
95 386 85476
313 9 22735
380 316 61104
305 151 39139
138 286 15001
381 36 26776
329 145 60162
314 20 76920
294 353 49672
202 287 17044
371 46 5517
82 200 59475
334 190 92320
334 76 60106
321 348 43036
86 283 94948
199 260 38140
315 44 23283
73 156 60444
249 266 54539
346 342 68865
175 19 78047
30 209 91860
218 322 88624
339 20 85332
273 363 85623
207 268 80484
311 28 33266
345 38 83607
170 193 84947
373 367 80960
303 12 31044
304 77 33745
118 373 79627
158 103 74429
62 292 21367
186 385 84730
338 29 1436
155 261 27823
366 335 1256
5 251 66055
128 168 36040
269 16 87567
135 207 6468
32 115 9890
42 355 64552
259 292 33372
1 350 62180
195 336 67984
305 237 84172
212 269 35629
121 373 41387
161 67 85376
238 242 87347
271 51 36375
314 337 38391
315 237 18385
83 73 54330
44 69 27246
95 248 71741
263 163 90412
354 199 27466
194 153 70082
48 298 74655
226 132 48705
218 130 45794
384 213 80807
49 77 81574
280 354 10253
151 237 75184
175 200 88402
112 289 87245
261 76 78396
38 361 27202
331 135 2257
132 118 92960
372 50 16538
146 308 77376
261 373 54908
276 354 72009
25 184 41815
238 129 53217
353 42 13828
278 171 72274
81 67 31890
310 127 57834
176 24 50143
11 268 89794
129 323 27668
43 109 69527
58 168 17260
53 253 64022
243 223 34110
156 109 58493
345 224 81751
277 77 85009
241 150 34342
352 282 23719
143 85 734
242 383 85293
66 191 39567
255 159 68752
57 98 80633
10 257 24976
342 134 97667
239 75 96292
181 252 61675
125 241 2343
136 140 91809
283 329 28042
313 69 82067
370 117 79628
170 283 14516
114 120 55567
150 64 71880
382 201 79599
177 70 88418
101 348 9636
315 101 39243
285 2 31899
371 124 93629
68 45 15863
122 309 45748
86 333 32324
375 297 97406
78 384 48615
102 188 23913
167 207 84603
15 95 81900
358 290 43785
264 151 93927
226 368 44702
157 19 19599
134 369 89153
303 83 13239
104 3 992
41 343 59445
149 33 37275
18 206 95157
238 290 27637
329 38 49386
140 328 38589
324 194 6256
132 279 5801
21 126 26614
383 85 5689
339 113 94331
23 287 84181
336 293 70412
183 370 16329
115 358 87957
199 311 99901
276 360 372
36 366 67793
320 16 75399
86 159 19642
159 333 49934
99 224 72583
47 242 45902
292 321 43478
330 352 43371
33 231 8657
206 104 99361
67 180 86938
91 197 2182
3 86 94491
262 222 84362
313 61 96172
206 160 78406
177 233 44348
243 388 40110
313 296 97101
149 134 65302
156 245 80772
139 276 54262
334 335 18139
243 201 70544
283 83 75541
303 351 39847
353 40 40919
54 369 95264
32 45 68529
12 255 23778
281 102 90759
325 76 47791
217 53 76836
377 68 32622
110 172 8481
365 210 33144
46 4 56653
236 128 95098
343 4 95791
204 341 53211
212 195 41238
82 379 32492
192 311 89178
46 37 20848
351 201 64260
369 97 75630
283 379 22289
365 122 79456
248 124 79934
355 331 48599
262 94 2120
245 158 36644
62 264 59363
246 11 29860
171 205 38796
5 344 58623
121 200 52278
323 43 27135
