175 1635 1
97 4 24588
105 149 63722
132 99 44693
80 88 3873
113 87 15032
7 15 85947
52 72 91710
69 31 60944
48 31 76805
42 120 9953
123 79 49691
52 93 12463
143 173 77585
145 41 57560
21 137 16541
106 124 89374
79 68 59449
1 172 16018
90 37 59433
16 12 36725
37 63 21656
90 167 55507
43 96 40736
11 141 30231
119 152 7097
9 106 54337
128 3 49774
141 95 32275
48 141 17345
83 93 48130
101 77 62063
170 57 5228
72 117 22671
60 103 82602
122 131 5748
51 137 48446
34 37 4429
18 71 83919
43 29 33905
82 80 41121
83 171 98030
3 150 35042
147 46 45789
122 16 85593
51 69 62595
171 53 46689
93 28 6314
89 149 27393
74 172 14030
98 100 35095
23 13 33571
55 168 65149
2 147 99110
15 146 65772
122 117 67060
89 18 80678
67 164 2514
142 151 73380
114 156 71371
108 5 82355
112 90 39549
142 153 65035
54 90 99683
99 28 73022
114 67 22984
64 141 19539
167 11 87815
52 59 99511
95 47 6388
171 46 26461
105 52 55377
48 50 74543
106 159 65583
174 88 79751
8 48 59146
110 35 73355
107 95 46168
172 55 10993
107 156 18976
159 120 55174
117 147 37631
153 128 12355
11 171 13212
104 34 74094
140 56 98116
88 161 83291
129 118 86763
39 110 10994
111 130 1362
27 84 87176
171 38 25984
50 114 45461
62 46 25410
38 110 21751
104 93 40445
51 154 78271
18 19 99198
159 72 57263
31 67 99866
2 88 79386
88 128 34582
89 133 58203
168 86 76396
104 26 27600
1 173 67596
112 92 79535
3 133 2211
103 165 51295
88 88 34814
90 163 94509
22 175 60397
147 74 89844
154 103 43347
162 76 73576
102 21 71660
130 77 1336
78 75 73624
109 112 19437
169 103 13888
12 41 51573
64 138 51362
92 107 4931
152 75 73914
21 173 33138
143 139 40503
154 16 68117
68 16 6773
127 70 48731
142 26 69216
34 102 9316
69 138 25731
32 138 58556
114 171 31805
131 10 47849
43 89 9930
96 109 74631
19 163 96806
163 154 25551
101 85 44346
97 125 13984
167 124 99169
68 81 67814
140 85 93710
18 12 14244
54 169 44460
74 71 33480
169 98 39623
127 113 77502
20 117 78806
98 4 62225
91 173 3785
66 168 48557
35 68 90533
67 122 57395
99 144 36020
16 12 32081
5 65 42496
122 158 96386
125 22 68395
87 111 73256
135 14 11046
121 80 67483
30 165 63644
116 17 51803
93 126 85906
155 107 67787
1 69 47835
122 12 71195
37 102 69714
8 120 52734
14 79 71037
83 38 22253
76 20 90702
19 1 39996
141 55 26069
31 140 55895
167 61 1988
52 144 41513
20 17 6984
97 158 69479
6 125 14134
143 113 16970
124 90 96815
145 39 30844
80 137 60655
28 69 83780
119 162 57720
127 134 80441
27 112 31796
9 34 20073
18 145 67127
62 10 5221
171 108 78939
133 32 20357
24 35 48231
4 2 66481
159 58 6034
4 44 18118
129 43 57908
141 167 66020
106 160 95617
161 104 39931
36 120 14847
55 24 5312
162 103 84510
157 170 49805
15 143 56971
26 29 45236
51 109 39239
54 175 57017
138 166 29679
126 142 29352
44 154 50338
138 47 31617
166 86 25654
70 64 15745
58 171 56002
118 165 33832
83 66 84857
39 170 24718
174 136 95218
53 71 35092
40 119 23704
21 46 37644
33 12 43989
144 86 17994
49 77 64423
27 89 21824
146 174 54773
172 26 19800
26 51 98916
59 173 57322
65 59 40458
19 13 60141
70 108 65415
115 49 86433
95 23 82880
94 37 72222
36 83 74335
89 40 48336
109 42 22742
38 45 18768
142 20 97756
148 61 89073
125 78 41633
125 114 34157
8 64 91151
2 76 80280
107 147 54339
69 128 43608
113 116 34100
87 171 75623
116 166 94465
26 131 93701
134 24 836
129 81 4896
55 27 85583
100 124 4686
7 111 88020
11 12 93617
141 168 13210
168 158 99984
105 51 59582
38 172 83558
57 91 52347
18 51 83131
172 82 98349
82 65 26335
86 148 78648
16 32 58655
131 43 36332
89 148 2437
45 170 52507
45 164 14864
42 128 82828
58 58 98540
103 45 80564
43 145 48006
160 129 53069
19 72 40261
58 43 14671
90 32 52798
159 57 90704
88 11 31394
65 26 42260
81 37 67146
171 140 7421
91 95 87020
115 127 66207
103 28 348
7 122 22929
61 97 19861
22 4 50932
84 165 21914
102 153 78993
56 77 28365
24 98 34006
155 36 62506
41 69 83443
168 157 58801
33 105 96388
56 175 54424
139 157 45280
83 73 54775
141 18 51501
166 62 46035
94 129 16041
102 64 82592
28 145 25297
121 55 16394
71 11 73644
77 156 82623
126 161 97044
24 40 38380
50 164 19464
101 168 72310
154 133 56431
95 167 90991
49 150 19593
55 92 56339
29 9 65747
112 153 21403
93 23 82021
67 137 51310
114 107 93475
25 71 14925
72 158 46091
93 102 77143
123 12 59837
127 73 32454
119 13 98343
125 113 15849
99 132 23972
130 61 20853
43 151 32865
23 98 40118
151 99 31535
166 101 76077
163 49 20848
99 164 85959
138 82 48234
148 6 85636
2 41 63894
7 26 61776
25 173 46729
60 75 70954
151 171 97043
91 6 68533
156 112 75498
169 10 66372
88 51 55023
121 44 44925
103 29 18218
56 128 50992
71 142 46886
170 21 31591
95 26 4722
50 159 21881
130 83 40126
24 166 4761
10 124 8956
99 59 79071
165 82 11410
6 153 6892
24 62 56704
70 125 37031
172 100 86758
35 26 6108
86 155 87676
16 71 65200
46 52 48589
43 33 77256
152 144 97701
94 175 99180
135 55 62215
96 54 73999
44 60 53664
126 168 46973
91 97 6291
126 57 64190
24 162 49781
49 101 3343
11 170 50885
41 6 92990
142 94 52722
122 165 3532
49 23 55968
82 43 77358
140 104 25326
60 115 33225
84 77 18635
15 140 8708
130 167 75123
136 105 96166
13 158 91717
153 130 71073
41 27 62324
171 83 91079
51 75 67490
21 28 71116
71 97 4996
67 4 46136
25 126 99587
144 156 96509
174 5 39757
44 80 10870
125 162 61356
25 153 10082
101 76 93172
145 57 88969
9 54 81454
85 40 76256
64 132 58567
39 168 74990
83 109 1138
112 73 6667
154 120 95462
128 105 84185
161 49 20932
95 57 74676
161 60 47044
95 94 40083
33 23 58563
130 158 67334
36 31 90227
108 102 90118
46 147 55611
129 66 4340
102 61 24329
23 116 5059
81 108 16133
157 53 19727
172 73 72038
171 109 69514
32 99 60141
4 52 76558
73 146 66159
126 27 41018
116 3 37479
70 65 41605
159 20 83047
59 4 6328
100 138 31069
85 67 70726
141 157 39253
162 96 49759
82 33 38659
42 37 6534
5 160 79879
62 159 61900
72 13 26682
96 173 97681
160 113 89945
153 9 20262
99 51 79170
11 121 63191
12 164 69954
175 3 63402
131 87 63824
165 1 25395
91 104 29272
119 169 2444
117 15 34166
36 76 28787
160 15 16860
104 127 44859
16 16 48705
49 109 77313
114 109 80581
164 16 6361
30 141 51757
128 48 39618
147 8 36884
138 175 56474
38 67 37066
79 65 37275
68 140 50098
77 36 89210
32 153 3467
94 81 93426
33 173 1663
146 119 51298
12 64 85283
161 61 58090
141 92 8414
113 144 37127
103 145 87643
124 39 60717
64 172 18791
130 104 42667
13 163 12982
166 102 53520
162 39 74294
59 2 60545
64 63 57337
4 118 86241
93 122 18767
110 144 14007
124 170 63553
149 167 96382
74 85 63486
150 127 66120
170 26 68110
131 166 9745
114 114 77535
132 40 52822
160 150 20622
104 3 36840
28 14 32159
37 48 36919
171 36 771
68 162 70046
28 152 51410
66 81 30345
1 48 25542
114 6 53358
150 7 74156
130 17 12109
52 165 41270
57 34 6828
87 121 98987
110 113 37804
93 170 61858
52 151 74332
4 23 33023
18 82 44620
96 116 88112
71 94 74718
92 41 42736
114 95 41456
56 87 4965
64 56 15501
46 33 4379
33 12 5971
24 166 39495
54 25 30348
54 39 9975
22 95 209
53 67 84881
32 96 46322
22 84 88021
96 120 72424
96 125 67542
135 32 49133
155 49 64783
152 22 6292
57 40 98868
36 18 88780
95 124 89036
31 103 70202
21 122 72518
28 124 71742
125 136 8859
172 10 29426
67 148 2924
28 104 51288
154 80 88882
24 118 65925
152 112 63627
163 138 51506
141 162 16918
106 98 7187
76 38 694
170 55 5100
157 134 5216
14 21 49592
63 20 23870
99 96 18076
129 114 73719
86 161 35230
99 107 55237
143 136 68268
92 46 80673
18 72 81239
36 150 50090
34 85 22609
158 49 98960
135 94 33992
108 95 18637
158 84 30481
145 77 7314
72 152 77296
88 158 16081
165 79 23275
93 128 21783
79 162 17819
52 107 55298
35 120 52902
164 94 25779
74 149 67446
128 51 88819
41 118 4534
7 134 47906
149 34 33379
145 136 46203
61 19 31337
28 145 12441
159 141 53517
33 97 57154
104 1 81681
150 153 17042
127 144 38787
54 66 50227
68 80 1942
83 89 55412
105 127 97807
32 69 99141
80 169 87151
78 98 72292
147 55 84065
73 145 41329
112 78 39648
173 98 65912
87 140 97933
66 152 94640
161 108 72306
28 148 96583
22 98 85357
26 67 43472
171 126 22175
106 79 62238
135 17 24982
111 151 59308
87 1 96636
62 133 83081
28 23 18137
100 121 49698
125 75 83025
85 140 34176
45 23 67859
67 68 87630
100 26 11352
27 169 85625
119 137 38907
68 76 19940
96 33 68395
148 111 13481
18 21 29523
17 86 86853
101 44 16152
4 156 15566
171 164 22619
134 48 83974
23 148 81000
30 100 29975
156 118 48277
8 3 60859
70 72 34717
163 97 75854
36 41 96853
50 145 46183
168 115 61541
99 4 29286
143 18 75186
16 27 42410
24 159 55475
145 92 58533
74 137 12781
149 99 23711
29 99 89258
38 112 79056
1 65 1873
29 84 43981
42 80 79017
175 70 96181
7 66 30023
64 136 7329
89 109 91559
118 113 82907
129 144 81762
168 97 2553
67 51 70813
32 61 17334
29 91 7680
152 98 50075
104 40 29930
91 85 91670
43 44 54597
73 85 25003
7 17 2560
132 171 74468
125 85 49108
31 171 58901
172 119 11049
35 167 60906
57 160 79599
146 74 38670
135 40 39285
58 48 59787
34 98 57002
137 7 93670
65 20 50764
153 38 16398
27 132 80661
155 17 88
147 113 91956
123 17 48973
70 49 62917
124 104 68266
49 100 19188
2 126 17716
10 99 39362
54 150 59956
14 98 7623
26 143 83021
141 57 5384
125 59 31591
57 161 32829
158 34 319
127 126 4618
53 83 20793
120 117 43546
79 64 45844
53 86 67890
70 98 84975
92 52 85367
99 22 31945
15 146 23576
28 15 39641
11 98 46794
112 110 5543
123 127 6251
25 167 21634
18 66 15908
132 169 76833
57 100 41198
35 114 86264
63 119 2570
140 115 42767
37 72 48366
33 154 37920
146 134 49318
70 32 39739
2 97 87599
32 171 23896
174 37 43044
30 67 23431
106 31 27284
152 98 93785
158 173 29592
11 5 72552
61 169 8593
158 121 47728
61 142 5953
139 106 62349
126 18 19405
1 156 81079
16 14 84955
91 133 95880
24 100 39683
96 85 54242
34 11 39873
15 90 64197
60 46 17880
6 40 97133
160 24 62869
55 105 79608
111 19 58804
50 174 47094
91 81 20600
52 153 70778
47 173 51016
113 119 46117
77 56 45169
133 54 93884
5 14 17494
171 117 77804
161 45 71978
44 135 36015
174 40 97223
114 42 10747
99 39 66106
30 135 64896
79 144 72968
35 69 52097
47 59 51000
154 30 51590
144 103 83102
157 61 49239
98 152 5710
110 146 91515
122 32 95340
20 1 74639
23 86 55977
67 35 92496
83 48 36340
91 35 5087
7 150 78195
76 122 13910
175 14 76140
99 44 37066
8 22 14769
77 154 97121
120 1 30639
129 28 11071
109 116 99785
104 171 34875
3 10 91790
157 89 95648
125 62 45102
137 38 68935
139 164 34809
85 24 44757
146 96 6958
94 140 63655
25 151 6455
67 48 36457
159 164 48395
104 89 48490
18 110 61596
108 139 862
95 16 82783
59 166 11023
30 91 35091
120 163 81019
56 58 2964
90 35 42947
97 1 15663
77 163 32041
49 114 25884
145 101 84723
132 67 34340
132 123 67376
75 76 27453
152 22 60417
119 105 40593
19 146 94749
29 155 25732
116 134 71477
163 157 23575
168 63 7915
68 82 39541
59 160 35330
97 72 63465
145 49 42525
98 10 80751
64 18 70691
45 13 32159
68 115 16563
55 175 42418
21 70 77877
117 156 55433
173 70 26894
5 59 35694
21 57 63224
9 53 31620
15 139 90798
172 117 23407
35 164 43073
40 36 67231
1 128 11440
91 47 69427
162 22 98528
108 37 19445
2 90 19452
130 84 50096
72 126 63003
80 78 26747
118 86 1485
163 126 81622
122 81 41413
127 165 43533
166 110 91272
18 138 96587
66 18 13583
37 33 70704
51 148 40818
119 30 45017
113 77 53558
69 68 73004
95 129 5860
125 83 91462
18 120 2232
40 154 11012
105 159 88288
125 120 543
12 107 68156
80 66 75089
93 36 33390
100 79 45548
114 166 41267
42 75 98940
158 134 22230
1 169 80672
138 126 4668
44 42 42754
156 47 99126
44 140 22291
16 105 2189
92 70 33192
161 83 44553
68 99 35000
153 26 15555
22 172 10060
148 114 23355
11 155 22402
19 88 63987
28 81 20416
34 98 7457
75 162 70065
16 171 17994
147 70 44155
175 175 50967
4 100 67595
131 110 68647
106 52 79444
125 86 21393
128 25 75238
153 117 68410
101 26 92382
160 5 76644
69 148 36696
91 75 46547
45 7 26653
32 67 50458
56 79 23289
27 87 30226
91 136 19452
33 170 48541
115 15 5325
15 156 59112
175 65 73530
96 100 17590
130 136 94977
85 124 96035
85 137 76909
132 32 25939
114 81 80777
66 140 32291
12 4 29927
52 36 30469
7 39 72848
146 60 49009
110 166 5752
66 24 39079
32 63 2539
74 95 31516
34 16 82771
122 84 84332
47 168 60011
112 11 41771
142 75 65151
146 100 50325
136 173 64436
76 169 38448
38 74 77308
46 111 78283
46 153 43846
60 149 56582
76 117 53941
3 111 87217
159 158 61361
72 98 82548
123 125 70689
43 141 85971
132 42 71641
99 127 98481
97 16 14276
102 79 4486
167 53 32401
129 29 90009
112 132 26579
71 76 13240
83 125 54884
28 98 79263
12 98 18908
141 85 12821
158 169 89436
13 162 65399
92 131 10459
68 96 16196
3 145 28535
146 104 22993
48 29 68734
121 32 55208
114 44 33640
97 34 64716
92 147 59797
91 167 3483
133 175 30594
11 137 24890
28 128 35251
165 76 72202
51 113 96696
110 53 98558
54 63 40097
154 89 84795
42 90 50290
56 76 39046
54 42 9705
122 102 65529
104 67 48213
39 40 25439
156 32 36860
146 13 4918
85 127 2823
162 123 13540
170 74 90128
158 107 54315
43 44 52922
6 81 19976
106 24 29552
132 157 93279
24 106 24618
157 78 15030
48 63 13416
132 128 1986
73 40 30729
29 120 53093
163 121 31644
58 15 24810
110 100 26598
132 108 97607
161 160 76635
86 175 91694
86 137 50657
123 88 12187
8 162 72285
39 22 44935
142 163 37384
80 152 40481
73 73 42697
17 4 48210
109 172 35083
84 77 82720
37 117 9543
110 122 63031
15 50 35394
127 60 75030
14 158 40566
23 91 29721
49 97 57101
118 83 49121
83 166 29037
126 61 2854
77 167 21478
165 71 76151
10 36 97568
141 136 25315
166 105 97131
65 105 60988
61 50 8600
121 146 56472
84 148 37743
116 59 17154
26 80 29280
8 167 55899
19 44 30885
154 147 57224
112 154 63966
93 175 3177
165 118 47937
102 129 60642
148 6 75424
107 130 53305
19 44 2792
130 14 64788
153 156 54252
57 112 63717
23 156 86443
42 132 60547
5 142 40448
126 20 18502
148 1 5040
159 161 81644
79 110 63371
96 82 41960
160 59 77027
69 163 63561
167 162 66691
150 171 73235
152 131 17221
85 163 58275
105 9 70921
75 150 90426
99 93 74358
89 100 35854
87 72 94
111 31 30369
125 109 56471
12 167 96120
119 108 91839
115 69 24373
75 160 22074
3 57 61603
102 133 16219
33 97 57620
74 29 67539
18 134 64924
41 90 809
60 67 31823
156 175 35378
140 81 97689
72 155 54660
63 12 70106
100 89 2155
72 28 25257
103 114 12321
171 104 57921
156 163 3602
91 86 12890
155 127 98875
140 1 47437
150 4 73110
24 121 66631
16 28 43551
81 34 23339
144 43 32142
21 158 74549
71 72 43371
158 61 80366
10 82 27282
27 106 76440
71 138 52025
132 129 95573
104 78 3174
129 118 49497
52 60 22973
86 124 28156
14 161 84049
40 31 86711
62 36 72493
174 2 9804
134 106 6045
83 131 19649
98 110 11130
18 93 70097
104 146 43973
34 107 5456
58 138 74464
129 11 57072
151 105 83609
158 163 73746
150 66 20641
111 174 67212
74 135 6712
147 91 6089
121 77 7853
62 163 15936
123 76 67892
168 45 35752
19 1 33052
36 8 11908
123 105 67704
69 149 79188
7 93 76191
24 63 78065
7 172 98070
26 24 97063
35 147 76920
102 21 35497
123 80 3244
20 126 64504
150 30 38230
151 61 5086
135 60 69766
71 125 35017
147 28 11154
78 73 62603
161 77 52296
94 164 74094
51 66 31409
165 155 34910
116 153 86212
59 99 91378
13 41 92610
165 132 44636
75 166 27667
85 123 46553
145 122 7619
70 147 58829
19 153 44810
142 2 37426
90 154 86795
165 72 31828
61 56 48020
79 35 22907
114 137 22512
93 65 7658
89 137 71816
71 125 32872
120 10 13930
99 57 2359
147 16 45715
122 80 39337
115 41 51101
79 146 73868
42 22 59007
54 156 43325
43 85 25217
79 169 41318
35 63 59282
51 93 28607
56 88 54312
166 143 62934
39 63 83246
50 37 83299
143 105 79338
82 174 6256
67 141 36503
40 168 87987
64 128 12569
49 95 19404
106 8 69598
16 92 41193
43 61 87325
17 139 77767
153 5 17777
146 170 70913
117 118 71236
33 98 82462
103 111 3822
94 89 19316
24 82 87196
56 16 13754
65 70 94978
55 136 43626
23 115 8931
50 15 76980
114 116 71051
2 53 92565
119 61 59288
30 159 20957
36 107 11187
165 75 54477
174 20 6622
99 52 89784
133 94 39640
104 2 15360
83 82 68189
64 113 81752
154 123 60661
28 153 89962
11 30 46732
113 68 32951
25 118 11920
119 58 32655
20 82 29502
165 170 94
161 120 85824
167 75 56959
14 94 53708
146 14 55088
157 127 29750
116 175 96249
174 9 5409
99 110 76871
128 25 62371
17 15 65490
95 73 7982
125 81 82796
132 9 76925
171 42 83775
98 24 70611
167 95 41659
79 69 52156
38 47 87933
31 28 51981
26 140 92357
117 168 3259
151 1 51280
125 150 40994
18 75 44123
67 171 42744
22 74 97083
119 122 9733
77 162 93386
160 102 29753
41 71 78145
41 110 89803
50 102 62125
97 154 92563
162 63 36667
71 80 38101
38 33 94708
22 31 70165
23 155 76172
163 143 47067
107 121 45413
109 121 27259
146 52 58042
90 123 92697
141 9 9523
65 86 91342
95 121 6041
44 2 82572
135 65 22582
24 86 92696
102 42 17840
131 92 27808
23 63 60876
142 102 18619
13 2 27679
159 62 54580
62 96 51855
3 47 6723
76 117 77271
27 39 52384
131 162 50663
49 119 20039
121 151 60845
161 66 70649
167 171 60050
150 57 58244
133 146 45431
69 113 99429
91 41 633
2 127 14859
77 30 78918
72 95 19101
47 120 8725
111 141 16671
162 38 70602
27 122 83563
151 142 81631
70 32 91395
45 4 55199
13 9 99394
144 51 84006
158 17 14885
54 8 78130
118 161 96314
138 62 84091
77 99 57850
121 112 82202
127 175 28283
171 175 1006
70 38 67628
122 133 92713
99 171 31103
74 2 57223
96 43 71071
35 27 27966
1 41 86630
129 89 23229
50 63 40489
172 157 91390
116 117 84905
132 117 59153
133 141 40846
117 68 17388
158 33 63336
118 78 92614
20 173 98091
174 10 32062
169 172 25282
50 135 1770
21 96 95523
142 162 71532
172 126 41870
117 46 95868
92 138 2628
127 170 94341
27 107 6001
81 151 48536
92 52 61636
30 150 5422
14 159 38811
87 95 15009
80 83 11241
84 86 1409
164 64 39942
69 158 87030
43 65 43987
75 46 22130
123 145 63091
88 134 25399
12 78 85276
34 130 17823
5 133 94059
18 175 46218
141 3 25550
124 149 13881
33 94 7686
89 126 31049
113 147 94375
110 71 25045
103 146 46428
96 7 96171
134 120 1185
11 24 97159
58 102 63866
143 143 85068
115 39 31206
116 58 50721
2 113 10015
87 142 59034
74 34 29739
68 115 5992
52 111 69619
7 116 84177
146 148 9464
132 146 98886
135 162 70346
76 171 96040
83 3 13795
107 4 63447
171 49 74944
83 37 52044
84 73 97673
37 10 77099
72 71 76483
58 49 10704
144 42 75562
38 116 72776
1 73 8213
163 99 36155
93 159 96268
10 87 90366
52 84 87389
114 42 74192
58 123 7975
152 78 6384
141 61 2156
128 142 54875
127 4 78692
22 170 84924
38 82 26599
164 15 61588
35 129 1214
158 83 11473
79 155 23306
30 62 26990
41 78 71705
54 9 92751
28 104 62966
136 113 87813
41 155 31912
51 64 63596
136 153 51637
84 98 2235
171 136 42560
161 103 62397
133 64 98478
137 38 42007
109 115 68996
6 63 88539
169 160 56401
165 148 17919
19 28 95874
5 104 34392
119 103 37451
59 140 69998
26 116 98198
115 56 34618
16 172 2882
50 152 98467
142 96 3014
83 56 42498
96 143 35723
76 8 36026
36 54 93436
14 113 87073
29 11 24774
68 98 72247
18 106 80361
94 92 93967
71 18 34834
103 116 10846
8 9 23278
75 22 20849
103 63 50923
131 118 29337
40 125 13577
30 128 59665
14 123 154
174 109 22845
117 51 47378
166 151 54158
168 69 50731
56 89 33469
94 29 9736
16 31 40519
102 63 69675
171 46 985
172 105 77083
12 81 54546
154 132 79638
143 151 40150
48 105 35777
155 76 46046
164 101 79869
32 130 10307
124 131 11703
17 43 65872
113 71 86883
61 22 64896
93 36 79150
109 26 39633
100 118 27210
78 111 93883
98 136 30908
165 99 94425
86 12 47487
81 42 56832
99 10 40926
67 48 70430
147 4 31389
24 33 33792
1 80 66629
51 81 60436
16 74 87550
29 30 31955
5 16 9363
118 64 92971
104 88 54831
170 10 89581
16 80 38544
96 19 69321
79 140 8151
48 27 77366
45 116 62261
78 102 88693
101 139 88933
133 20 35981
166 91 3149
141 141 85393
83 18 46967
65 63 39614
73 132 55642
95 118 24229
149 161 30393
157 66 20344
135 82 14256
124 152 71993
154 135 38086
17 127 35530
85 125 10463
100 96 39742
13 165 36144
138 49 29360
134 9 21197
19 43 61608
79 99 60897
69 169 8130
46 11 36047
86 7 52185
149 107 36458
8 75 21976
77 33 73156
14 53 44553
62 135 9123
50 136 99850
26 117 53486
59 48 59747
70 164 22900
49 86 13572
156 161 55102
110 81 26798
73 116 4396
3 115 8028
28 30 34321
140 32 13304
112 159 78527
115 125 94718
47 40 69233
97 143 97690
81 48 5116
131 167 58988
92 61 98350
131 129 44147
114 168 49500
139 14 4957
63 46 36732
59 163 38619
38 90 25508
92 68 1312
163 49 66471
32 98 45138
168 66 77084
69 139 99585
8 44 83221
24 105 95555
80 20 72272
95 138 98271
75 32 86634
130 2 47953
155 75 54783
126 38 89679
6 118 19668
80 94 55865
5 142 9771
94 64 41297
21 20 73690
113 116 55200
79 125 48349
131 107 62323
125 4 41654
159 162 59474
117 82 2541
116 42 85741
129 175 53177
148 10 10177
89 99 63525
113 28 27487
82 8 65983
4 71 36424
8 20 74419
29 15 6008
104 57 62105
30 22 82103
153 9 27542
22 37 78311
32 164 69643
32 21 944
82 32 51703
39 146 93973
163 29 74544
135 22 67486
6 141 58427
92 92 95724
92 70 51573
40 35 23201
149 148 78695
77 43 41509
171 110 94042
37 20 58089
4 151 80273
64 58 16903
81 106 98764
134 72 5399
162 20 64537
50 13 78824
56 16 16798
116 111 37841
87 42 57586
36 49 12648
143 93 88609
26 11 2067
154 2 77906
85 70 95435
15 143 91472
42 99 53433
19 108 15893
143 173 65906
