503 200 1
291 201 65446
102 368 23337
305 331 30947
357 151 89392
444 55 46186
241 155 50397
14 106 11954
61 389 90707
436 238 4172
473 56 40030
179 377 99225
342 444 76693
272 38 78610
266 296 26332
329 414 12982
466 191 86372
352 27 98039
390 239 60341
142 307 48478
125 125 78395
15 410 21219
328 369 15635
105 22 83590
112 332 87679
113 449 87391
65 421 91750
35 149 43523
109 184 63737
394 416 20567
473 395 39945
317 441 96064
386 499 56586
162 139 39667
186 408 37325
184 252 75021
356 105 58315
345 180 61802
350 263 8243
99 481 59973
283 409 98786
41 71 29318
422 323 73037
174 265 22376
335 247 58563
165 215 61172
209 182 43800
432 11 25615
210 474 76374
178 148 9415
354 89 99421
22 468 29742
422 233 65251
359 30 88824
87 130 52620
282 269 28866
347 313 35567
362 392 42200
327 476 26409
163 491 24423
240 29 65840
258 28 7503
271 74 52327
29 342 65442
420 78 21035
481 265 82466
141 43 39126
263 172 49302
442 492 82044
447 132 70769
50 500 13615
278 246 41685
411 186 43804
393 319 64148
398 450 69558
383 228 96878
27 251 54251
261 281 95887
445 463 26293
272 27 44489
90 175 37389
60 334 33665
114 405 36614
189 44 35760
52 201 3330
102 361 82597
297 449 99565
220 466 18698
175 86 43718
38 430 71081
391 477 28248
190 217 40344
119 23 5410
150 84 25162
481 25 17138
115 80 64703
420 446 14682
325 233 52862
68 184 44367
360 93 33724
353 487 97001
214 176 82300
406 414 40684
149 391 2444
213 357 64995
346 44 23655
495 228 2213
301 136 36940
293 122 186
321 167 83444
178 223 90206
137 498 97695
128 328 92343
432 85 58841
499 316 38776
490 167 63120
459 153 63846
257 216 87914
433 427 38923
192 250 36806
60 142 20223
327 226 81796
35 302 69193
17 362 82059
359 502 88039
12 262 84027
493 228 49386
472 435 86871
189 134 14162
177 199 67731
443 291 96961
444 158 7921
349 121 66456
6 119 40890
32 449 93345
86 286 80782
215 48 46326
211 149 59671
338 113 52048
176 257 8586
188 316 10163
35 28 2429
447 300 63379
375 323 16688
343 201 14205
7 241 67089
183 190 2387
459 2 46344
286 122 91048
59 108 33460
270 482 30272
323 309 1810
285 16 23852
339 391 61478
273 341 10243
281 452 93536
76 409 78382
483 422 89098
205 235 61211
160 479 44968
334 430 82941
320 85 91989
498 324 7259
403 324 49524
76 468 31293
476 291 58318
286 54 26914
88 369 59452
46 326 3071
274 107 28852
502 264 49056
308 113 86871
241 223 63697
42 493 92005
500 318 9474
232 237 96990
227 79 90616
284 486 50476
195 306 87092
31 412 40811
210 405 14553
195 118 31871
368 259 30169
258 148 75555
159 7 1674
272 94 38379
477 27 26862
455 445 43561
397 468 16366
51 484 30863
142 42 827
456 372 45888
424 266 76109
95 469 66926
403 323 84199
107 46 31190
49 91 43838
273 223 48842
320 460 26106
435 481 16849
307 121 37230
