525 1718 1
458 16 65697
8 355 57929
61 296 98716
206 435 61024
240 87 12943
62 466 11807
303 483 11927
165 376 33753
426 59 91312
357 120 56884
181 378 84906
431 29 34895
47 107 81877
493 27 67231
205 438 7439
281 233 78962
408 402 27367
286 476 33003
212 164 74381
350 362 75858
311 35 30575
423 28 13311
370 117 55211
330 427 30016
101 335 48913
405 144 18361
217 136 34684
434 398 18245
422 336 91123
274 300 63268
5 371 84460
517 355 11445
51 295 92573
336 256 29252
139 67 29019
167 221 60585
11 413 27321
129 51 22544
354 282 83299
195 399 412
191 345 91169
68 56 6497
380 383 70805
390 275 67586
441 509 67257
208 391 73585
356 367 4316
109 356 57506
483 213 32121
390 384 90304
510 340 13537
99 439 79180
345 266 8175
420 159 37917
28 367 49303
444 24 71785
279 424 53332
208 513 31822
477 311 9672
429 498 70457
455 397 23995
302 116 78271
399 433 96194
428 432 8661
425 53 78042
243 93 44936
56 296 18268
16 220 55064
210 383 28023
430 205 37630
507 407 24638
215 412 44923
416 276 42694
501 334 6814
518 77 90696
297 509 86686
172 517 40782
99 512 58492
402 261 52646
339 474 33903
439 254 82963
363 262 69053
248 84 2929
414 87 10800
331 481 92211
441 73 1451
154 336 45539
168 256 28994
371 401 82548
339 40 67579
165 427 20614
30 432 94870
263 402 69990
261 76 97204
60 78 12333
136 308 24350
307 492 21835
53 344 80591
416 525 41643
264 388 54985
37 175 14170
86 344 88077
493 382 43357
277 185 45095
149 506 58691
343 459 21229
447 91 11223
425 240 32265
78 362 93223
39 137 47706
210 300 29943
238 340 2348
483 355 27304
47 396 88008
64 140 65428
264 460 5915
433 515 26239
338 387 35950
136 407 41499
7 331 78555
187 368 71894
22 250 33905
201 254 65464
315 90 69364
296 106 15971
317 340 75945
341 502 46374
361 367 90705
395 28 95803
393 289 94390
86 179 24299
351 369 22454
37 327 82853
112 11 41661
20 382 9947
432 312 15564
186 186 95506
441 181 39827
471 311 1925
95 380 43048
5 458 25744
32 186 77531
173 206 30962
224 201 34922
515 73 78825
64 14 33161
190 28 18696
32 341 50108
309 117 30944
359 481 74359
236 489 57650
68 274 15757
174 145 62799
243 329 4668
104 230 75466
460 121 59699
288 105 65265
182 28 81138
44 245 64666
455 378 92687
144 408 55372
32 88 25805
343 93 92865
20 313 64318
224 206 71173
389 357 46861
516 211 99521
36 52 51603
10 281 80499
522 237 9562
375 93 64686
85 335 89080
463 488 8421
120 326 75542
234 245 17917
349 41 86552
232 439 82299
389 299 47854
110 523 57403
106 6 65126
227 221 10704
187 98 9236
88 295 16039
115 182 45774
471 236 52022
376 13 14283
195 272 81182
513 265 42538
36 116 56719
19 274 69241
381 37 29216
310 237 76210
439 331 26267
329 64 66309
407 482 14583
120 34 81334
512 243 63390
307 509 37672
426 357 67804
330 22 1509
428 90 98202
459 425 62951
171 178 52581
83 348 48113
131 221 81790
37 328 72655
299 274 22620
220 98 41916
46 177 23229
189 397 15741
351 505 76221
64 297 16234
155 131 17984
166 195 22427
342 221 25120
79 492 6496
315 89 93478
205 52 62301
112 344 78565
92 71 53311
108 81 8740
109 404 65110
56 319 48434
299 105 81282
279 106 78518
477 44 27978
189 510 64970
500 276 81914
14 111 63014
134 194 38651
364 314 67070
507 229 26334
472 427 82619
382 119 79293
406 507 62730
177 274 50712
29 441 57898
359 406 2221
405 405 43817
387 476 15513
358 497 89471
134 379 76643
331 193 93116
299 494 66576
179 26 23914
287 288 85300
357 140 74525
353 61 8682
351 88 96901
176 166 40579
103 318 74933
57 122 27430
128 170 3755
315 387 84707
21 214 70141
244 112 80450
480 32 75254
397 343 20973
425 154 58122
454 387 59998
370 19 82053
37 392 33924
363 251 63301
374 91 85166
119 424 29885
454 129 46080
387 107 24551
302 229 674
286 19 37682
474 464 39683
261 237 17408
349 28 50478
368 229 16823
180 317 47725
239 352 36512
376 399 43626
22 1 24382
439 166 1168
225 250 92224
138 373 29570
105 46 88994
209 109 62177
131 331 85796
491 55 15015
12 28 90471
480 54 56106
160 416 47496
459 461 2357
249 89 54076
59 5 99973
95 62 36535
417 380 78586
220 405 24291
204 479 84390
322 203 96234
26 379 45158
422 45 23525
471 25 26565
48 31 5810
76 41 93726
34 57 5219
232 459 5272
118 211 86594
20 270 78859
395 106 40535
224 167 79426
97 372 75679
413 82 11335
7 303 43543
67 29 37037
109 318 47004
9 455 13206
265 153 57247
108 91 88814
441 126 27570
279 522 43228
49 130 68555
164 5 61519
359 485 412
486 179 89617
495 146 41077
426 33 52783
78 446 5843
423 203 33596
237 83 80296
422 234 99949
94 511 18567
60 508 7622
2 141 68
10 269 42547
386 108 33706
129 358 75192
441 85 61214
368 240 81407
359 520 49062
38 296 23171
182 180 20754
312 345 13487
403 413 29650
519 305 10542
19 166 17439
504 464 63907
185 177 46390
143 271 23090
195 12 47428
217 475 53933
218 14 21838
220 387 33013
183 154 53140
51 408 27886
508 49 72914
295 417 51847
491 44 91231
347 171 92699
460 281 63855
415 443 57656
236 49 37779
279 252 47176
468 255 22039
371 34 5419
93 27 47751
290 504 30095
196 253 62598
341 59 73895
509 38 45442
410 371 72438
363 8 44712
289 339 69524
48 225 98114
393 230 71354
231 248 52470
157 361 96880
264 274 88560
391 171 87758
122 237 41026
205 514 80685
491 388 23689
52 243 4240
401 367 98692
327 283 8209
189 506 38505
506 258 11013
249 97 97381
428 143 10840
390 76 70406
280 258 46251
154 314 50426
384 479 13635
245 401 22862
304 427 39650
495 47 77884
38 452 36620
519 437 18103
47 178 38007
93 262 73023
281 216 86562
272 52 5666
483 184 44594
497 259 59701
49 41 25519
313 77 68374
326 491 36081
441 94 98664
289 400 36257
438 355 1347
225 495 11390
44 177 17326
98 220 93235
55 84 42058
86 416 45402
206 313 51763
127 394 21317
429 60 7751
220 396 57729
165 175 57800
499 444 11992
71 294 8765
77 476 92443
213 313 88683
302 68 80656
444 499 98407
85 187 56673
123 258 13256
10 271 80782
284 281 62540
215 313 94893
184 341 46484
412 360 82841
89 259 34341
35 439 66779
17 192 82319
22 318 82181
195 116 8792
316 227 24998
315 352 13260
335 134 97415
511 103 64251
439 464 74568
515 364 6744
55 275 19540
26 13 14207
330 307 93313
301 297 71961
498 77 16009
488 183 73465
482 239 83566
124 281 60436
82 124 93186
128 400 15910
156 162 66223
434 455 25457
465 255 26013
152 448 4913
138 300 811
75 210 70078
442 280 44055
500 447 88154
395 451 64661
292 183 32829
170 449 11813
25 269 44429
403 435 11432
68 66 58341
134 361 29423
447 17 94472
290 121 85882
68 112 27615
253 165 40972
117 524 50079
324 306 17258
296 249 12515
506 295 23073
262 148 14943
383 347 25941
64 484 5059
443 299 25178
259 46 88699
318 281 11401
489 30 71348
137 274 53205
124 327 70857
56 327 11469
302 391 85123
482 39 51327
296 201 39992
230 392 156
133 53 51530
308 222 85916
234 230 55049
462 72 92634
249 321 14900
111 197 91580
196 10 44120
508 334 65688
476 255 26702
355 468 80967
440 6 94466
122 190 11335
39 475 5500
185 405 65216
305 489 59582
142 108 42739
496 174 38699
460 492 55572
241 216 50260
158 100 9605
217 318 18976
509 440 70263
171 318 66536
475 392 47704
436 93 34286
101 387 90660
516 473 83938
66 230 39575
415 378 1280
496 333 99817
74 501 32331
162 368 51501
365 466 49971
311 328 7224
380 504 22312
380 168 1869
106 178 81392
353 67 34470
371 236 65474
255 360 48630
124 257 16229
313 441 36964
1 235 30660
430 22 77993
283 313 20130
268 483 7239
337 192 12960
123 397 95638
374 311 60940
191 293 58067
463 272 40740
430 444 65952
259 392 32761
144 244 41718
326 473 70949
459 331 48896
179 383 93344
375 407 76378
257 518 41580
186 439 91695
362 5 56835
480 2 38549
239 440 9433
381 469 73259
162 239 90699
311 63 56097
433 211 21590
228 95 5406
153 100 68253
385 105 69964
131 222 99015
331 177 61258
361 487 87307
308 280 64784
132 2 51216
400 364 34476
123 35 27691
188 280 65108
151 247 46843
410 209 79574
441 112 20506
473 387 61786
359 404 70696
301 104 6439
504 355 35900
164 205 86305
514 96 49725
381 136 67076
347 405 79546
205 282 36831
156 93 49121
263 198 35285
77 20 32901
356 488 5618
245 328 25726
12 290 30074
452 321 95013
168 137 76831
417 86 95484
186 507 64037
342 124 69558
164 490 56074
194 145 46801
315 298 26082
180 138 33895
336 323 4542
175 108 10686
288 473 1336
233 327 32140
237 327 28288
225 146 90043
119 316 99461
20 354 61722
520 514 95160
7 114 70732
101 30 35615
424 392 31705
136 57 20245
310 30 4398
11 511 17730
287 414 32903
368 393 49301
483 423 23296
107 338 55566
202 122 60948
413 6 36561
89 182 94738
416 72 52219
80 31 57488
108 62 58209
248 130 86421
515 73 81380
487 353 34366
296 383 79033
13 214 47421
315 241 63849
483 419 35421
186 158 33729
311 202 47362
510 3 86869
58 87 42383
463 52 66841
477 320 27776
521 81 18027
391 229 20816
427 317 93130
372 252 26677
98 477 83840
108 49 3448
55 382 68252
351 357 78002
383 131 68570
82 152 67568
131 179 11081
64 525 5447
185 132 88794
402 416 110
97 524 10722
523 4 65310
147 262 48008
430 491 89928
240 54 99735
288 504 8932
226 371 19500
196 87 38497
323 502 13836
191 306 18503
331 116 68633
339 323 89180
104 411 79994
235 141 34497
407 231 47423
56 51 45860
254 460 92977
386 299 67116
203 163 50416
89 369 44497
305 86 89151
175 496 45940
523 76 82323
469 12 20194
169 325 38875
297 447 88273
57 138 11151
233 142 43454
80 193 5794
40 261 43312
117 370 32627
104 98 22111
329 123 41314
96 225 38042
515 81 18011
211 51 46612
331 513 87497
248 76 53640
228 411 78439
361 371 92411
157 134 21838
163 341 16020
268 208 49754
289 346 60504
257 206 89974
380 510 85586
512 136 11739
387 364 87570
507 428 8239
68 485 63900
503 120 71313
474 94 522
73 6 81611
301 124 97688
478 4 83040
334 286 80099
285 491 94536
6 265 6659
322 152 74203
130 88 21690
27 453 95619
97 131 95492
184 236 62754
347 411 33968
383 114 53775
426 368 89616
392 122 76142
479 128 72537
242 133 63150
434 193 97560
451 370 90998
423 352 72697
351 336 90489
147 76 62699
337 71 90824
434 118 28294
330 238 71836
254 516 1556
22 410 39598
411 78 14404
453 444 31461
415 96 96329
290 47 22826
8 232 5738
456 512 7088
494 253 75132
54 523 50281
251 282 2312
342 297 43268
100 87 27933
259 188 14073
293 424 46118
470 133 10931
399 166 15924
266 107 83345
40 50 5618
480 211 60823
106 369 77030
27 427 1356
5 513 78818
294 141 74334
170 349 11380
397 23 44057
149 269 56010
329 497 82211
350 125 71162
94 109 41416
524 143 30714
522 501 23477
365 82 23486
361 521 35668
470 165 61939
317 393 14990
331 525 73896
122 421 61132
408 24 59913
186 495 61784
323 443 58582
333 375 66243
446 400 13849
52 440 80408
196 419 41406
415 305 5518
192 418 59121
139 480 52331
6 436 12731
328 480 61682
459 191 30511
58 349 45484
410 515 21821
287 25 65670
398 247 79619
523 138 50894
10 226 16821
235 501 47123
197 493 85609
225 487 51833
219 221 12786
340 399 44112
433 226 25537
57 395 49720
325 27 33034
287 473 10804
523 17 23858
356 303 13345
139 373 70721
442 402 2019
316 305 80254
82 35 1666
430 425 45846
465 58 83644
347 341 7488
418 347 91195
186 309 47721
171 71 2858
219 320 67309
191 284 83934
211 145 32271
277 366 74490
286 51 90065
429 431 8294
121 429 88906
275 84 57012
505 380 16081
378 199 34812
130 407 8998
516 350 33397
13 213 36454
23 152 69513
235 367 99542
162 109 35874
232 294 68274
3 154 74033
488 230 94235
465 134 48239
465 198 86789
51 422 59793
444 315 84783
188 112 44184
43 11 8934
499 141 31927
73 253 63694
517 259 96687
340 325 78384
243 113 12415
58 109 7290
367 470 3014
453 327 1453
41 175 31495
42 219 63101
89 123 90441
313 186 47086
512 496 82883
254 211 2504
53 282 48771
245 153 89667
16 412 65173
372 94 77840
372 438 71950
356 409 47856
154 231 93146
450 395 90339
113 150 48008
207 281 34574
183 512 19295
287 465 91522
445 276 53754
30 163 92423
496 258 98089
289 62 34181
244 327 62840
285 428 92573
486 376 93321
181 98 49784
309 96 2053
270 470 86879
263 288 71261
275 4 40496
119 104 17628
404 267 97889
433 191 87244
72 26 27131
312 520 793
334 12 70750
481 215 76498
372 429 34505
149 187 66436
255 129 38892
302 417 2900
370 155 11867
305 321 51858
242 360 9211
161 156 1943
189 38 30655
323 316 31919
386 462 66487
7 462 35087
497 297 83020
199 132 83010
15 419 19552
333 250 40048
167 422 57191
331 361 37981
10 113 44665
72 59 31688
174 93 87608
143 165 48072
399 184 92069
267 465 47044
240 293 75141
167 341 16114
291 143 28066
109 443 16997
134 295 9371
213 184 2168
277 204 60345
386 1 29961
288 519 31471
64 447 40669
419 288 53059
410 56 59981
431 94 90530
97 155 77442
245 206 3961
74 305 87470
227 25 99860
422 423 44822
104 349 69981
19 434 82430
294 215 10664
66 70 92959
309 74 88467
379 323 38479
31 340 56115
498 445 58156
190 87 51337
446 196 8150
356 418 62054
184 94 29738
131 397 89189
162 25 83922
339 24 82234
400 21 5805
19 340 76909
98 142 20959
107 163 29827
214 500 22292
11 435 63937
101 256 51754
293 179 10435
131 108 1409
249 89 68072
444 496 99317
453 33 92877
404 248 58730
517 158 83097
196 194 44715
276 392 77244
514 151 53527
1 519 31673
162 369 80186
385 129 88896
402 438 4066
139 216 37848
64 498 82947
229 293 28836
95 185 68863
167 517 66493
385 437 27886
484 433 33428
156 487 57050
516 445 89387
438 163 19015
61 315 51059
202 91 14117
437 155 77702
499 185 44703
441 166 74582
500 404 63510
218 459 81556
212 227 62879
479 420 23270
119 362 92436
151 518 28139
227 150 39
295 374 20433
479 123 52500
225 96 44830
295 326 24767
387 271 38690
270 65 19499
485 359 25527
397 348 43352
326 241 71238
140 351 81877
472 294 93785
388 337 17274
348 33 36472
257 420 78212
325 428 16827
501 48 85348
81 303 13210
455 323 85115
130 375 16816
323 62 59814
199 84 20721
255 91 89235
125 22 79233
28 239 29196
327 300 26031
502 187 49791
509 285 24790
300 177 77412
390 234 4630
517 421 70393
429 407 18637
523 414 50770
222 151 80392
302 169 71629
274 163 19125
404 251 9822
234 220 74364
221 137 17050
8 90 64547
189 108 36543
446 192 83185
91 285 37149
274 85 19676
419 397 70385
70 116 25544
374 64 41923
460 83 77958
514 287 79375
433 227 49869
253 263 98576
428 136 49011
269 63 85707
371 12 10147
517 479 17433
418 63 67165
163 215 93719
240 316 71921
190 333 65676
162 73 11606
1 488 24145
140 253 19849
19 250 54297
304 287 40540
219 373 84829
324 150 67328
131 120 51122
72 123 67747
122 210 78858
229 292 21988
64 169 71744
267 83 72764
362 510 61269
71 241 13243
178 415 50236
410 12 47663
492 394 24869
375 459 10256
226 43 297
135 363 57452
285 183 25763
142 509 21655
320 509 9516
261 225 48593
211 412 23520
203 427 80590
95 191 74652
468 441 5073
243 209 13891
102 86 5429
69 259 18672
326 392 97272
428 249 36916
161 514 26227
502 154 72253
468 14 17343
201 25 72560
430 99 61877
254 438 38143
485 124 40068
393 410 44544
85 355 93345
188 43 66040
474 111 65485
242 320 93577
8 170 88758
421 15 6560
423 12 72566
246 150 94043
367 503 23859
90 494 76069
341 47 89031
441 243 67465
272 482 74525
22 418 54295
165 447 7291
93 251 97098
28 385 3546
435 185 90810
399 518 58932
518 255 31495
77 220 12484
144 238 68970
367 131 24732
82 61 80833
348 95 57701
311 428 20910
111 344 93558
306 235 52859
370 37 82089
72 261 55230
173 417 46555
491 362 38365
314 165 44841
220 289 76215
198 239 59624
333 506 87449
101 141 31955
179 135 22781
103 202 54819
170 148 82579
400 453 13701
323 468 49823
113 364 55851
495 150 84971
52 322 4373
386 39 33964
129 214 98191
357 9 71677
451 458 22038
132 449 99571
166 449 51625
123 179 73841
61 158 11271
13 267 62653
104 348 12393
217 483 88805
191 252 51396
129 466 19889
489 227 24426
219 140 96260
213 442 57231
237 19 27013
297 181 18241
184 250 31692
376 167 46256
312 51 99552
243 15 86330
374 430 21156
172 485 72855
439 326 38472
203 202 4102
512 296 28997
499 358 29036
290 186 78420
352 514 47026
4 249 64346
55 251 51666
161 234 32943
208 479 168
401 291 8020
295 140 83485
125 392 98141
44 215 93620
85 305 96757
39 207 3346
178 33 91970
403 109 80141
262 66 6773
15 104 38203
436 375 11387
431 125 3094
242 79 87196
84 203 84445
353 261 1190
446 479 98802
99 491 28902
228 106 36960
316 41 50724
114 110 92404
446 146 15229
484 146 94788
27 372 79013
466 250 76398
141 351 71726
488 482 11500
328 139 27353
94 20 68153
58 366 29444
512 165 41390
305 494 84949
330 320 49425
341 457 78435
360 323 95338
254 501 29429
123 396 58904
119 199 83061
70 280 28000
38 103 42953
99 474 6901
36 394 84402
259 91 97804
201 155 69181
182 323 84830
274 411 45255
12 207 57638
17 381 63450
472 270 22114
74 158 40738
420 92 62224
435 507 35677
274 249 20282
106 132 43263
98 103 4747
279 27 84309
150 449 77142
243 271 70188
70 79 58408
389 487 39660
435 433 95956
79 102 60967
477 131 20781
289 54 77199
463 493 56161
378 15 5271
47 416 93621
305 11 78880
307 385 50393
55 206 7713
196 130 77116
87 303 3890
279 441 85603
181 359 12835
509 199 80666
375 273 96795
173 273 65686
525 153 95779
253 521 87773
102 497 92391
508 227 68471
23 402 3044
58 272 85164
517 199 3410
110 159 54765
356 390 53045
312 435 15865
358 316 72354
178 108 89342
289 201 83766
174 146 17635
309 224 19008
106 408 16890
61 117 93441
513 154 84075
134 311 27194
339 203 10201
136 161 1610
95 406 7782
450 150 86205
109 450 23178
427 98 33111
382 45 98771
525 236 37946
443 294 50250
162 357 16040
250 162 87526
466 463 18091
95 210 18973
154 445 12085
96 461 2496
405 178 82280
394 500 19272
28 157 7017
106 383 41831
102 380 61808
368 44 88355
151 137 24277
470 203 162
486 383 10377
91 128 79109
265 381 35899
150 383 65648
199 108 14994
449 104 50818
476 83 24955
92 149 75674
48 258 21718
117 55 65278
314 363 43262
364 512 4807
179 457 73540
330 255 93815
59 227 29273
141 134 30363
460 401 66656
14 4 21278
328 343 29116
476 261 65310
426 277 31968
470 391 39021
508 511 69072
187 497 61473
55 10 36447
429 442 48282
318 113 14925
268 458 23703
482 48 39613
187 23 94109
171 192 15920
27 164 70054
90 321 31705
37 31 12133
490 135 41341
382 121 60808
470 128 24443
198 443 73429
249 454 908
138 315 23943
175 262 58752
40 20 1474
338 263 72843
352 388 10049
199 75 67435
112 388 57790
215 145 83614
26 232 1002
515 385 82670
35 133 62982
508 505 99832
47 196 43798
221 220 38915
402 338 32360
123 447 86647
179 388 9891
148 105 69082
411 309 69839
464 64 79750
61 321 31390
124 432 33166
269 511 80003
328 48 3917
377 409 9557
123 460 3744
378 276 6464
43 474 47461
212 491 84131
409 388 27076
175 18 16460
63 53 76147
227 110 14276
272 499 88995
94 477 84631
110 99 21040
135 142 17606
189 33 42943
416 507 62924
77 308 65706
282 49 33346
108 267 34233
164 320 73076
12 192 10430
263 9 37941
416 9 31642
480 102 74343
279 55 15376
86 456 82192
366 201 52061
236 425 64155
504 255 89869
207 447 99529
233 279 74086
480 231 49192
374 376 25719
307 238 89062
403 525 82418
212 161 57995
274 298 21460
116 500 41531
97 188 95850
62 92 66834
310 390 9875
304 340 10784
413 517 13109
443 340 78155
483 495 17387
461 330 74622
205 238 50691
359 211 92170
291 437 55167
285 239 38700
66 267 60363
346 180 69608
153 13 49181
100 471 2080
3 289 97567
513 499 29192
361 519 30519
296 390 38229
110 287 81161
347 245 57292
492 153 92486
144 27 27038
400 18 27780
419 70 75100
440 62 23436
99 316 78534
461 317 39015
435 271 71643
470 72 94237
453 373 7967
508 445 33759
506 113 92939
468 338 16206
401 378 21418
402 235 42617
491 43 68068
27 84 20890
502 338 73422
261 512 6238
412 304 4826
155 465 13026
308 259 34713
54 191 64812
227 454 72823
359 328 21175
30 487 48955
369 227 46769
138 91 58523
225 331 83485
51 27 19332
515 185 8968
329 436 47919
122 410 42223
505 479 88545
52 284 86858
448 237 45480
214 347 36846
188 365 66770
31 291 78651
90 402 44138
353 467 38492
44 178 13970
437 82 93095
270 299 6743
135 205 16811
203 329 7942
409 337 95416
6 196 95861
343 331 93683
266 308 15356
464 293 1656
193 351 61309
258 433 64533
34 276 1940
281 233 56870
20 394 49762
125 347 97882
235 427 90536
42 275 3985
225 59 43728
402 367 5124
419 132 21593
453 250 49767
44 122 74529
219 498 40939
245 209 45928
224 492 2193
126 361 88159
90 210 36829
415 116 93486
516 229 88004
75 275 29920
457 341 34262
265 391 14076
463 104 24316
342 74 82127
17 510 98511
436 59 26174
18 72 48487
298 414 89204
382 135 92176
394 433 11548
275 228 39326
487 261 65295
391 64 82346
250 235 39258
297 350 61220
193 25 55116
328 367 98474
374 30 23128
175 195 10080
133 111 38793
435 1 33630
211 398 99896
279 356 16616
314 168 87962
170 191 64176
402 432 19581
138 158 43276
77 439 51200
175 262 46643
206 484 63308
87 11 45218
402 183 44818
76 302 79630
318 9 36435
251 513 31503
235 495 86677
237 135 99727
183 313 67279
39 121 18095
253 171 99347
496 312 21342
323 236 18191
89 390 69624
187 437 54338
459 320 86210
137 123 72500
127 70 31057
201 420 62595
38 466 65508
197 246 86261
392 227 75660
88 407 1108
1 421 37732
446 401 68540
523 519 84180
437 172 36899
69 206 48229
259 104 37014
62 82 96059
282 180 42098
51 445 94277
365 514 83969
370 344 12208
460 72 16044
425 219 16784
434 452 85020
392 109 30997
121 430 99998
337 383 76592
216 203 83067
455 308 93021
147 176 2683
207 144 61201
387 425 78500
275 148 78798
320 492 13042
120 489 32147
136 339 93570
487 388 51228
53 380 44302
209 521 87492
250 222 89777
293 469 21502
188 514 65417
279 299 32218
231 67 61379
338 1 88666
227 285 17951
270 338 91400
343 175 90009
173 67 17768
329 67 22200
3 306 10352
498 293 75094
363 54 16060
49 248 2800
444 90 47874
415 165 18805
52 59 35522
403 55 21435
384 41 32825
402 509 29161
507 303 83485
413 202 79449
330 6 20681
322 99 17148
523 173 94490
452 422 90103
401 420 61823
301 167 32311
106 287 21450
451 509 78673
85 249 77236
355 16 50990
132 101 19185
524 23 3945
357 101 96887
448 431 66154
19 518 82756
111 164 11874
312 362 78507
60 263 46331
348 451 95589
320 442 51326
244 422 89958
339 462 59741
455 386 56114
378 419 55554
519 164 91089
215 104 66614
64 97 84783
92 300 14279
375 370 26046
483 374 27717
296 217 60947
432 179 40994
275 412 71712
64 59 30729
395 140 78186
341 321 45087
69 505 63914
129 66 1750
158 339 60236
25 344 9890
63 37 47991
468 112 9831
512 340 76286
156 90 19530
3 277 52026
448 423 54649
139 45 96312
411 330 6876
382 389 81035
400 302 9679
376 156 18077
262 383 49623
338 315 87522
305 370 93544
19 356 36675
491 322 74557
79 93 61853
279 149 10160
80 182 63000
431 396 13556
413 388 46256
445 440 84141
108 80 50496
243 376 86394
51 74 18273
321 19 20746
517 480 78100
116 305 43571
200 365 87004
136 59 59126
177 160 6298
35 103 84070
252 396 55150
317 41 66481
257 174 50000
290 467 65955
297 78 77467
468 351 35112
392 155 56814
406 182 29150
186 32 80674
277 129 48463
415 374 28529
436 500 7093
251 261 13299
184 337 13795
53 46 40957
431 368 31335
172 201 77882
490 3 94477
62 248 66185
128 262 55762
277 185 46448
218 82 46906
485 22 96992
364 296 61647
206 223 51696
209 37 15890
472 92 22681
391 299 21739
132 388 70995
115 364 56611
336 197 72575
96 203 43981
392 428 12755
287 350 37293
262 303 72339
478 81 92444
224 481 65713
60 109 8860
66 159 55298
397 463 66488
80 341 66701
232 283 61733
41 6 61301
295 501 53168
321 3 98357
76 405 33202
82 459 66101
288 12 88849
495 37 88651
455 227 6096
500 287 89656
422 136 63288
100 436 25221
399 199 4118
13 490 87147
362 111 77497
370 180 57963
453 411 41183
437 471 98625
216 217 92028
403 319 51902
483 60 35113
382 35 95196
421 118 19151
119 291 71062
271 52 60201
279 279 35059
485 425 57960
169 346 75323
151 358 29423
418 333 277
322 503 28064
419 48 92834
195 432 88542
12 57 12676
501 353 73872
124 377 17055
60 32 58387
478 115 13422
323 164 16952
167 201 96337
251 104 67325
195 482 25340
