958
3 1
2 1
3 1
1 1 294613
2 1
1 1 62932
1 1 764134
1 62932 349338
3 349338
3 62932
3 1
1 349338 968788
1 62932 968973
3 349338
3 968788
3 1
3 349338
3 764134
3 294613
3 62932
3 764134
1 62932 436346
2 436346
2 968973
2 62932
2 1
2 62932
1 1 712295
1 436346 98985
3 764134
1 968788 568517
2 62932
1 98985 193348
3 98985
1 193348 326124
2 1
2 349338
2 968788
3 193348
2 98985
3 568517
1 568517 997110
2 968973
1 1 316380
2 62932
3 968788
3 326124
2 98985
3 294613
1 568517 933191
1 1 76398
3 326124
3 1
3 316380
1 316380 399666
1 98985 473489
3 712295
3 326124
1 473489 800030
3 193348
1 193348 975862
1 326124 749631
2 749631
2 933191
3 712295
2 399666
1 294613 823183
2 1
1 712295 658242
3 62932
3 349338
1 764134 164217
1 823183 263425
2 997110
3 933191
1 326124 813702
2 473489
3 712295
2 294613
1 294613 907144
3 764134
3 968973
3 263425
1 326124 432714
3 349338
3 749631
1 975862 460629
2 764134
3 349338
2 62932
1 907144 653152
1 62932 470694
1 653152 16905
2 436346
2 432714
2 749631
3 568517
3 399666
1 294613 442536
2 326124
2 436346
3 975862
1 98985 780218
2 907144
2 1
2 997110
2 933191
3 658242
3 653152
1 749631 838960
2 399666
2 316380
3 712295
2 997110
3 16905
1 460629 147403
1 436346 403308
3 147403
3 653152
2 473489
1 800030 337442
1 442536 480168
1 975862 655282
3 432714
1 975862 850146
3 76398
1 62932 28861
1 403308 88792
1 62932 248163
1 403308 48856
3 568517
1 349338 380128
1 442536 20571
2 813702
3 263425
1 568517 136360
3 48856
3 147403
1 349338 471517
2 136360
2 471517
1 653152 326550
2 349338
3 968973
2 653152
3 813702
1 813702 898697
3 349338
1 248163 232034
2 850146
3 471517
2 349338
2 263425
3 16905
3 98985
1 380128 819835
2 399666
3 232034
1 898697 388066
3 164217
1 98985 581976
2 764134
2 1
2 164217
2 473489
2 16905
3 28861
3 232034
3 907144
1 712295 563121
2 480168
1 432714 932739
2 968973
3 933191
1 16905 137700
1 764134 168739
3 780218
2 88792
1 98985 763324
3 48856
2 749631
2 76398
2 658242
1 62932 599219
3 599219
2 193348
2 16905
1 349338 970413
3 388066
1 316380 973879
3 442536
3 337442
3 147403
1 442536 730703
1 399666 599558
1 968973 414158
1 730703 659717
3 763324
2 193348
1 399666 841689
2 970413
1 248163 356288
1 294613 955756
1 471517 482176
2 850146
3 563121
2 730703
1 20571 374820
1 932739 879415
3 337442
2 168739
3 659717
2 970413
3 316380
2 136360
2 380128
3 326124
2 973879
3 955756
1 764134 650756
3 263425
3 232034
1 414158 358412
2 712295
1 482176 981676
2 380128
3 841689
3 380128
2 147403
1 730703 238545
1 349338 994025
3 263425
2 460629
2 248163
1 374820 801834
3 838960
1 823183 848400
2 48856
2 473489
2 650756
3 388066
3 819835
3 147403
3 599219
3 168739
2 650756
1 403308 437941
2 879415
2 932739
1 263425 670595
3 432714
3 968973
3 801834
2 137700
2 48856
2 480168
3 349338
2 658242
3 88792
1 238545 384885
2 437941
2 764134
2 819835
3 749631
2 16905
1 968973 326665
2 801834
2 823183
2 388066
2 968788
1 238545 266771
2 879415
3 374820
2 968973
2 442536
3 955756
3 136360
1 460629 573035
3 263425
2 841689
3 850146
3 460629
1 399666 562789
3 975862
3 356288
3 1
3 436346
1 98985 261774
1 800030 964555
2 337442
1 384885 346176
1 88792 899868
2 813702
2 482176
2 349338
1 442536 895401
2 599558
1 473489 489342
1 316380 54939
2 879415
1 263425 472326
2 380128
3 473489
1 973879 277570
1 562789 960625
3 471517
3 819835
1 650756 690681
1 48856 70422
2 437941
3 973879
3 98985
1 780218 811052
1 997110 266456
3 137700
2 650756
2 480168
2 380128
3 414158
1 403308 224561
3 358412
1 581976 897266
3 20571
3 473489
3 968788
3 248163
2 437941
3 316380
2 326124
3 573035
1 749631 279535
2 482176
3 437941
1 599219 339901
1 563121 462045
1 48856 630790
1 800030 946298
1 432714 88244
3 356288
1 316380 605499
2 563121
2 279535
2 88792
2 730703
1 658242 389136
3 895401
2 670595
3 489342
2 841689
1 690681 291805
1 88244 693829
2 670595
2 88244
3 850146
3 968788
3 659717
2 994025
2 54939
1 895401 323064
2 780218
1 563121 516040
2 326124
3 655282
1 650756 316737
3 294613
2 581976
3 88244
2 968788
2 291805
1 384885 614281
2 975862
2 960625
1 88244 544667
1 168739 38787
1 76398 480601
2 399666
1 800030 420450
3 374820
3 266771
3 414158
2 88244
2 294613
1 323064 671319
2 358412
3 88792
3 690681
1 294613 241766
3 164217
1 471517 387809
2 384885
2 763324
3 266456
3 339901
3 895401
1 994025 767649
3 414158
1 482176 419164
2 248163
1 946298 196846
3 897266
2 813702
2 489342
1 749631 1998
3 813702
2 442536
3 897266
1 387809 355514
3 388066
1 436346 762064
3 339901
1 489342 375901
3 28861
1 897266 739628
2 997110
2 848400
1 763324 143809
1 38787 702801
3 848400
1 605499 380827
1 581976 677187
2 462045
2 690681
3 489342
2 147403
3 973879
1 964555 448752
3 380128
1 767649 62186
3 316380
3 605499
1 374820 58402
3 432714
2 279535
1 277570 277912
1 955756 304257
3 374820
1 471517 411303
1 599558 518621
1 403308 994079
1 932739 575382
3 780218
1 898697 161054
2 238545
2 76398
3 823183
3 16905
3 677187
1 932739 572252
2 730703
1 291805 252746
2 964555
3 88244
1 968973 374116
2 375901
3 970413
3 848400
1 316380 498003
3 164217
2 58402
2 164217
3 658242
1 544667 273114
1 946298 470366
2 897266
1 432714 642517
1 811052 322182
2 266456
2 599558
1 238545 399769
1 62186 369444
2 960625
2 88792
1 573035 86891
2 460629
3 650756
2 955756
3 614281
3 374820
2 168739
1 358412 500461
3 143809
3 384885
2 749631
2 304257
2 88792
1 544667 996052
1 232034 749892
3 349338
3 266771
1 895401 232982
1 472326 767125
3 500461
1 28861 822641
3 575382
2 975862
3 702801
1 764134 663283
3 326550
2 702801
2 850146
2 384885
3 86891
2 879415
2 500461
1 822641 547585
2 263425
3 599558
1 277912 600649
2 655282
1 420450 486846
1 266456 165094
1 196846 99596
2 70422
2 801834
1 136360 872564
2 563121
2 316737
3 399666
1 99596 99788
2 693829
3 471517
2 973879
2 693829
2 933191
2 600649
2 933191
1 339901 406077
2 568517
3 273114
3 420450
3 897266
2 712295
2 994079
2 326550
3 414158
3 655282
3 224561
1 599558 806669
1 480601 648523
2 369444
3 933191
3 996052
2 193348
1 323064 258416
2 88792
1 500461 227832
2 322182
1 168739 250520
1 811052 165267
3 482176
2 88244
3 473489
3 838960
2 316380
1 164217 646757
2 968788
3 575382
3 88244
3 642517
2 907144
3 1998
1 273114 378337
2 994079
1 437941 7492
2 630790
2 1
1 994079 304840
3 907144
1 544667 321496
2 277912
2 730703
3 599558
3 630790
3 690681
3 823183
2 780218
1 677187 622369
3 960625
3 62186
2 227832
3 630790
2 420450
1 767125 608299
3 88244
1 346176 554926
1 946298 87664
1 380128 287192
3 273114
3 677187
2 88244
1 70422 635721
3 955756
3 355514
2 48856
1 970413 617535
3 872564
2 279535
1 614281 623840
2 547585
1 442536 534915
1 387809 477722
1 848400 463695
3 378337
2 326665
1 650756 16403
3 399666
1 739628 23287
1 663283 991322
1 573035 864156
3 670595
3 165267
2 630790
2 252746
1 670595 511910
2 337442
2 933191
3 635721
1 369444 371497
1 762064 200065
1 762064 657985
3 614281
1 323064 371249
1 486846 869634
1 848400 921803
3 630790
2 321496
2 252746
3 7492
1 670595 916055
2 767649
1 800030 754346
3 432714
3 968973
2 472326
2 227832
2 442536
2 266456
3 968788
2 436346
3 608299
2 322182
1 161054 83566
3 374820
3 975862
1 659717 648829
2 921803
1 973879 995972
1 511910 892837
2 164217
2 448752
3 99788
2 991322
2 489342
3 573035
2 143809
2 28861
3 304257
1 291805 355947
2 677187
3 355514
1 99596 926643
2 273114
1 996052 799652
3 279535
1 136360 324611
3 653152
1 326665 852009
2 648829
2 436346
3 279535
1 663283 765630
1 811052 89807
1 581976 533050
2 730703
2 349338
2 436346
2 841689
3 869634
3 224561
2 921803
3 480168
1 838960 898863
3 921803
2 850146
2 200065
3 28861
3 463695
2 799652
3 62932
1 419164 437224
1 326124 619981
3 614281
1 933191 678236
2 895401
2 62186
3 326550
2 86891
2 143809
1 921803 704567
3 671319
1 437224 744439
3 554926
2 291805
3 482176
2 869634
1 897266 213381
1 420450 509086
2 973879
1 473489 63282
1 946298 998941
1 575382 908692
1 898697 329006
1 62932 393895
3 975862
3 608299
1 482176 553732
1 498003 228480
1 765630 333922
3 702801
2 960625
1 380827 499958
2 946298
3 88244
3 819835
1 994025 992648
2 346176
2 973879
1 1998 770991
1 547585 634673
2 228480
3 471517
1 767649 416824
1 16905 226924
2 702801
1 261774 66237
2 89807
1 608299 563631
3 670595
1 375901 2313
3 399769
3 946298
3 614281
1 780218 739178
1 228480 90774
3 994079
2 7492
2 563121
2 23287
3 228480
1 137700 247820
2 997110
3 326550
2 518621
1 575382 185553
3 304840
2 898697
3 349338
1 657985 71905
1 380827 524819
2 516040
3 968788
2 573035
2 563121
3 869634
1 89807 841153
1 907144 180817
2 754346
2 852009
1 946298 26525
2 658242
2 196846
2 273114
3 168739
1 973879 130381
2 848400
3 266456
1 553732 813632
2 147403
3 66237
2 432714
1 524819 195547
3 763324
1 380128 867516
3 486846
3 898697
3 371249
3 473489
1 87664 90412
2 509086
3 326124
1 926643 124664
2 358412
2 838960
3 754346
3 226924
2 324611
1 165267 176245
2 326665
2 712295
3 279535
1 76398 896289
2 1998
2 482176
2 642517
1 663283 963271
1 88792 29698
2 630790
3 252746
1 86891 313869
2 765630
1 147403 265461
3 228480
1 62186 975418
2 841153
3 994079
1 648523 330244
3 232034
3 614281
2 90412
3 137700
1 762064 399901
1 693829 630567
1 164217 354947
1 333922 150914
2 994079
1 241766 584717
2 678236
1 482176 899210
3 819835
3 946298
3 316380
3 339901
2 277912
1 573035 111017
2 26525
1 998941 601006
1 99788 588389
2 963271
2 337442
2 898697
3 380128
1 799652 246086
1 339901 194713
1 767649 121607
1 322182 105951
3 124664
3 823183
1 393895 766818
2 86891
2 677187
2 997110
2 136360
3 432714
1 712295 81047
2 329006
1 195547 9543
2 553732
1 744439 128156
2 898863
1 898863 518159
3 766818
3 403308
3 617535
3 677187
2 252746
3 380128
3 387809
1 323064 50118
2 801834
1 762064 592441
1 968788 861273
1 1 718514
2 369444
2 946298
3 349338
2 766818
1 378337 502245
1 442536 698651
1 266771 914823
1 599219 608418
1 744439 411707
2 968788
3 266456
3 54939
2 265461
2 762064
2 898697
3 329006
1 848400 397863
1 895401 914681
3 277570
2 213381
1 573035 131922
2 770991
3 161054
1 899210 781779
2 642517
2 2313
2 964555
1 975862 119446
2 655282
2 822641
2 813702
2 872564
1 355514 733868
3 659717
3 648523
1 1 673983
1 766818 447768
3 238545
2 898863
3 150914
2 486846
3 823183
2 224561
1 730703 239199
3 194713
1 841153 12013
3 232034
1 502245 414776
1 324611 890237
1 143809 586169
2 896289
1 739628 503810
3 28861
2 411707
3 105951
3 698651
1 554926 780071
1 892837 514869
2 841153
3 119446
1 655282 138421
3 71905
1 739628 423766
3 66237
1 143809 576950
3 813632
2 62932
1 599558 675007
2 329006
3 165267
2 630790
3 503810
3 630790
2 2313
3 165267
3 749631
3 659717
1 28861 862095
1 718514 874170
2 76398
3 406077
2 822641
1 130381 2510
2 754346
3 861273
2 648523
