486
2 1
2 1
3 1
3 1
1 1 776338
1 776338 759188
2 776338
3 1
2 759188
3 776338
1 776338 174330
1 174330 378221
2 1
2 759188
3 1
3 378221
2 1
2 378221
3 1
1 759188 116860
2 776338
2 776338
1 1 884744
1 378221 158349
3 116860
3 116860
1 378221 699399
2 116860
1 116860 684635
2 884744
1 699399 428988
1 174330 580486
1 1 223763
2 428988
1 884744 476267
2 174330
1 684635 955474
3 684635
1 116860 55619
2 684635
3 580486
2 174330
3 699399
3 378221
1 776338 177645
1 223763 849492
1 158349 398377
1 884744 19572
2 776338
3 476267
2 174330
2 476267
2 19572
3 849492
3 955474
3 1
2 19572
1 428988 527989
1 174330 446858
3 759188
3 19572
1 955474 689253
2 446858
2 684635
1 884744 313199
2 759188
3 446858
1 19572 262173
2 699399
3 116860
1 313199 571659
2 580486
3 527989
3 571659
1 527989 531595
1 1 895562
3 398377
1 759188 672444
2 699399
1 531595 326997
2 158349
2 476267
3 446858
2 531595
3 699399
1 174330 998578
2 398377
1 378221 478032
1 580486 443264
3 884744
2 116860
1 19572 934168
3 398377
1 55619 657128
2 998578
2 884744
3 262173
2 262173
1 657128 26026
3 699399
3 55619
1 313199 516040
1 580486 914027
1 776338 872302
1 531595 906453
2 759188
1 527989 732354
2 531595
2 998578
1 895562 140327
3 998578
2 672444
3 955474
3 776338
2 699399
2 1
3 428988
3 476267
1 895562 659207
3 672444
3 580486
2 914027
3 580486
1 659207 248763
1 732354 42252
3 672444
1 998578 589458
2 26026
2 527989
2 326997
3 906453
3 446858
1 26026 50660
3 262173
1 1 854376
2 527989
3 1
2 895562
3 580486
2 872302
3 428988
1 659207 919743
2 732354
1 140327 419897
2 672444
2 177645
2 580486
3 326997
2 699399
2 589458
1 657128 390389
1 177645 971827
3 313199
3 19572
3 313199
2 248763
1 428988 203423
1 446858 396791
1 174330 18312
2 50660
1 26026 641840
2 854376
1 398377 239239
3 476267
2 971827
3 1
2 580486
3 906453
3 419897
2 18312
2 174330
2 516040
1 659207 443613
3 895562
2 759188
1 174330 217278
3 906453
2 19572
2 50660
2 684635
2 478032
1 223763 337406
2 934168
1 689253 629796
1 629796 794134
1 914027 741162
2 262173
2 919743
1 443264 529279
2 919743
1 971827 190332
1 872302 722866
1 174330 12031
2 732354
1 177645 504992
1 531595 620611
3 919743
1 759188 516514
2 50660
3 239239
1 140327 282061
1 589458 846004
3 116860
3 443264
1 849492 293498
3 476267
2 684635
1 174330 114192
3 998578
1 531595 681754
3 419897
3 722866
3 174330
3 906453
1 313199 738560
2 919743
2 776338
3 689253
1 203423 314252
1 140327 254427
3 846004
3 681754
3 906453
1 580486 190563
2 516514
1 884744 493913
3 337406
1 620611 998209
3 254427
1 699399 295590
1 378221 610966
2 203423
3 443264
1 681754 225815
3 282061
1 919743 4649
2 1
2 531595
1 225815 246464
3 12031
2 12031
1 190332 943710
2 314252
3 398377
2 580486
1 527989 24290
3 4649
1 629796 247447
1 18312 18936
1 114192 933748
2 998209
2 158349
1 190563 297605
2 116860
1 849492 700777
3 18936
1 446858 487238
3 50660
2 443264
1 116860 674785
2 203423
2 610966
3 262173
2 955474
2 42252
2 140327
1 24290 223253
1 895562 421811
1 476267 872972
1 689253 393088
1 1 213738
1 487238 895577
3 943710
2 681754
1 174330 262973
2 934168
1 177645 834748
2 262173
2 895562
2 248763
3 504992
1 884744 644325
2 293498
2 262173
2 337406
1 741162 839931
3 116860
2 390389
2 116860
1 314252 199740
2 589458
2 19572
2 223253
2 114192
1 476267 318178
2 114192
2 516514
3 854376
1 297605 901852
1 571659 96114
1 527989 894721
2 657128
2 390389
3 610966
1 443613 51244
3 527989
2 998578
1 493913 674459
3 239239
2 297605
3 158349
1 493913 139089
3 428988
1 18936 368645
1 114192 115700
3 895577
3 368645
2 971827
3 895562
2 239239
2 262973
2 700777
2 934168
3 12031
2 443264
3 223763
3 24290
3 894721
3 282061
1 247447 853648
2 297605
1 262173 59815
3 140327
3 4649
1 297605 240571
2 884744
3 174330
2 55619
1 884744 360032
3 42252
1 846004 679641
3 443264
1 26026 899732
1 378221 206441
3 849492
1 428988 843697
2 933748
2 732354
2 114192
1 282061 405796
3 24290
3 190332
1 24290 321207
3 368645
1 398377 758758
3 421811
1 849492 159873
2 843697
2 428988
2 12031
2 293498
2 50660
3 24290
1 26026 699272
2 4649
2 620611
1 246464 375672
2 971827
3 50660
2 96114
2 504992
2 722866
1 368645 279270
2 396791
3 247447
1 894721 230058
1 360032 566053
3 18936
3 190332
3 297605
3 199740
3 849492
1 699272 245519
3 443613
1 895562 273368
1 629796 64978
3 884744
3 794134
1 314252 45483
3 529279
3 493913
1 476267 302241
3 375672
2 722866
1 933748 219772
3 4649
2 139089
1 273368 677514
3 203423
3 378221
1 998209 243772
3 674459
1 674785 979742
1 59815 295238
1 24290 19120
2 478032
2 4649
3 620611
3 677514
2 174330
2 919743
1 45483 107899
2 59815
2 529279
1 51244 959988
2 230058
2 140327
1 4649 614464
2 641840
1 914027 315797
3 378221
2 487238
2 174330
2 776338
2 390389
2 732354
3 337406
1 843697 10398
3 24290
3 115700
2 998578
2 337406
3 478032
2 998209
3 140327
1 50660 864427
2 738560
1 689253 200216
3 674459
3 527989
2 243772
2 959988
1 190332 249906
3 906453
2 50660
1 421811 421425
2 1
3 644325
3 504992
3 247447
1 248763 34972
1 794134 13102
1 13102 380167
3 699399
3 293498
1 19572 734958
3 487238
2 393088
3 914027
3 64978
3 393088
1 895577 736718
3 933748
1 213738 240537
3 674785
1 895577 461350
3 254427
2 699272
1 225815 616882
3 295590
3 894721
1 901852 485275
3 390389
2 239239
1 934168 308880
2 116860
1 308880 896746
2 223253
2 217278
3 326997
2 190332
2 248763
2 190332
1 380167 56554
2 732354
1 203423 58213
