146
3 1
2 1
1 1 887344
3 1
1 887344 826919
3 826919
1 887344 475381
2 475381
1 826919 102062
3 1
3 1
1 475381 768298
2 1
2 826919
3 475381
3 475381
1 102062 288346
2 826919
3 102062
1 102062 966296
1 768298 432104
2 1
2 1
1 432104 647229
2 887344
1 288346 43405
3 966296
2 1
1 432104 996597
1 102062 12041
3 1
1 432104 570342
1 43405 955731
2 955731
2 12041
1 826919 735258
3 12041
3 647229
2 43405
1 475381 985639
3 647229
3 955731
1 735258 290018
3 966296
2 288346
1 290018 685812
3 735258
1 288346 264707
2 685812
2 264707
1 102062 436625
3 570342
2 768298
3 436625
3 43405
1 570342 737090
2 826919
3 955731
2 985639
1 955731 919901
3 288346
3 475381
2 12041
2 887344
2 768298
1 887344 570274
2 288346
1 768298 366660
3 887344
1 826919 528944
1 996597 575683
3 735258
2 737090
3 735258
2 768298
3 570342
1 12041 685549
2 436625
3 1
3 647229
1 685549 994800
3 955731
2 826919
3 288346
1 432104 8584
1 966296 919872
3 996597
2 570274
3 647229
1 685812 935058
3 996597
1 919872 687108
1 288346 336663
2 102062
3 288346
2 102062
3 290018
2 919901
2 955731
1 366660 560260
2 290018
2 570274
3 826919
1 919901 911533
1 336663 205810
3 436625
2 264707
1 264707 229945
1 366660 675085
3 685812
1 994800 97292
1 737090 329262
1 675085 611988
3 102062
2 647229
2 675085
1 475381 325907
2 575683
2 685549
3 735258
2 229945
1 264707 254747
1 570342 329659
3 996597
3 97292
3 575683
1 955731 850487
3 850487
1 675085 778613
1 768298 708114
3 996597
3 611988
1 966296 451457
1 685549 772621
1 735258 973073
2 778613
2 675085
2 778613
3 329262
2 647229
3 708114
1 336663 514568
3 1
3 935058
1 12041 2025
2 826919
