544
3 1
3 1
2 1
1 1 828992
1 828992 411149
1 1 108776
1 411149 47652
1 108776 130320
3 828992
3 1
2 130320
1 411149 334993
2 411149
3 130320
2 334993
2 1
1 47652 891793
3 108776
3 411149
2 108776
2 108776
2 108776
2 828992
3 108776
3 1
2 1
3 130320
3 108776
1 108776 215528
3 130320
3 108776
2 828992
1 108776 895823
2 1
1 47652 343065
3 828992
1 828992 231306
3 334993
1 828992 813928
2 1
1 828992 350580
3 895823
3 411149
3 350580
2 411149
1 411149 458011
3 215528
3 334993
2 108776
3 215528
1 458011 989338
3 231306
1 895823 463647
2 813928
1 108776 817227
1 989338 725468
1 411149 203599
2 130320
2 813928
3 215528
3 203599
1 458011 432462
2 108776
1 432462 581234
3 458011
1 343065 732662
2 817227
3 108776
2 817227
2 458011
2 458011
2 231306
1 989338 790592
3 343065
3 47652
2 790592
3 130320
2 350580
1 725468 582539
1 895823 531730
2 47652
3 1
3 828992
2 334993
3 350580
2 1
1 895823 521226
1 790592 588992
2 215528
2 343065
1 732662 353062
3 725468
2 588992
3 458011
3 350580
2 813928
2 521226
3 130320
3 732662
3 581234
1 582539 165912
2 813928
1 582539 644200
1 350580 526276
2 790592
1 582539 702929
1 989338 990820
3 334993
3 526276
2 1
2 813928
2 990820
3 989338
3 581234
1 334993 537036
1 343065 542621
3 334993
3 537036
3 526276
2 334993
3 350580
3 817227
3 702929
3 432462
1 531730 271199
1 1 220468
3 165912
1 411149 556946
1 588992 592758
3 108776
2 790592
3 353062
2 644200
3 521226
2 334993
1 463647 773961
1 215528 196380
1 581234 463619
2 790592
2 531730
2 702929
1 989338 105814
2 790592
2 203599
1 350580 342391
2 581234
2 220468
1 790592 68693
3 334993
2 526276
3 588992
2 463647
1 702929 21693
1 463647 43120
1 644200 64410
1 108776 894850
3 196380
2 458011
3 43120
3 68693
1 581234 239667
2 990820
2 581234
2 220468
2 130320
1 732662 704245
2 521226
1 542621 763717
3 592758
2 895823
1 105814 477850
2 1
1 165912 402423
3 21693
1 588992 169747
1 68693 799766
1 402423 350150
2 990820
2 704245
1 526276 637412
1 43120 925695
1 588992 312870
1 891793 865832
1 531730 758760
2 581234
2 1
3 68693
3 432462
2 521226
3 343065
1 220468 792109
3 537036
1 463619 730079
3 813928
2 463619
3 220468
2 732662
3 792109
2 477850
1 477850 785039
3 588992
2 47652
2 342391
3 556946
3 526276
1 895823 354062
1 588992 121119
1 21693 898239
2 644200
2 312870
2 220468
2 817227
2 592758
3 990820
2 165912
1 342391 600884
2 644200
1 725468 95809
3 763717
3 537036
1 537036 621654
2 21693
3 581234
1 105814 749445
3 334993
2 865832
1 521226 193667
1 220468 119173
1 785039 427196
2 342391
1 119173 197378
1 990820 391162
1 350150 232907
3 894850
3 799766
2 989338
3 215528
2 350150
3 21693
1 353062 799780
2 749445
3 785039
3 458011
2 785039
1 402423 774904
1 342391 941744
2 108776
3 232907
1 817227 309846
3 792109
3 556946
1 990820 705830
3 271199
3 220468
3 411149
2 704245
3 790592
2 220468
3 773961
3 774904
1 732662 441522
1 197378 106734
2 730079
2 68693
3 813928
1 705830 531140
3 774904
1 799766 189975
1 725468 241785
1 271199 939124
2 312870
1 231306 639171
3 531140
2 582539
3 891793
1 813928 609968
3 432462
2 813928
2 702929
2 203599
2 196380
2 521226
2 531730
1 556946 104744
1 220468 433139
2 402423
3 792109
3 702929
1 581234 925597
1 68693 622522
3 749445
2 196380
3 556946
1 220468 670276
2 64410
1 95809 458980
1 588992 94767
1 941744 647386
2 220468
2 894850
1 220468 646717
1 95809 944668
3 47652
3 334993
3 215528
3 646717
3 463647
2 790592
3 353062
2 925695
1 990820 961356
1 670276 899113
1 343065 65176
2 104744
2 350580
3 130320
2 749445
1 556946 586862
1 94767 374756
3 944668
1 799766 449136
3 402423
1 865832 583640
2 402423
3 925597
2 621654
1 644200 725657
1 68693 528387
1 350150 320185
2 725657
2 989338
3 239667
2 1
3 108776
3 203599
1 646717 534627
2 586862
2 941744
3 813928
3 865832
2 581234
1 526276 502236
1 581234 940197
3 108776
2 95809
3 108776
2 458980
2 458011
1 65176 224420
1 941744 427714
2 47652
3 350150
2 763717
1 350150 733693
2 891793
1 458011 721090
1 721090 568410
2 220468
2 799766
1 925695 855684
2 354062
2 944668
1 542621 630465
2 891793
1 104744 620817
3 588992
3 620817
3 193667
2 568410
3 705830
1 189975 945443
1 891793 431366
2 108776
2 944668
3 940197
1 521226 391147
2 193667
2 433139
1 609968 946853
3 334993
3 342391
1 705830 587359
2 353062
2 521226
2 705830
3 94767
3 961356
3 431366
3 646717
3 620817
3 271199
3 531730
2 232907
2 391147
2 477850
3 224420
2 990820
1 121119 52653
3 239667
2 463647
1 941744 96087
3 894850
3 581234
2 391147
3 43120
1 586862 204777
1 813928 509891
2 704245
1 52653 283346
1 411149 16979
2 895823
1 43120 236351
2 215528
2 894850
3 197378
2 509891
1 108776 984583
2 940197
3 189975
3 891793
2 941744
3 813928
1 43120 170559
2 630465
2 432462
2 592758
2 799766
2 733693
2 104744
2 941744
2 534627
1 891793 684212
1 431366 646291
1 749445 593724
2 725468
1 449136 786856
3 758760
1 271199 254363
2 170559
2 786856
1 894850 592699
1 224420 251580
2 427714
2 730079
3 68693
1 449136 353916
3 961356
3 637412
1 749445 227737
2 989338
1 705830 183209
1 342391 854163
1 620817 992766
2 568410
2 785039
2 592699
2 203599
1 647386 733075
3 193667
3 94767
1 732662 324117
1 542621 805238
1 119173 260197
2 342391
2 592699
3 283346
2 232907
1 1 358898
1 639171 62023
3 622522
3 169747
2 704245
2 239667
3 721090
3 391162
1 433139 876817
1 309846 94510
3 637412
1 521226 622166
1 647386 920264
2 925597
2 592758
2 232907
2 130320
3 531140
2 941744
2 224420
2 592758
2 236351
2 622522
1 733075 239983
3 43120
3 990820
2 898239
3 241785
1 581234 523689
2 197378
3 583640
2 891793
1 898239 770360
2 224420
1 944668 616417
2 646291
3 477850
1 637412 212132
1 353062 323094
2 990820
2 215528
1 684212 934394
2 876817
3 283346
3 358898
3 241785
2 324117
2 646717
2 121119
2 323094
1 52653 101562
3 588992
2 622522
2 813928
1 350580 7916
1 876817 688359
3 309846
2 236351
1 898239 845018
2 183209
2 358898
2 350580
2 961356
1 251580 549563
1 358898 903867
1 358898 876009
3 984583
1 549563 467756
1 786856 597769
3 609968
2 312870
2 391162
1 786856 590660
2 254363
1 876817 821134
1 961356 128984
3 593724
