865
2 1
3 1
1 1 535312
2 535312
3 535312
3 535312
1 1 873142
1 535312 437654
2 1
2 535312
1 535312 685363
1 535312 791552
1 535312 286179
1 791552 40197
1 1 812644
3 873142
3 437654
3 286179
1 685363 422513
3 437654
2 40197
1 812644 136214
3 40197
1 791552 364672
1 40197 71423
3 812644
1 812644 200441
1 71423 90329
1 437654 685868
3 364672
3 422513
3 437654
2 422513
2 71423
2 136214
1 422513 442275
2 90329
3 437654
1 1 724683
3 364672
3 685868
2 873142
2 873142
2 791552
2 40197
3 286179
1 364672 629853
1 286179 679755
1 71423 340504
2 422513
2 629853
1 791552 657310
1 200441 430431
3 364672
3 430431
3 40197
2 685363
3 286179
2 364672
1 136214 796048
3 40197
2 422513
2 90329
2 422513
2 90329
3 791552
1 685363 277734
1 535312 69256
1 71423 638528
1 873142 38505
2 657310
1 812644 51447
1 685868 548870
3 679755
2 442275
2 1
2 340504
1 286179 310596
2 791552
3 629853
2 40197
2 442275
1 812644 815175
1 815175 961876
3 51447
1 340504 866903
1 657310 5325
2 791552
1 40197 370891
2 657310
3 548870
2 638528
3 657310
2 38505
2 370891
2 340504
3 286179
1 90329 68016
1 685868 173401
2 548870
3 629853
2 173401
2 364672
3 535312
3 90329
1 638528 517653
3 136214
2 437654
1 638528 823648
2 430431
3 791552
3 370891
1 724683 55416
2 823648
2 629853
2 815175
2 517653
1 629853 409010
1 430431 990524
1 310596 676575
3 791552
3 364672
3 200441
2 812644
2 873142
1 990524 876059
1 370891 578349
2 679755
2 679755
1 38505 441918
2 136214
2 69256
1 1 642869
3 796048
2 1
1 51447 569953
3 685868
2 548870
3 364672
1 642869 847486
3 847486
1 629853 419033
3 1
1 642869 410246
3 724683
2 517653
1 409010 206025
2 638528
3 685868
2 823648
2 410246
2 419033
3 866903
1 823648 614277
2 812644
3 812644
3 847486
2 866903
2 823648
3 51447
1 569953 147330
2 873142
1 823648 855516
1 68016 65597
3 685868
2 286179
2 90329
1 437654 452260
3 823648
3 657310
1 1 53609
2 578349
3 815175
1 55416 809360
2 548870
2 569953
3 286179
3 685363
2 873142
2 286179
1 657310 276768
2 38505
3 69256
2 53609
3 173401
2 990524
1 147330 708211
2 340504
2 310596
1 147330 403885
3 441918
3 535312
3 1
2 855516
3 403885
2 53609
3 69256
2 614277
2 90329
1 419033 549698
2 409010
3 65597
1 1 339551
1 855516 662921
1 430431 798628
1 452260 503516
3 876059
2 136214
2 419033
3 961876
1 340504 362165
1 685868 108858
2 362165
3 1
1 422513 938328
2 798628
1 876059 473060
2 206025
1 798628 346983
3 364672
3 69256
3 876059
1 364672 524031
1 90329 708023
1 136214 833233
3 69256
3 833233
3 53609
3 286179
3 442275
2 441918
2 441918
1 724683 974063
3 685363
2 708211
1 437654 51881
3 798628
1 961876 910102
3 51447
2 809360
2 662921
2 277734
1 657310 460192
2 5325
2 339551
3 876059
3 629853
2 136214
2 815175
1 961876 293250
3 51447
2 685363
1 569953 334482
2 629853
3 409010
3 276768
1 90329 94159
1 370891 403156
2 68016
3 685868
3 403156
1 65597 809304
2 69256
1 409010 290815
3 362165
2 791552
1 708023 534164
1 676575 365605
3 685868
3 71423
1 833233 770249
3 403885
3 430431
1 460192 224437
3 69256
2 549698
3 293250
1 334482 950347
1 548870 637660
3 147330
1 403156 32205
1 535312 209964
2 65597
1 286179 20055
3 460192
2 629853
3 876059
2 569953
3 569953
2 68016
2 362165
2 638528
3 409010
3 815175
1 812644 588603
2 708211
3 910102
3 614277
2 340504
1 629853 926338
3 676575
1 847486 702343
1 974063 290654
2 638528
2 662921
1 549698 804968
2 804968
2 410246
3 535312
3 535312
3 460192
3 473060
1 51447 444553
1 442275 415291
2 812644
3 90329
1 224437 639289
1 855516 237772
3 293250
1 277734 920851
2 535312
1 277734 663773
1 430431 162897
1 403885 602692
2 663773
1 334482 867849
1 441918 477269
3 708211
2 346983
3 277734
2 702343
3 990524
3 20055
1 90329 57872
3 441918
2 867849
1 873142 581455
3 798628
3 815175
3 71423
1 662921 477533
1 403156 47441
1 866903 539634
3 602692
3 809360
3 422513
3 57872
2 365605
1 578349 848101
1 237772 257190
3 642869
2 38505
1 534164 88118
2 473060
1 419033 478469
2 791552
3 444553
1 614277 353004
1 136214 839516
3 410246
2 365605
1 88118 418075
1 53609 899430
1 685363 445219
2 276768
2 69256
3 38505
2 473060
3 57872
3 365605
3 460192
2 961876
1 866903 584569
1 290815 696048
2 1
3 473060
2 437654
2 847486
2 708211
2 524031
1 950347 986615
1 365605 669982
1 848101 304119
2 419033
3 839516
3 430431
2 147330
1 708211 40656
1 293250 54689
2 839516
2 950347
2 290654
1 791552 680223
2 310596
3 40197
2 581455
1 290815 910682
2 961876
1 804968 504068
3 403156
1 708211 775966
3 353004
1 680223 968271
2 950347
3 57872
1 445219 536109
2 94159
2 549698
1 770249 344702
3 68016
1 708023 586723
3 679755
3 708211
1 346983 696077
1 676575 914628
2 708211
1 796048 981804
1 65597 503024
1 334482 907984
2 680223
3 339551
3 409010
1 206025 227523
1 147330 591251
2 370891
1 410246 829320
3 69256
3 581455
3 276768
3 823648
2 637660
3 663773
2 804968
1 38505 778649
1 53609 279003
2 20055
2 452260
2 804968
2 708023
3 866903
1 833233 727643
3 534164
2 812644
3 339551
3 40656
2 237772
3 981804
1 876059 23240
1 614277 563710
1 680223 591248
3 775966
2 926338
3 206025
3 823648
2 257190
1 569953 660283
1 809304 938526
3 986615
1 57872 135411
1 981804 29423
2 473060
1 334482 763732
3 798628
1 477269 488394
2 586723
1 54689 905263
3 563710
2 829320
1 88118 600008
3 29423
2 29423
3 29423
2 770249
2 47441
3 339551
1 914628 625814
2 437654
2 796048
3 57872
3 437654
1 548870 590334
3 94159
2 602692
3 535312
2 961876
2 708023
3 517653
3 40656
1 422513 270361
2 614277
1 763732 990242
1 696048 95170
2 588603
3 938526
2 365605
2 702343
1 974063 577005
2 770249
1 708023 62522
1 276768 190105
2 791552
2 938526
3 304119
3 848101
2 696077
3 662921
1 270361 526514
1 88118 870448
1 227523 156450
2 968271
1 663773 249794
3 249794
3 696077
1 870448 315115
1 724683 33753
3 591248
3 866903
3 344702
2 344702
2 200441
1 590334 762187
2 90329
3 796048
2 339551
1 403885 397913
1 591248 578174
1 578174 665212
2 950347
1 339551 193966
2 770249
1 586723 820064
1 5325 169265
2 156450
3 209964
2 445219
2 249794
3 477533
2 503024
2 270361
2 53609
2 591251
1 907984 684427
3 310596
2 986615
1 549698 275163
1 974063 130730
3 569953
1 353004 897763
2 914628
2 169265
3 237772
3 876059
2 445219
2 847486
2 276768
2 47441
1 504068 553365
2 422513
3 809360
3 899430
2 441918
2 961876
3 563710
1 419033 645577
3 847486
3 108858
1 418075 690156
2 51447
2 724683
3 867849
3 29423
2 135411
2 353004
1 950347 617971
1 549698 760792
1 32205 104090
2 591251
3 279003
3 770249
1 340504 892400
1 724683 137132
3 270361
1 833233 965101
3 409010
2 162897
2 442275
3 460192
1 974063 331724
3 614277
3 441918
1 503024 857366
1 684427 483954
1 857366 342425
1 331724 472886
1 441918 248736
3 68016
3 763732
1 526514 959122
1 907984 603808
2 680223
2 684427
2 961876
1 65597 556166
1 275163 390353
2 867849
2 685363
2 617971
2 680223
1 147330 254581
2 418075
3 415291
3 445219
1 684427 160479
2 237772
1 147330 365145
1 577005 132269
1 156450 267056
2 71423
2 160479
2 809304
3 778649
2 290815
3 160479
3 526514
1 136214 681995
1 536109 429464
1 820064 349251
3 94159
2 669982
2 685363
2 603808
3 160479
3 602692
3 897763
1 603808 196781
1 94159 254701
3 866903
2 108858
1 95170 366139
2 578174
2 660283
1 254701 74641
1 40656 580157
2 169265
1 32205 100922
1 418075 300495
2 897763
1 444553 826124
2 549698
1 535312 963238
3 708211
3 504068
3 829320
3 365145
1 353004 649372
3 304119
3 873142
2 855516
2 472886
1 798628 816842
1 135411 146436
3 526514
1 905263 674913
2 397913
3 33753
1 662921 167197
1 685363 721697
3 763732
3 580157
1 839516 810780
2 342425
3 270361
3 473060
1 100922 283795
3 290815
1 981804 305670
2 708023
3 409010
2 190105
2 839516
2 526514
2 315115
3 584569
1 40197 284973
1 696048 233980
1 353004 357724
2 536109
1 33753 275420
1 809304 666645
3 910102
3 162897
3 685363
2 820064
1 727643 259757
3 581455
2 625814
2 473060
3 685363
3 209964
3 829320
1 696077 456128
2 591251
3 364672
2 305670
2 549698
2 1
2 418075
2 961876
2 553365
3 961876
1 95170 212594
1 873142 837107
1 1 827227
2 524031
3 815175
2 775966
3 938328
3 588603
2 810780
3 826124
2 254581
2 472886
2 823648
1 642869 895591
2 362165
3 137132
2 629853
3 362165
2 342425
2 826124
3 275163
1 51447 586281
1 535312 24787
3 600008
2 578349
3 233980
1 419033 9532
3 577005
2 452260
3 444553
3 965101
3 657310
1 237772 141275
2 676575
2 665212
2 248736
3 770249
2 762187
3 637660
1 791552 637618
3 588603
1 721697 31383
1 968271 287109
2 680223
3 283795
3 708211
1 760792 69826
1 160479 807478
2 275163
3 31383
1 304119 13890
3 600008
2 553365
2 233980
3 460192
2 284973
3 791552
3 503516
2 460192
1 275163 355152
1 827227 779446
3 40656
1 910682 654668
1 94159 746742
2 364672
1 224437 200258
3 778649
3 920851
2 770249
2 430431
1 899430 66879
3 437654
3 685363
3 807478
3 445219
3 88118
2 666645
3 625814
3 9532
2 580157
2 88118
1 193966 617052
2 645577
2 196781
2 248736
3 254701
1 9532 711498
1 760792 946604
1 209964 144017
2 277734
2 974063
2 760792
3 472886
1 536109 6258
1 287109 655794
3 905263
3 315115
3 665212
3 539634
3 762187
1 169265 631956
1 504068 569383
1 38505 140248
2 625814
3 167197
2 300495
2 591251
3 965101
1 602692 812400
1 676575 423618
1 275420 134298
2 212594
1 104090 420551
3 315115
1 212594 752427
1 779446 292252
2 349251
3 804968
1 477533 492530
2 33753
2 342425
1 629853 651786
2 31383
1 95170 584287
2 6258
1 685363 582234
1 233980 302322
1 136214 42172
2 602692
3 563710
1 897763 31795
1 167197 507620
2 637660
3 51881
3 370891
3 147330
1 445219 590766
3 809360
2 54689
3 820064
3 47441
3 141275
3 310596
3 137132
2 965101
2 654668
3 938526
3 990242
3 617052
1 334482 572435
1 569953 140534
2 365605
1 920851 782663
1 430431 919228
1 791552 551555
