162
2 1
2 1
3 1
1 1 432920
2 1
1 1 802705
3 1
3 1
3 1
3 802705
3 1
3 1
2 1
2 1
3 432920
1 1 814927
1 814927 654512
2 654512
2 802705
2 432920
3 432920
3 814927
3 1
3 802705
2 802705
1 432920 385545
3 385545
3 814927
1 432920 372506
1 385545 783387
2 372506
1 783387 221783
3 372506
3 372506
2 1
3 654512
2 432920
1 432920 488259
2 372506
2 432920
3 802705
3 802705
2 372506
1 783387 966003
2 966003
1 802705 914557
2 221783
2 488259
2 654512
1 802705 967199
3 488259
3 372506
2 802705
2 966003
1 914557 874288
2 1
2 221783
2 802705
3 914557
1 783387 99759
2 802705
3 1
2 372506
2 99759
1 488259 863432
1 802705 364601
3 863432
3 221783
3 783387
2 385545
2 1
1 364601 538942
3 967199
1 99759 787415
3 967199
2 874288
2 1
3 538942
2 783387
3 783387
1 538942 330987
3 385545
2 654512
1 802705 603661
2 603661
1 603661 148270
3 814927
2 221783
2 538942
1 385545 36286
3 802705
2 787415
2 330987
2 372506
2 148270
3 148270
3 432920
3 221783
1 802705 254776
2 783387
3 863432
1 432920 206421
1 538942 687682
3 148270
3 221783
3 372506
2 654512
2 538942
1 538942 792067
3 148270
2 221783
3 603661
2 488259
3 330987
1 372506 618147
1 687682 459664
3 618147
2 874288
2 488259
3 36286
3 364601
2 221783
2 372506
1 364601 978848
2 603661
1 914557 326212
3 148270
2 206421
2 372506
1 978848 509578
1 654512 381491
2 783387
1 432920 208315
2 967199
3 208315
3 326212
2 432920
3 603661
3 208315
1 364601 78392
1 36286 793539
3 381491
2 385545
2 432920
1 381491 782231
2 148270
1 783387 487068
1 618147 185232
3 185232
1 874288 497268
3 372506
3 863432
2 783387
2 385545
1 802705 319324
2 509578
3 654512
1 319324 324457
3 381491
2 538942
3 364601
1 966003 599665
