999
1 1 293264
2 1
3 1
2 1
3 293264
2 293264
3 293264
1 1 215685
3 1
3 293264
2 1
3 215685
2 1
1 215685 818587
2 215685
2 293264
2 293264
1 215685 42147
1 215685 433250
2 293264
1 293264 572738
2 433250
1 572738 652224
3 652224
1 652224 586146
2 1
3 586146
2 215685
3 818587
2 586146
1 293264 987653
2 652224
3 42147
2 215685
1 818587 787785
2 818587
2 987653
1 572738 954390
3 1
2 586146
1 1 85140
1 293264 981098
2 652224
2 293264
2 433250
1 215685 5348
3 293264
3 5348
2 42147
2 215685
1 981098 114455
2 293264
1 572738 840712
3 652224
2 652224
3 572738
2 293264
2 42147
2 981098
1 114455 892505
1 892505 520059
1 572738 185963
2 652224
2 981098
3 114455
3 215685
3 987653
3 85140
1 520059 392047
1 185963 307416
1 987653 509549
2 840712
2 981098
1 307416 508573
2 85140
1 509549 851829
3 652224
3 85140
1 572738 139158
1 114455 187318
2 85140
2 139158
3 987653
1 114455 677766
2 787785
2 840712
2 5348
2 185963
3 508573
2 185963
3 392047
3 85140
2 392047
1 818587 777301
2 981098
1 85140 48989
1 509549 100014
2 892505
1 787785 194246
2 851829
1 652224 894196
3 194246
2 5348
3 987653
3 433250
1 894196 422591
1 293264 393509
1 422591 135193
3 422591
1 85140 45756
2 45756
1 45756 327651
2 85140
1 509549 987855
2 194246
3 392047
2 509549
3 508573
2 981098
1 572738 909554
3 215685
1 194246 653812
1 892505 758122
2 327651
3 572738
3 392047
1 586146 393268
1 894196 104877
1 327651 686654
3 85140
2 777301
1 652224 583369
1 139158 571249
3 85140
2 987653
2 894196
2 393509
3 1
1 954390 952291
3 758122
3 100014
3 520059
3 787785
3 583369
3 293264
3 393509
1 5348 309015
1 293264 479989
3 777301
2 954390
1 777301 542103
1 777301 376467
1 393268 534094
3 572738
3 894196
1 520059 845158
1 686654 655724
2 114455
2 307416
3 508573
3 1
3 309015
3 509549
2 509549
1 1 225830
3 5348
2 777301
3 85140
2 1
2 840712
1 5348 576451
2 892505
3 114455
2 187318
1 987653 847258
2 187318
2 327651
1 586146 111956
1 215685 75152
1 135193 274922
1 777301 257658
3 479989
3 818587
1 653812 111408
3 758122
2 393268
2 987855
2 75152
3 981098
1 42147 362150
2 362150
2 787785
2 309015
3 45756
2 981098
1 652224 952023
3 48989
1 777301 449749
2 111408
1 892505 100593
2 508573
1 393509 611430
2 392047
2 758122
1 576451 872131
3 433250
3 479989
3 362150
3 572738
1 1 670163
2 758122
3 293264
1 583369 133165
2 987855
1 307416 942171
1 215685 918249
1 954390 634310
2 777301
1 327651 999098
1 194246 848827
2 572738
2 840712
2 225830
3 293264
2 307416
2 274922
2 393268
2 571249
1 942171 977182
1 686654 512673
3 872131
1 139158 457095
3 1
1 977182 857128
3 942171
3 909554
2 572738
1 45756 914842
1 393268 572549
2 85140
2 139158
1 520059 476829
2 508573
3 914842
1 1 184614
1 892505 572367
1 670163 448045
2 542103
1 534094 248944
2 257658
2 5348
3 670163
1 135193 396120
2 848827
2 100593
2 847258
2 48989
2 909554
3 133165
1 187318 492979
1 5348 64774
1 987855 238064
1 135193 137030
3 520059
1 787785 36135
2 187318
2 307416
1 677766 950829
2 215685
3 508573
2 184614
3 586146
3 542103
2 572367
3 686654
2 512673
1 840712 859268
3 392047
2 611430
3 114455
1 133165 622238
1 48989 803121
2 48989
2 393268
2 512673
3 909554
2 787785
2 257658
3 238064
1 892505 225326
1 449749 244952
3 508573
1 433250 77719
2 64774
3 392047
2 187318
2 655724
2 257658
3 449749
2 509549
2 194246
2 492979
1 611430 240202
1 457095 169485
2 572738
2 512673
1 45756 56446
2 942171
3 571249
2 225830
2 670163
2 918249
3 293264
2 85140
1 572738 786093
1 942171 679530
2 847258
3 393509
2 225830
3 240202
2 786093
1 139158 792925
2 309015
1 512673 422822
2 422591
1 244952 535898
1 244952 540027
3 686654
1 376467 430742
1 5348 481079
3 430742
1 845158 479808
1 257658 396568
3 362150
1 652224 846894
1 479808 146686
3 476829
2 133165
1 169485 165862
3 448045
1 430742 895311
3 677766
2 165862
3 492979
1 169485 197415
1 999098 754746
2 987855
1 847258 491501
2 535898
1 225830 210392
3 210392
2 818587
2 491501
3 392047
3 786093
3 848827
1 492979 428727
2 792925
1 758122 862856
3 169485
1 422822 654097
1 139158 10556
2 894196
1 111408 93920
1 509549 317726
3 512673
2 45756
1 225326 711762
3 572367
1 622238 795662
2 952023
3 422822
2 85140
3 5348
3 572367
1 169485 779022
3 479808
3 572549
2 56446
2 392047
3 586146
3 449749
1 430742 193975
1 840712 902089
3 542103
3 534094
3 1
1 376467 289115
1 85140 597174
2 45756
3 396120
2 376467
3 75152
3 918249
1 520059 595104
1 654097 351616
1 654097 6012
1 215685 747744
3 197415
1 309015 535008
3 895311
2 422822
2 193975
1 210392 102660
3 139158
3 840712
1 137030 285681
1 999098 242358
2 777301
1 307416 169397
3 238064
2 987653
2 999098
1 56446 693227
1 950829 61392
3 307416
3 595104
2 422822
1 422822 467531
1 571249 805872
3 139158
2 686654
1 194246 175055
3 981098
1 5348 255698
2 185963
1 653812 515067
2 93920
2 327651
2 225830
3 515067
3 225326
1 351616 371904
2 892505
1 307416 796402
3 457095
1 786093 110945
3 476829
1 169397 306927
3 110945
3 238064
2 61392
1 307416 12300
1 857128 486866
3 396120
3 611430
2 137030
2 572367
2 542103
2 576451
3 248944
1 169485 749132
3 184614
1 754746 660701
1 274922 966386
2 257658
3 133165
1 492979 10234
1 255698 891854
1 848827 4819
3 981098
2 274922
1 102660 249977
3 274922
2 895311
2 818587
3 572549
1 572738 873115
3 857128
2 285681
3 6012
1 175055 800805
3 509549
3 492979
3 285681
1 42147 904884
1 515067 526424
3 803121
1 102660 358471
1 515067 714715
1 187318 444827
3 818587
2 942171
3 48989
2 572367
3 42147
1 846894 96181
1 634310 992746
1 306927 338418
2 392047
1 184614 701028
3 800805
3 36135
2 952023
1 48989 870020
3 481079
1 238064 726388
2 396568
2 634310
3 215685
3 396120
2 977182
2 792925
2 430742
2 197415
2 987653
1 362150 405610
2 571249
3 104877
2 892505
2 274922
3 56446
2 240202
1 376467 47029
3 747744
1 873115 538296
1 422822 155545
1 535898 337096
3 327651
1 75152 292048
1 966386 778698
1 479808 352600
2 873115
3 508573
3 987653
2 317726
1 169485 764201
2 942171
1 197415 153919
2 449749
2 486866
1 679530 822069
1 467531 190731
1 966386 909060
3 362150
3 96181
1 242358 423278
3 786093
1 36135 76927
2 538296
1 859268 391008
1 10556 303031
2 909554
1 193975 211213
2 48989
2 803121
2 754746
2 358471
2 184614
2 803121
1 520059 218480
3 351616
1 492979 182604
2 583369
1 787785 818965
1 185963 602885
2 711762
2 862856
2 430742
3 847258
2 660701
2 846894
2 96181
2 851829
2 190731
3 110945
2 670163
2 187318
1 542103 916428
3 954390
2 193975
1 848827 888150
2 660701
1 509549 727312
3 942171
2 670163
2 818965
3 64774
3 36135
1 10556 994017
2 135193
3 481079
1 895311 90994
1 714715 316595
2 918249
3 660701
1 572549 84952
2 977182
1 805872 132856
3 317726
3 597174
1 902089 935740
2 327651
1 851829 852780
3 571249
2 711762
1 352600 717019
2 652224
2 48989
3 714715
3 175055
3 852780
1 486866 627312
2 847258
3 654097
1 338418 106007
2 758122
1 242358 975006
3 571249
3 857128
2 515067
1 818965 278762
3 851829
1 185963 158316
1 992746 444636
2 778698
2 1
1 96181 312939
3 999098
3 888150
1 542103 506171
2 10556
3 391008
3 316595
1 155545 60536
3 10234
3 902089
3 56446
3 274922
2 914842
1 312939 249048
2 448045
3 805872
3 211213
1 779022 201008
1 870020 613813
3 444827
3 540027
1 132856 298484
3 909060
1 654097 814987
2 999098
2 818587
3 975006
1 75152 45665
1 423278 172877
1 859268 458694
2 146686
1 526424 569609
2 520059
1 686654 5549
2 479989
1 201008 529921
1 987855 698702
1 747744 897603
3 701028
2 779022
2 4819
2 818587
3 169485
3 572738
2 954390
1 670163 948234
3 627312
3 185963
1 572549 772103
3 210392
2 100593
2 1
2 800805
3 307416
1 135193 365301
1 611430 106725
1 391008 487104
2 888150
1 859268 885320
1 487104 721437
3 894196
3 653812
2 670163
1 56446 183266
3 393509
2 293264
3 309015
3 576451
2 796402
2 999098
3 56446
3 155545
2 422591
1 158316 98657
3 778698
3 225326
2 895311
3 36135
2 316595
2 508573
2 100593
3 653812
1 634310 506171
2 749132
2 4819
3 371904
1 851829 33016
3 351616
2 569609
1 492979 616214
3 602885
2 215685
2 457095
2 422591
3 169397
2 458694
3 891854
1 307416 44195
1 888150 958552
2 873115
1 132856 380897
2 491501
2 602885
3 10234
2 307416
2 184614
2 4819
3 44195
1 75152 361513
1 845158 127816
3 60536
3 169397
1 396568 213121
3 572549
3 238064
3 872131
1 102660 488733
1 184614 443024
3 135193
2 242358
1 572367 64117
1 538296 104331
2 818587
2 795662
3 303031
2 100014
2 515067
2 298484
1 10234 932563
1 822069 100319
2 870020
3 285681
3 506171
3 758122
1 104877 328454
3 165862
1 169485 986876
1 48989 257011
2 479808
3 894196
2 135193
3 391008
3 772103
1 84952 280434
3 44195
3 848827
1 316595 666680
2 194246
3 444636
2 278762
1 677766 400270
1 654097 931687
3 506171
2 137030
1 958552 662647
1 758122 306895
3 358471
2 358471
3 916428
1 327651 872719
1 897603 107714
1 248944 5729
2 90994
3 486866
1 467531 696961
1 328454 485778
1 698702 197772
2 872719
1 966386 960308
2 952291
1 872719 390021
1 693227 894773
1 894773 922886
1 711762 19293
1 61392 590378
3 358471
3 508573
1 935740 672471
2 888150
1 485778 985743
2 225830
2 662647
2 572367
2 303031
1 666680 292897
3 104331
1 175055 858349
2 175055
2 586146
2 627312
3 60536
2 872719
2 481079
1 306927 474513
3 660701
2 289115
1 693227 363074
2 852780
1 100319 217669
2 486866
3 918249
2 814987
2 184614
3 796402
1 534094 880809
2 197772
3 873115
1 764201 438649
2 274922
3 135193
3 210392
1 572367 352250
3 586146
2 764201
2 902089
2 225326
2 880809
3 217669
1 376467 23115
1 822069 696605
3 405610
1 244952 897783
1 914842 591045
2 590378
3 960308
2 423278
2 792925
1 792925 570222
3 987653
1 857128 762325
3 146686
2 396120
2 677766
3 45665
3 390021
3 352600
3 714715
3 569609
1 966386 314908
2 696605
2 488733
1 137030 161596
3 975006
3 217669
3 390021
3 803121
3 897603
1 845158 298768
1 249977 231567
1 662647 692458
1 133165 740477
2 622238
2 172877
3 611430
1 376467 506383
2 293264
3 670163
2 85140
2 954390
2 948234
2 133165
3 155545
2 481079
2 717019
1 33016 166264
2 520059
3 76927
3 778698
2 583369
1 777301 441652
1 803121 815488
3 848827
1 422591 169559
1 289115 651861
2 679530
2 380897
3 796402
3 583369
1 652224 375567
3 479989
1 448045 427823
1 427823 850842
1 244952 467472
2 981098
3 153919
1 880809 955536
2 952291
1 375567 838840
2 210392
2 488733
3 847258
2 293264
1 762325 744224
3 479989
2 444827
2 375567
1 987653 524771
3 215685
3 803121
3 488733
2 916428
2 895311
2 487104
3 894196
3 193975
3 392047
2 193975
3 127816
2 672471
1 666680 359577
1 814987 473939
1 10556 256589
1 427823 458523
3 165862
1 576451 297295
3 848827
3 692458
2 106007
3 444636
1 107714 294617
2 583369
3 278762
3 110945
2 285681
1 795662 454214
2 686654
3 111956
3 427823
3 935740
1 98657 192831
3 430742
3 248944
1 285681 136068
3 309015
3 872131
2 576451
3 169485
2 352600
3 902089
1 571249 898300
1 1 697715
1 10556 164810
1 443024 513351
3 249048
3 36135
3 10234
3 512673
3 146686
3 169559
3 872131
3 98657
1 909554 368627
2 358471
1 524771 941850
1 361513 52491
3 169485
2 193975
2 60536
3 670163
1 289115 196342
2 231567
3 654097
2 701028
1 987855 824015
3 846894
3 952023
2 106725
1 762325 452876
3 779022
1 740477 763640
3 316595
2 474513
2 135193
3 872719
1 393268 932623
1 47029 128268
2 787785
3 540027
1 654097 114629
3 56446
1 872719 276501
3 872131
