755
3 1
1 1 256940
2 256940
1 1 578052
1 1 632078
2 256940
1 632078 311345
2 256940
3 256940
3 578052
2 311345
3 632078
1 578052 760929
3 311345
3 256940
2 632078
3 760929
2 256940
2 760929
3 760929
3 1
1 632078 62791
2 1
1 62791 769464
2 769464
2 769464
3 632078
1 1 14472
1 760929 745590
1 769464 33443
3 33443
2 578052
1 256940 665800
2 665800
2 1
2 256940
3 1
3 256940
3 760929
2 632078
3 14472
1 311345 218871
1 632078 402937
3 665800
2 311345
1 14472 625287
1 33443 136443
2 33443
2 769464
3 625287
1 745590 399801
2 136443
1 62791 666550
2 760929
2 14472
2 760929
1 218871 745862
3 769464
3 625287
3 218871
3 666550
1 760929 117111
2 117111
3 311345
2 14472
1 402937 793775
2 665800
2 14472
1 14472 222040
1 136443 207438
2 136443
2 665800
3 578052
3 399801
2 745862
2 745590
1 207438 822212
2 625287
1 222040 416333
1 666550 830397
3 769464
1 625287 276679
1 745862 680086
2 793775
1 625287 295505
2 745590
1 276679 807933
2 218871
3 14472
1 745590 849090
1 117111 81676
1 402937 118693
1 402937 211478
1 807933 65611
3 295505
2 632078
1 136443 88489
1 276679 123544
2 14472
3 295505
1 14472 587636
2 62791
2 625287
1 256940 876536
2 680086
2 123544
3 81676
3 276679
3 578052
2 33443
3 88489
3 123544
1 793775 778167
3 88489
3 117111
2 632078
1 807933 828505
2 778167
3 62791
2 778167
2 760929
2 416333
3 62791
2 33443
1 311345 815272
2 830397
2 822212
3 625287
1 399801 487469
3 218871
2 218871
3 62791
2 256940
1 815272 668100
3 793775
3 65611
1 416333 137797
1 487469 947618
1 745590 783619
2 745862
2 1
1 822212 236399
2 822212
1 828505 952719
3 680086
2 276679
1 276679 122881
2 952719
1 849090 370590
1 807933 316475
3 760929
1 62791 452672
1 793775 264535
3 587636
3 578052
3 88489
3 276679
3 137797
1 822212 820413
2 65611
3 876536
2 62791
2 316475
2 264535
2 256940
3 830397
1 399801 537142
1 1 158462
3 264535
2 65611
3 487469
1 316475 54262
3 222040
1 947618 172535
1 211478 633143
1 680086 931279
1 807933 672242
1 822212 12405
2 65611
3 122881
3 760929
2 745862
3 830397
3 12405
1 222040 555714
3 276679
3 931279
2 830397
2 211478
2 672242
3 207438
2 672242
3 402937
2 745862
1 276679 547074
2 778167
1 207438 11605
2 666550
3 807933
1 745590 432046
3 452672
1 399801 375839
1 769464 513818
2 769464
1 65611 346386
1 432046 336294
1 211478 408093
2 172535
2 12405
3 62791
1 665800 552843
1 745862 771786
3 336294
1 276679 751488
2 625287
3 62791
3 256940
2 830397
3 487469
3 236399
2 408093
2 547074
1 849090 242266
1 751488 726859
2 632078
1 793775 395645
1 122881 659121
3 276679
3 769464
1 632078 858461
1 336294 965638
2 408093
1 316475 776193
2 822212
1 547074 233698
3 830397
1 399801 890459
3 81676
1 555714 172032
2 668100
3 513818
3 172032
3 316475
2 830397
1 952719 666953
2 276679
3 137797
1 408093 909283
3 14472
1 537142 129249
3 931279
1 633143 497000
2 625287
3 547074
2 122881
1 552843 215188
2 370590
1 778167 49608
3 947618
2 830397
3 751488
2 776193
2 666550
3 680086
1 793775 421691
1 822212 368985
3 666550
1 81676 460850
1 672242 482885
3 276679
2 81676
2 1
3 218871
2 395645
1 1 872250
3 264535
1 497000 468996
2 88489
3 416333
3 118693
2 242266
2 468996
3 452672
2 218871
3 828505
1 81676 66132
3 276679
1 452672 948611
2 65611
2 242266
3 587636
3 587636
1 666953 706417
2 468996
3 295505
2 778167
2 760929
1 233698 59520
3 264535
1 537142 533066
2 54262
1 117111 727253
2 745590
3 460850
3 482885
3 432046
3 416333
1 965638 934945
2 769464
1 547074 134416
3 659121
3 931279
3 931279
3 537142
2 88489
3 513818
1 625287 194444
2 416333
1 482885 972736
2 236399
3 134416
2 233698
3 745590
3 555714
1 207438 214570
3 117111
2 368985
1 909283 257510
1 807933 51884
3 129249
1 947618 587192
3 482885
3 264535
1 668100 730628
1 776193 930669
1 820413 62962
2 876536
2 552843
1 706417 138140
2 672242
2 51884
1 276679 998083
1 211478 159402
1 952719 171213
1 555714 531606
1 487469 39393
3 858461
2 88489
3 820413
1 468996 186785
3 668100
2 54262
1 256940 450145
1 497000 418281
1 947618 665498
1 820413 299829
2 537142
2 236399
2 952719
3 159402
2 311345
1 497000 687044
1 129249 389632
1 909283 800018
1 633143 720172
3 687044
3 257510
1 207438 278722
3 62962
1 299829 883720
1 399801 51490
3 858461
1 402937 709350
3 687044
2 62962
2 159402
2 778167
1 587636 791330
3 998083
1 122881 725013
1 791330 122251
2 807933
3 965638
1 751488 15963
1 587636 844156
2 346386
3 726859
1 633143 8738
3 965638
1 81676 4483
2 769464
1 11605 442040
3 442040
1 452672 6740
3 769464
2 952719
1 858461 527730
2 931279
1 14472 63888
1 680086 75009
3 815272
2 931279
1 8738 290760
3 800018
2 665800
2 828505
3 872250
2 931279
3 972736
1 791330 164915
3 487469
2 159402
3 299829
2 171213
1 6740 756707
2 625287
3 745862
3 81676
3 531606
3 12405
1 54262 587297
3 625287
2 972736
1 587636 334500
2 666550
3 11605
1 59520 467456
2 666953
3 186785
2 4483
2 370590
3 828505
3 395645
3 531606
3 497000
1 998083 510831
2 51884
1 11605 963981
1 450145 253966
3 632078
3 587297
1 963981 623559
2 432046
3 659121
2 4483
1 123544 56707
3 215188
1 421691 33275
1 233698 22256
1 947618 29193
3 720172
3 587297
2 278722
2 450145
3 468996
2 726859
3 136443
2 63888
2 533066
2 533066
1 800018 239968
1 172032 438655
2 665800
3 334500
3 63888
3 533066
1 665800 71608
1 778167 120288
3 659121
1 830397 225727
2 665498
1 432046 961012
2 665498
2 666550
3 233698
3 666550
1 623559 509910
1 172032 118626
3 164915
2 8738
3 828505
2 22256
3 820413
1 460850 167933
3 815272
3 844156
2 513818
2 961012
3 963981
3 822212
3 930669
2 482885
2 236399
3 890459
1 527730 266797
2 370590
1 815272 781947
2 963981
2 963981
1 726859 834087
2 791330
3 756707
2 56707
3 218871
1 665498 771863
1 49608 701172
1 858461 933435
2 972736
3 815272
1 75009 5689
3 587192
3 266797
3 225727
1 769464 696127
3 632078
1 22256 886946
2 5689
1 769464 298081
2 948611
2 311345
1 51490 456405
3 218871
3 659121
3 215188
3 872250
2 756707
1 316475 686679
1 137797 479290
1 118626 731728
1 65611 404697
3 242266
3 22256
3 776193
2 510831
3 931279
2 370590
1 450145 289941
3 136443
1 276679 303446
2 118693
1 931279 182961
1 815272 502051
3 452672
3 876536
3 547074
1 706417 168694
2 194444
3 783619
1 33443 11222
2 129249
1 218871 621497
1 672242 685046
3 8738
2 6740
3 807933
2 778167
3 760929
2 720172
3 807933
3 66132
3 468996
3 468996
1 295505 611843
3 253966
3 509910
2 834087
3 138140
3 404697
1 687044 77144
1 257510 224443
3 418281
2 77144
2 370590
2 533066
1 233698 295870
3 672242
2 890459
1 659121 252052
1 218871 122412
3 665800
3 933435
3 909283
1 421691 16136
2 872250
1 62791 566774
3 395645
1 537142 124494
2 14472
2 696127
2 438655
3 278722
2 965638
3 621497
2 334500
3 751488
1 709350 778063
1 239968 444403
2 745862
3 136443
2 6740
1 11222 344595
1 236399 577707
1 998083 246500
3 587636
1 709350 169095
2 194444
3 222040
3 122881
1 49608 886499
2 233698
2 33443
2 444403
2 727253
2 947618
3 547074
1 54262 926356
1 295870 3048
1 726859 676862
3 344595
3 117111
1 751488 999796
2 727253
3 438655
2 118626
1 948611 7388
1 460850 556871
1 303446 619560
1 687044 180125
1 303446 434385
2 820413
1 421691 422291
2 8738
1 123544 647982
2 54262
3 122251
2 402937
1 171213 234317
3 122412
3 876536
3 450145
3 680086
3 168694
2 998083
2 730628
3 963981
2 547074
3 71608
3 252052
1 781947 628344
3 807933
3 222040
3 399801
1 800018 960282
1 883720 854448
1 552843 81526
3 3048
2 751488
2 793775
3 124494
3 926356
3 771863
1 164915 746725
1 509910 79237
1 77144 50242
1 999796 615449
3 444403
2 224443
3 215188
3 623559
1 844156 124575
2 402937
1 16136 183387
1 726859 565731
1 482885 439978
1 725013 508680
3 442040
1 408093 513094
2 194444
2 183387
1 442040 919394
1 183387 159919
2 252052
1 771863 323861
3 88489
3 15963
3 672242
1 434385 545504
3 33275
3 791330
3 122412
2 632078
1 346386 184917
2 214570
3 368985
2 54262
2 545504
2 886499
2 289941
2 731728
1 54262 559893
1 29193 12071
3 876536
3 883720
1 159402 329808
2 452672
3 118626
1 963981 519112
2 22256
1 402937 47678
2 180125
3 578052
3 776193
3 587636
1 124575 792519
1 726859 602738
3 947618
3 930669
1 778167 483713
1 22256 460993
3 63888
3 926356
2 844156
1 672242 859957
2 5689
1 760929 840358
2 727253
1 3048 438711
1 965638 464037
2 158462
3 483713
2 886499
2 731728
2 577707
1 8738 213358
1 687044 815114
1 452672 563661
1 931279 19224
1 167933 254231
3 444403
1 709350 790413
2 611843
1 886499 1000000
1 59520 262362
2 375839
1 438711 320875
1 432046 814975
3 22256
3 253966
3 416333
1 262362 452596
3 59520
1 800018 851966
2 578052
2 487469
1 828505 949851
