996
3 1
3 1
2 1
1 1 723718
1 723718 699870
2 699870
2 1
3 1
2 1
3 699870
3 723718
1 1 941935
2 723718
1 941935 788107
3 699870
3 1
3 723718
1 723718 291074
1 1 456607
1 941935 443355
2 456607
3 699870
1 443355 147945
1 941935 852108
3 699870
1 941935 847253
1 456607 928206
1 443355 87014
1 456607 527642
1 723718 414837
1 699870 174508
3 147945
3 699870
2 443355
3 941935
2 699870
1 788107 879187
2 174508
2 788107
3 788107
3 87014
3 291074
3 941935
1 788107 91769
1 928206 332800
1 414837 814862
3 91769
1 788107 549473
1 527642 434973
2 549473
2 456607
2 147945
3 699870
1 291074 690746
1 443355 883696
2 332800
1 527642 72865
2 147945
3 788107
3 883696
1 527642 281035
3 174508
2 87014
2 814862
2 699870
1 174508 886822
3 456607
3 434973
2 87014
2 434973
2 549473
1 852108 851484
3 332800
1 941935 796446
2 434973
2 847253
2 886822
1 291074 697134
1 414837 837920
3 837920
1 941935 615290
3 837920
1 814862 828311
3 847253
2 414837
3 147945
3 941935
3 837920
3 549473
3 814862
2 852108
3 788107
2 456607
2 72865
1 886822 707123
1 699870 160336
1 699870 353324
3 353324
3 160336
1 281035 513911
1 549473 758538
1 941935 153987
1 91769 181388
3 147945
3 181388
2 353324
3 443355
1 886822 128486
2 699870
2 527642
1 852108 41221
1 128486 813878
2 174508
2 758538
2 707123
3 128486
1 852108 881295
3 788107
1 697134 259246
3 788107
1 87014 298052
1 690746 640988
2 788107
2 723718
3 147945
1 414837 163694
3 796446
1 697134 183181
3 128486
3 697134
3 456607
2 879187
2 147945
1 72865 435348
2 690746
1 332800 614302
3 928206
3 837920
2 298052
1 513911 732661
1 886822 789078
3 443355
2 181388
1 640988 823494
2 435348
1 796446 32587
1 699870 842843
2 788107
3 789078
3 928206
1 928206 664238
1 699870 518879
1 732661 406347
1 941935 581338
1 72865 409387
2 847253
3 1
1 291074 426625
1 796446 591559
2 789078
2 615290
3 87014
2 591559
1 796446 611042
1 426625 352825
1 259246 931561
2 174508
3 813878
1 690746 584188
3 91769
2 513911
2 852108
1 352825 950378
2 456607
2 128486
2 434973
1 181388 610145
2 181388
1 527642 665193
3 699870
2 852108
3 352825
3 828311
1 298052 25712
1 414837 578069
3 259246
3 707123
1 584188 229132
3 950378
1 147945 749119
3 414837
1 332800 5878
2 852108
2 91769
1 614302 945836
3 941935
2 25712
1 796446 658542
1 837920 582676
2 879187
3 409387
3 443355
2 788107
1 72865 376699
1 332800 27361
3 941935
1 610145 782634
2 581338
1 456607 364343
2 25712
1 518879 459148
1 1 212841
2 27361
2 5878
1 928206 154673
1 1 458971
2 796446
1 456607 30056
2 527642
3 591559
2 174508
1 458971 943456
3 291074
1 352825 913846
2 229132
3 353324
3 181388
2 584188
2 181388
2 943456
2 732661
2 847253
2 212841
3 259246
3 154673
1 828311 287893
2 823494
1 259246 633239
1 91769 755223
3 950378
1 414837 628971
1 160336 175452
1 913846 587624
2 941935
2 41221
2 615290
1 823494 681411
2 332800
1 913846 934923
2 435348
1 287893 428062
3 160336
1 640988 757294
2 459148
3 163694
3 658542
2 30056
1 628971 481095
2 183181
3 281035
1 281035 933102
1 414837 344922
1 409387 697695
1 681411 842992
2 851484
2 434973
3 842992
1 443355 124374
1 513911 107839
1 681411 111053
3 755223
3 229132
3 174508
2 879187
1 527642 507584
2 549473
2 414837
3 128486
2 434973
1 610145 902157
1 163694 499533
1 72865 400983
3 153987
1 549473 406770
3 527642
2 364343
3 582676
2 160336
2 690746
3 212841
1 928206 895772
3 426625
1 757294 611335
1 181388 527152
1 111053 554824
3 707123
3 690746
2 813878
2 32587
1 584188 978949
3 895772
1 782634 917263
1 111053 848768
3 41221
3 931561
2 212841
2 344922
2 72865
3 499533
3 699870
3 591559
3 941935
1 518879 912107
2 458971
2 30056
3 458971
2 707123
1 513911 934700
3 879187
3 837920
1 406347 897787
2 842992
1 27361 579138
3 950378
3 400983
2 507584
2 945836
2 611042
1 406347 88700
3 758538
2 934700
3 183181
1 163694 27041
1 175452 658441
3 27041
3 409387
3 111053
3 111053
3 212841
1 851484 76479
2 879187
3 30056
1 428062 355438
3 796446
2 554824
1 154673 661055
3 796446
1 902157 168681
3 933102
2 610145
3 581338
2 581338
3 582676
3 732661
2 229132
3 886822
3 847253
2 945836
3 91769
2 847253
1 749119 791978
2 665193
3 931561
1 428062 127352
1 851484 203746
3 91769
1 406770 867640
3 661055
3 697134
2 661055
3 828311
3 353324
3 723718
2 443355
2 41221
3 611335
3 934923
3 434973
3 87014
3 91769
3 499533
2 628971
2 281035
3 895772
2 27041
1 755223 691876
2 298052
2 212841
1 931561 333250
3 852108
2 723718
1 333250 199800
2 1
1 406770 758776
3 614302
3 199800
2 867640
3 332800
1 913846 230702
1 699870 457740
2 749119
1 749119 764880
1 732661 891160
1 828311 563667
1 591559 805062
1 823494 375951
3 928206
2 789078
3 549473
2 842843
2 435348
1 847253 179801
2 518879
2 633239
1 27041 258399
3 183181
2 881295
1 513911 787146
1 30056 874805
1 611042 547237
1 499533 763681
2 842992
2 352825
3 203746
3 409387
2 581338
3 587624
1 527152 385116
2 934923
3 499533
3 941935
2 874805
1 788107 129302
2 352825
2 364343
3 76479
3 917263
1 591559 903894
2 147945
3 928206
2 547237
3 400983
1 895772 401075
2 814862
1 174508 458668
1 163694 429052
3 32587
1 782634 192281
2 912107
1 788107 834493
1 153987 844965
2 658441
1 259246 371234
1 931561 687228
2 406347
3 88700
2 584188
3 633239
1 587624 162065
3 400983
1 823494 991007
2 429052
1 25712 187795
1 755223 52211
2 611042
1 153987 705331
2 52211
3 129302
3 615290
3 72865
1 796446 669874
3 847253
2 881295
1 697134 863291
1 852108 913991
1 581338 153785
1 723718 362722
2 153785
3 187795
3 457740
3 791978
1 614302 493639
1 229132 180703
1 828311 747444
2 375951
2 1
2 633239
2 661055
1 611335 830264
2 187795
3 153785
3 813878
1 723718 699001
3 333250
1 91769 191776
1 456607 664204
1 332800 218491
2 669874
2 362722
3 758538
3 691876
3 554824
1 934700 554265
3 127352
1 371234 121804
2 661055
3 787146
3 281035
1 863291 551590
2 499533
2 218491
2 691876
3 788107
1 587624 905455
3 199800
2 212841
2 867640
2 978949
3 628971
2 230702
3 579138
2 931561
3 867640
2 941935
3 287893
2 934923
3 163694
2 749119
2 991007
3 107839
2 707123
2 121804
3 507584
2 945836
2 153987
3 459148
2 163694
2 943456
3 758538
3 787146
2 174508
1 582676 178993
3 91769
1 153785 884784
1 903894 198231
1 355438 906344
1 493639 658431
2 732661
1 584188 56390
3 933102
3 443355
3 863291
2 903894
3 883696
3 457740
1 457740 207332
2 352825
3 76479
3 218491
1 913991 488269
3 443355
3 867640
2 681411
3 458971
2 1
1 458668 703411
1 830264 633223
2 493639
1 879187 721303
3 153987
2 1
1 162065 474794
2 474794
1 563667 257695
3 699870
3 978949
1 414837 506687
2 154673
1 27361 667165
3 153785
1 111053 687812
3 941935
1 705331 246089
3 551590
3 791978
2 400983
2 246089
3 587624
3 371234
2 52211
2 895772
2 554265
1 902157 339488
1 842992 420133
1 614302 811882
3 362722
3 705331
1 852108 651923
3 703411
3 945836
1 518879 965530
2 581338
1 153987 569943
1 401075 538969
2 203746
1 813878 431293
3 640988
1 828311 947931
3 291074
2 76479
3 758776
1 443355 184157
2 124374
3 178993
2 747444
1 633239 959583
2 428062
1 198231 45657
2 333250
1 699870 365754
2 965530
1 633239 104732
2 813878
1 259246 64229
1 488269 339409
3 991007
2 847253
3 414837
1 947931 293447
2 757294
3 435348
1 691876 905471
2 527642
3 332800
3 842992
3 664238
3 91769
3 681411
2 934923
3 705331
1 863291 137980
1 697695 312706
3 147945
1 45657 596252
3 160336
2 749119
3 848768
2 431293
3 788107
2 527642
3 681411
2 41221
2 230702
2 257695
3 111053
3 30056
1 913991 353852
3 582676
2 891160
2 488269
1 707123 280863
1 791978 319730
2 280863
2 364343
2 579138
3 847253
2 665193
3 699001
1 628971 746787
2 658431
3 128486
3 183181
2 25712
1 842843 47321
2 332800
3 978949
1 883696 340993
3 610145
2 879187
2 218491
3 52211
3 978949
2 291074
1 895772 641740
2 493639
3 848768
3 87014
3 153987
2 614302
3 905455
3 426625
1 246089 243325
1 434973 632420
3 902157
1 212841 594215
3 375951
1 703411 245319
2 107839
3 551590
2 365754
1 56390 629146
2 913846
1 934700 835416
2 340993
3 863291
1 104732 490191
3 435348
1 755223 140811
2 591559
1 842843 350185
1 178993 384882
2 365754
2 691876
2 350185
2 107839
1 406770 96761
3 913846
1 212841 435284
2 691876
3 587624
3 457740
2 931561
3 905455
2 30056
1 547237 652286
3 681411
3 934923
3 64229
3 140811
3 881295
3 863291
1 628971 860081
1 874805 603308
3 903894
2 371234
1 339409 830792
1 281035 481849
1 443355 676780
1 538969 512075
1 611042 684710
3 426625
2 121804
2 640988
3 842843
1 128486 480835
3 582676
3 340993
2 796446
1 569943 994780
1 420133 33280
3 339409
2 610145
2 897787
1 353852 224133
3 458971
2 488269
3 371234
1 91769 631127
3 355438
2 443355
2 332800
1 420133 55174
2 687228
1 506687 4295
2 941935
1 458668 829815
2 902157
1 91769 515022
1 428062 252036
3 947931
1 91769 151263
2 506687
2 844965
2 874805
1 515022 872469
3 581338
3 33280
2 230702
3 755223
3 633239
1 569943 828430
2 886822
3 584188
2 339488
1 687812 953931
2 293447
3 596252
1 298052 107029
3 33280
3 551590
2 851484
1 230702 187859
2 931561
3 406347
2 651923
1 905471 952537
1 905455 819441
2 187859
3 312706
2 782634
2 707123
3 941935
2 707123
1 490191 694859
1 582676 640721
1 481095 695488
3 230702
3 874805
2 830792
1 629146 114685
3 879187
2 375951
2 758776
2 749119
2 199800
2 515022
1 933102 261078
3 41221
2 596252
2 631127
1 596252 546290
2 658431
2 669874
2 610145
3 154673
3 431293
3 224133
2 549473
3 107839
2 153987
1 791978 861187
2 757294
2 76479
2 902157
1 746787 182601
2 732661
1 192281 144151
2 805062
3 610145
3 114685
2 791978
2 27041
2 749119
1 764880 808066
1 658542 255939
2 163694
1 978949 284359
2 64229
1 891160 635327
3 641740
2 863291
3 512075
1 699870 903013
2 681411
1 681411 216426
2 640988
1 350185 742445
1 435348 302917
2 45657
1 669874 843630
3 902157
3 259246
2 153785
2 154673
1 280863 149191
3 791978
2 697695
3 506687
3 596252
2 664238
3 874805
2 428062
2 641740
2 107839
3 333250
1 549473 559612
1 218491 524263
1 658441 179469
3 694859
2 828430
1 789078 622176
2 952537
2 705331
2 344922
2 842843
2 705331
3 302917
1 538969 786511
3 187859
3 707123
1 851484 51557
1 891160 845834
2 610145
1 902157 67437
2 852108
2 691876
1 934700 459685
3 611335
3 420133
2 934923
1 881295 986976
1 547237 281561
2 178993
2 867640
2 905471
1 127352 798112
2 791978
2 426625
1 913846 538489
3 406770
2 384882
2 459148
1 611335 530550
3 56390
1 287893 212996
3 434973
3 435284
3 107839
2 538969
1 546290 37565
1 218491 269993
1 246089 186893
3 610145
2 149191
2 903013
3 823494
2 631127
1 284359 64585
1 229132 276293
2 953931
3 474794
2 805062
2 41221
1 183181 555452
3 813878
3 33280
2 199800
2 633223
1 212841 488821
1 434973 540063
1 906344 71554
1 610145 65590
3 872469
3 458971
3 842843
1 791978 400695
2 897787
2 137980
2 611042
2 829815
1 128486 236707
3 140811
1 848768 559176
2 71554
3 986976
2 457740
1 5878 212632
2 87014
1 538489 343460
1 879187 501853
3 764880
1 665193 762540
2 515022
2 628971
3 64229
1 203746 282793
1 546290 150130
2 658542
2 124374
2 147945
3 697695
3 813878
3 515022
1 114685 835122
2 614302
2 302917
1 333250 16313
2 121804
1 835122 841981
3 786511
3 959583
3 694859
2 229132
2 332800
3 41221
1 596252 210159
1 459148 188012
1 236707 204942
1 339409 38520
1 490191 218998
1 965530 993260
2 934923
2 848768
3 259246
3 443355
3 187795
