675
3 1
1 1 811983
2 811983
3 811983
1 811983 534241
2 534241
1 534241 28486
3 811983
1 28486 715053
3 1
3 534241
1 28486 133457
2 1
2 133457
3 28486
3 715053
1 28486 440449
2 811983
1 440449 526732
1 811983 553893
1 28486 710124
2 710124
2 715053
1 534241 720810
1 720810 909363
1 710124 52081
1 534241 258096
3 720810
1 52081 350481
3 553893
1 350481 234439
3 133457
2 28486
3 1
3 553893
1 720810 810395
2 1
1 526732 941578
3 553893
2 234439
1 440449 982372
1 133457 996909
1 811983 407317
1 715053 565086
3 133457
3 715053
1 565086 592994
1 715053 152291
2 52081
3 909363
3 565086
2 715053
2 982372
1 440449 617546
2 710124
2 152291
3 909363
2 534241
1 715053 935779
3 720810
1 715053 559082
2 617546
2 941578
2 982372
3 234439
1 710124 741332
1 565086 567403
2 617546
3 258096
1 258096 530036
1 715053 892775
3 982372
1 567403 634756
1 534241 352388
3 996909
1 407317 922280
2 892775
1 710124 768531
2 1
1 1 161224
2 161224
2 634756
3 553893
1 553893 792497
1 530036 742689
1 28486 673657
3 526732
3 720810
1 28486 63536
1 720810 277737
3 792497
3 592994
1 982372 262842
1 567403 394502
2 909363
1 407317 792029
3 530036
2 277737
1 592994 343266
3 810395
1 909363 439236
3 352388
3 634756
1 350481 605682
3 768531
3 277737
2 234439
1 996909 733539
2 634756
2 440449
3 152291
2 768531
1 161224 932448
3 277737
2 634756
1 742689 846021
2 941578
3 277737
2 28486
2 922280
2 559082
1 922280 220504
2 234439
3 982372
3 565086
1 277737 162557
1 394502 696357
1 941578 438449
1 1 510117
1 162557 994775
1 262842 640485
1 909363 765627
1 996909 164136
1 350481 60742
1 258096 701304
1 634756 46360
3 742689
3 262842
1 394502 522465
3 164136
2 133457
3 440449
3 28486
3 1
1 567403 185286
2 394502
1 941578 823446
1 932448 669888
3 510117
1 277737 864246
3 846021
2 710124
1 741332 560247
2 439236
1 994775 102109
2 720810
3 553893
2 522465
2 522465
2 343266
2 733539
1 162557 764342
2 935779
2 440449
2 733539
1 28486 251074
2 605682
2 258096
1 994775 119542
3 343266
1 792029 413387
3 720810
1 909363 2172
2 161224
1 715053 434996
1 161224 633776
1 559082 840451
1 715053 740250
2 792497
3 119542
3 792029
1 701304 515520
1 559082 452823
1 741332 858964
1 565086 645250
1 439236 851226
3 522465
3 633776
3 605682
2 994775
2 742689
1 46360 855207
1 413387 8997
2 2172
1 792029 783218
2 941578
1 855207 516772
1 617546 97719
3 634756
2 715053
2 350481
3 567403
1 645250 353154
2 559082
1 994775 814999
1 343266 125265
1 701304 347535
1 768531 509006
3 605682
1 510117 179000
3 840451
1 941578 291201
1 710124 132784
2 740250
1 840451 135147
1 152291 422654
3 715053
2 696357
1 792029 783693
1 567403 848619
3 996909
3 733539
3 720810
2 851226
1 617546 814927
2 858964
3 353154
1 982372 720612
2 814999
2 350481
3 164136
2 352388
3 922280
1 765627 35136
3 764342
1 60742 251385
1 715053 838202
1 291201 289039
3 994775
2 559082
3 220504
3 810395
2 553893
2 720810
3 152291
3 932448
2 553893
3 633776
2 768531
2 605682
2 28486
3 407317
1 792497 818809
1 633776 993883
3 634756
1 935779 529193
2 823446
1 60742 269576
3 407317
2 932448
2 814999
2 768531
3 560247
2 715053
3 634756
1 715053 780798
2 162557
2 792029
2 125265
3 720612
2 669888
3 811983
3 152291
1 741332 680678
2 733539
1 932448 594846
1 8997 398992
2 818809
2 63536
1 291201 390849
1 792497 49402
1 2172 21488
2 594846
1 258096 774159
3 935779
2 941578
3 2172
3 605682
1 119542 259249
2 592994
1 49402 844288
1 119542 130146
2 422654
1 452823 327840
2 680678
3 251385
1 52081 547143
2 811983
2 640485
3 594846
3 774159
3 440449
2 846021
1 645250 50921
2 161224
3 922280
3 680678
2 764342
1 594846 932162
3 21488
1 347535 85041
1 840451 912122
2 102109
2 119542
3 516772
2 258096
3 439236
1 8997 511307
3 327840
1 262842 941683
2 97719
3 413387
1 932162 447448
2 353154
1 941683 427411
2 63536
1 932448 487000
1 814927 708376
1 440449 508391
3 780798
2 708376
1 848619 384517
1 783693 661887
1 60742 236353
2 1
3 130146
3 530036
3 132784
1 814927 421316
1 516772 801766
1 515520 252672
1 438449 215968
1 982372 651773
2 511307
2 2172
1 63536 432931
2 993883
2 941683
1 50921 947062
2 529193
3 780798
1 733539 743272
2 515520
2 740250
3 510117
3 2172
1 162557 947558
2 669888
3 269576
3 63536
2 768531
1 529193 819859
3 49402
2 164136
1 846021 992173
1 119542 440360
1 440360 679128
3 510117
1 565086 758992
3 783218
1 892775 575227
2 996909
2 912122
3 289039
3 922280
1 447448 545252
2 447448
2 440449
3 8997
2 765627
3 768531
1 768531 257437
2 947558
1 994775 169420
2 508391
2 553893
2 522465
1 765627 594593
2 575227
3 447448
2 28486
1 440360 845742
1 534241 652597
3 398992
2 645250
3 46360
3 814999
2 522465
1 892775 771749
1 768531 940539
1 720810 192197
2 522465
2 994775
2 251074
2 740250
2 185286
1 617546 435544
1 1 679678
1 846021 493418
3 50921
3 941683
2 234439
3 50921
3 493418
1 560247 3646
3 679678
3 765627
1 125265 945277
2 935779
2 575227
3 594846
2 679678
2 97719
2 447448
3 220504
1 179000 395353
2 509006
3 384517
3 169420
1 864246 656050
1 384517 511747
3 407317
1 262842 999934
3 1
1 21488 400026
2 452823
2 395353
2 733539
1 179000 910997
2 529193
1 656050 684078
2 941578
1 858964 263810
2 130146
3 801766
3 940539
3 35136
3 996909
3 493418
2 263810
1 994775 593133
2 780798
2 545252
3 992173
2 529193
1 50921 219713
3 35136
3 269576
2 758992
1 708376 197151
2 234439
3 909363
2 347535
3 592994
1 661887 189396
2 932162
1 421316 287968
2 935779
2 594846
2 192197
2 220504
2 50921
2 932162
2 511307
2 740250
3 384517
2 394502
2 848619
2 447448
3 1
3 3646
1 60742 369852
1 347535 181764
3 645250
3 347535
1 840451 744039
3 236353
2 407317
1 133457 96938
2 780798
2 251385
1 427411 810778
2 439236
1 652597 809141
2 369852
3 434996
2 3646
3 679678
3 945277
3 575227
3 783218
2 696357
3 708376
2 493418
3 119542
1 935779 593096
3 809141
3 487000
2 440449
1 252672 765387
3 440449
2 347535
2 947062
3 605682
1 982372 898905
2 400026
2 810395
2 197151
1 814999 62261
1 819859 649722
3 912122
1 257437 788953
1 534241 813344
3 3646
1 215968 460422
3 801766
1 96938 841112
1 440449 811894
1 649722 629515
2 783218
1 164136 722041
1 567403 334181
2 801766
3 516772
1 189396 621222
2 809141
2 780798
1 996909 570963
1 722041 862998
3 940539
3 1
2 994775
1 493418 140842
2 46360
2 594846
1 594846 237668
2 236353
2 440360
1 679678 377469
3 864246
3 774159
3 680678
2 526732
2 237668
2 940539
3 673657
3 993883
3 197151
3 215968
2 192197
2 864246
2 62261
1 384517 454888
2 605682
3 774159
2 152291
2 910997
2 511307
1 132784 809343
1 855207 868346
2 259249
1 640485 772147
3 941578
2 237668
2 369852
2 251385
3 516772
2 35136
3 788953
3 422654
1 765387 352775
3 811894
3 353154
2 708376
1 840451 285504
1 252672 54434
3 352388
2 440449
3 291201
2 390849
1 868346 831823
1 132784 938505
2 792497
2 941683
2 669888
3 592994
2 560247
1 369852 752492
3 395353
3 651773
3 912122
1 945277 730481
2 947062
2 710124
1 400026 69327
3 413387
3 593133
1 516772 983177
1 262842 765354
3 189396
2 722041
2 594593
3 509006
1 407317 597209
1 941578 541839
2 60742
2 617546
2 28486
2 743272
2 792029
1 435544 638872
1 814927 386086
3 553893
3 285504
2 215968
3 813344
3 390849
3 85041
3 765627
1 510117 856119
1 516772 93894
2 801766
3 181764
2 162557
3 938505
3 792497
2 992173
1 130146 363685
2 855207
1 69327 237158
3 941578
2 801766
1 818809 536829
1 593096 973845
2 452823
1 440360 921902
2 515520
1 234439 853428
2 811894
3 394502
3 125265
1 237668 373099
2 752492
3 597209
1 46360 476770
2 394502
2 530036
2 858964
3 947062
1 509006 95434
3 720612
3 50921
2 758992
1 447448 588605
1 765627 116750
1 394502 373942
3 983177
2 792497
3 353154
2 257437
2 62261
1 945277 687496
3 394502
1 439236 814624
1 752492 219767
