862
1 1 664408
1 1 563702
2 1
2 563702
1 664408 737060
1 1 595393
2 563702
1 563702 513927
2 1
2 563702
2 1
3 563702
3 664408
1 664408 668699
1 737060 731112
2 668699
1 737060 267429
1 731112 215827
1 1 460294
2 215827
3 595393
2 595393
1 460294 313544
1 215827 775294
3 775294
2 664408
1 563702 540682
3 1
3 540682
3 513927
2 668699
3 460294
3 775294
2 215827
3 664408
1 731112 768532
3 460294
1 513927 229021
2 668699
3 267429
1 460294 603903
1 1 616309
3 664408
1 229021 58653
3 215827
3 563702
1 215827 283473
1 731112 993329
1 283473 944713
3 603903
1 768532 492797
1 460294 97222
2 97222
1 603903 83163
3 97222
3 731112
2 492797
3 83163
2 229021
1 460294 873771
1 944713 982016
3 993329
2 982016
1 540682 390860
1 492797 804146
1 313544 326723
3 229021
2 993329
1 58653 437484
3 540682
1 668699 305413
2 603903
1 595393 738661
3 437484
3 326723
1 944713 831239
3 993329
3 283473
1 775294 66234
1 1 14449
1 229021 151150
3 804146
3 390860
2 873771
1 804146 962326
3 326723
2 267429
3 492797
1 738661 219774
2 58653
3 831239
1 151150 641622
2 326723
3 305413
2 540682
2 641622
1 768532 388015
3 1
2 229021
3 962326
2 388015
3 775294
1 97222 298433
2 58653
3 83163
2 151150
2 97222
3 14449
1 492797 377988
1 305413 662909
2 460294
1 775294 557160
1 873771 503211
2 83163
3 557160
2 388015
1 641622 78081
3 219774
2 229021
3 460294
2 944713
2 58653
2 66234
1 662909 943108
3 540682
2 993329
3 267429
3 775294
1 388015 529094
2 540682
3 460294
2 313544
2 603903
2 14449
3 641622
2 603903
2 603903
3 97222
3 557160
3 219774
1 768532 866003
2 513927
1 97222 974405
2 14449
1 804146 115279
2 768532
3 775294
2 390860
2 775294
1 83163 800274
2 219774
1 664408 390523
2 731112
2 768532
1 731112 965394
1 993329 155002
3 78081
1 563702 236360
1 83163 889478
1 83163 704988
1 14449 353648
2 390860
1 155002 677300
2 943108
1 66234 982735
3 563702
2 215827
2 677300
2 982735
3 115279
3 557160
3 563702
1 800274 970510
2 993329
3 943108
3 664408
2 353648
1 557160 199577
2 326723
3 668699
1 390860 531115
3 866003
1 775294 508952
3 151150
1 215827 782695
2 215827
2 982016
1 704988 717942
3 531115
1 298433 109651
2 109651
3 313544
3 14449
1 800274 973848
1 603903 348897
2 267429
1 215827 200850
3 58653
2 503211
3 437484
1 717942 114011
2 115279
2 151150
3 641622
3 943108
2 236360
1 109651 99752
1 603903 807596
1 14449 889315
1 215827 110006
3 973848
2 348897
3 616309
3 151150
1 199577 329610
1 603903 281071
3 970510
3 353648
3 200850
3 298433
1 531115 798596
1 973848 882889
1 804146 311234
3 200850
3 348897
3 388015
1 109651 960277
3 603903
2 960277
3 155002
2 58653
1 641622 949915
1 14449 466251
1 668699 358613
1 557160 754353
2 109651
1 889315 276965
2 882889
3 326723
2 390860
2 311234
2 503211
1 768532 883997
2 390523
1 603903 514365
3 982735
2 557160
3 437484
2 883997
2 460294
2 883997
1 298433 107341
3 155002
2 664408
1 437484 292628
2 466251
1 529094 506446
2 883997
1 114011 592112
2 353648
2 641622
2 982016
2 974405
2 503211
2 99752
3 236360
2 390523
2 668699
2 267429
1 513927 421053
2 973848
3 390523
2 388015
3 200850
2 276965
3 107341
1 215827 836631
1 305413 727300
1 492797 430775
1 514365 208315
2 151150
1 492797 830076
1 531115 665621
1 738661 107549
2 973848
3 737060
1 595393 63706
1 506446 730322
2 466251
1 99752 310702
1 109651 72029
1 492797 999362
3 960277
3 83163
2 782695
1 78081 188809
3 730322
2 188809
3 151150
1 492797 446609
1 151150 34745
1 873771 634572
2 115279
3 310702
2 592112
2 529094
1 513927 109566
1 353648 36688
1 188809 135802
2 754353
1 965394 951076
1 595393 177898
1 310702 418041
2 78081
2 219774
3 999362
3 58653
2 292628
2 775294
1 311234 664100
3 208315
1 388015 645653
2 993329
2 390523
3 737060
1 215827 741774
1 974405 497444
2 497444
3 58653
1 529094 632714
3 645653
2 798596
1 72029 361276
1 446609 809568
2 970510
2 563702
2 836631
3 109651
1 14449 811598
3 873771
2 34745
2 492797
3 775294
3 348897
2 437484
2 99752
1 267429 612775
3 664100
3 292628
1 973848 157523
2 741774
1 970510 263639
2 326723
2 283473
3 466251
3 58653
3 110006
1 78081 592224
3 741774
3 595393
3 63706
3 281071
1 970510 504661
3 662909
3 677300
3 973848
1 276965 455988
2 114011
2 889478
2 873771
3 177898
2 219774
1 889478 828674
3 634572
3 353648
2 1
2 83163
3 437484
1 66234 678974
2 455988
1 800274 155457
2 390860
3 283473
1 107549 945650
1 632714 904352
2 99752
1 632714 789989
1 873771 75671
2 455988
2 540682
1 563702 559673
2 982735
1 768532 249253
3 836631
1 75671 833674
3 831239
2 592224
3 662909
2 809568
3 603903
1 513927 992035
1 249253 762647
1 828674 227751
2 199577
1 110006 168118
1 557160 558397
2 229021
3 109651
1 155457 438523
2 361276
2 151150
3 446609
3 641622
2 215827
2 828674
3 677300
3 540682
2 738661
2 531115
2 313544
2 14449
2 310702
1 513927 852553
2 678974
3 883997
1 811598 775017
3 882889
2 292628
1 592112 735612
1 668699 105934
3 514365
1 782695 989927
3 513927
1 727300 112387
3 460294
1 592224 242160
3 866003
1 737060 8802
1 114011 503723
3 361276
2 809568
3 157523
2 109566
2 529094
1 112387 129985
1 313544 827772
2 982735
1 508952 501239
2 58653
3 109566
2 563702
3 612775
2 999362
2 107341
1 592112 743275
3 603903
2 809568
2 388015
2 249253
3 109651
3 438523
2 603903
3 904352
1 503211 11231
3 989927
1 63706 115283
3 827772
2 730322
3 563702
2 276965
3 531115
3 970510
2 949915
3 730322
3 115283
3 852553
2 135802
3 904352
3 641622
1 497444 676393
2 219774
1 298433 593194
2 809568
1 267429 306268
2 313544
2 738661
2 107549
3 809568
3 109651
3 804146
1 114011 721344
2 944713
2 595393
2 513927
3 311234
2 762647
2 664100
2 595393
1 989927 924405
2 168118
2 741774
1 78081 387670
3 358613
3 664100
1 593194 513827
3 924405
3 109651
2 593194
3 199577
2 168118
3 924405
2 151150
3 155457
2 437484
3 109651
1 249253 555677
2 446609
1 112387 789186
2 188809
2 107549
3 676393
1 616309 773839
3 945650
1 852553 67535
2 782695
1 982735 853250
2 531115
2 168118
1 326723 653768
2 741774
2 377988
3 754353
2 281071
2 326723
1 731112 797441
1 634572 948924
1 730322 252522
3 882889
3 737060
2 437484
2 775294
1 1 376572
1 612775 476965
2 737060
1 641622 752488
3 965394
1 508952 398955
2 717942
1 199577 370321
1 721344 267743
2 267743
2 662909
2 809568
3 836631
3 208315
3 508952
3 603903
1 242160 514023
3 200850
1 741774 738747
3 563702
1 252522 598536
2 326723
3 236360
3 853250
1 227751 841891
1 641622 168787
2 612775
2 883997
1 992035 293674
3 727300
3 503211
2 107341
2 376572
1 592224 690180
3 634572
3 34745
1 558397 579465
3 281071
1 944713 317330
2 731112
2 99752
2 34745
2 157523
3 437484
3 242160
3 873771
1 668699 394777
2 960277
1 882889 206394
1 418041 261012
1 540682 847848
2 72029
3 904352
1 948924 58453
3 634572
1 466251 225424
2 168787
1 34745 48668
2 236360
3 276965
1 973848 997842
2 951076
1 437484 637454
1 317330 394608
1 603903 643477
2 200850
3 641622
3 831239
2 882889
2 305413
1 811598 901190
2 557160
1 904352 174055
3 261012
2 782695
3 743275
1 283473 574081
3 901190
3 951076
1 513827 536021
3 664100
2 105934
2 261012
1 809568 2784
1 970510 401748
2 236360
2 252522
3 14449
3 668699
2 168118
1 943108 161957
2 283473
1 418041 373150
2 267743
1 97222 436489
2 853250
2 645653
1 982735 424293
2 592112
2 353648
3 592112
1 72029 673294
3 634572
1 943108 519467
3 227751
3 592224
2 281071
1 219774 562343
3 476965
3 398955
2 665621
2 730322
2 508952
3 536021
1 66234 727959
2 924405
1 997842 287764
2 112387
1 109651 766648
2 8802
2 112387
1 267429 627789
1 353648 776135
1 109651 495898
3 495898
3 704988
1 738661 683533
2 83163
2 2784
2 506446
2 388015
3 476965
3 847848
1 252522 465975
1 592112 726316
2 563702
3 293674
1 129985 430186
3 317330
3 513927
1 430775 745245
1 252522 933203
2 830076
1 157523 735780
1 752488 641282
3 208315
2 540682
1 735612 90734
3 557160
2 305413
2 643477
2 776135
2 775294
3 558397
3 115283
3 579465
2 283473
3 730322
2 14449
2 455988
1 743275 772601
3 387670
2 782695
3 948924
3 665621
1 36688 181448
3 58453
2 664100
2 634572
3 503723
2 789989
3 924405
3 974405
2 283473
1 827772 883570
3 782695
1 36688 820604
2 66234
2 497444
1 833674 883011
1 34745 81163
2 949915
2 513927
1 36688 626598
1 492797 666601
2 199577
2 847848
3 721344
1 852553 151876
3 326723
2 168118
2 135802
2 390523
1 358613 183640
1 866003 368792
1 424293 193187
1 81163 142897
1 804146 556206
3 735780
1 866003 769324
3 612775
1 326723 480835
1 690180 578642
2 503723
3 135802
1 664408 490150
3 424293
2 556206
2 944713
2 820604
3 721344
2 508952
3 109651
2 797441
1 394608 815717
3 514023
3 58453
1 490150 878950
1 306268 872406
3 112387
2 632714
1 2784 320962
1 557160 754675
2 361276
2 109566
2 841891
1 883570 232960
1 292628 710104
3 66234
2 616309
1 219774 254581
3 775017
1 766648 561074
2 641282
3 293674
2 306268
1 754353 388340
2 815717
1 436489 667412
1 48668 670085
3 809568
2 951076
1 418041 7451
2 726316
1 536021 122019
1 752488 581885
2 989927
2 634572
3 664100
2 830076
3 358613
2 901190
1 944713 673435
3 1
2 815717
1 678974 153778
2 480835
1 508952 822293
2 949915
1 306268 770711
3 738747
2 430775
1 641282 208862
1 430186 668447
3 418041
2 578642
1 536021 28060
1 28060 20838
3 673435
2 292628
2 735780
2 673294
1 558397 766271
1 662909 308333
1 430775 430428
1 559673 662834
2 804146
2 559673
2 81163
2 267743
1 20838 935238
1 63706 304078
1 540682 954107
3 989927
3 8802
2 436489
1 641622 421401
1 882889 158666
1 63706 798277
2 536021
2 168787
1 490150 494592
2 804146
2 114011
2 465975
3 11231
1 595393 614146
1 798277 229022
2 841891
2 993329
2 503723
1 394608 776657
2 110006
1 421053 856136
2 208862
3 129985
3 114011
3 497444
1 390860 433560
1 776657 136945
2 670085
3 735780
1 306268 885021
2 627789
1 466251 663023
1 754353 650444
3 174055
1 252522 391315
3 678974
2 745245
3 882889
