680
1 1 471307
2 1
1 1 528705
1 1 314608
2 471307
2 314608
3 314608
2 471307
1 471307 731789
3 528705
1 314608 564209
3 471307
2 564209
2 471307
1 564209 90212
2 528705
3 528705
1 314608 306152
2 314608
2 471307
2 314608
2 90212
2 528705
3 564209
2 731789
1 564209 317316
1 731789 464910
1 90212 780459
2 317316
3 306152
3 306152
3 317316
3 564209
3 317316
1 90212 232043
3 90212
1 780459 277395
1 90212 900673
2 471307
2 464910
2 306152
3 306152
3 564209
2 232043
2 528705
1 232043 957441
3 317316
1 731789 935325
3 1
3 780459
3 317316
1 528705 407957
3 314608
2 900673
3 277395
2 314608
3 900673
2 528705
3 277395
2 471307
3 306152
1 277395 972593
1 935325 741877
1 935325 100578
2 314608
3 314608
1 528705 30419
2 900673
2 972593
1 317316 478527
1 957441 474590
3 474590
2 780459
2 528705
2 90212
1 277395 713205
1 317316 190831
3 100578
3 407957
1 277395 328285
1 478527 696115
3 277395
2 407957
3 696115
2 696115
3 957441
1 90212 761175
2 478527
2 935325
3 713205
1 100578 14990
1 100578 352593
2 100578
1 1 488650
2 464910
1 90212 964757
1 306152 915017
1 14990 86302
1 964757 237450
3 964757
3 972593
3 696115
3 696115
3 352593
2 1
3 328285
3 957441
1 564209 500023
1 190831 820837
3 488650
1 306152 864073
1 90212 388700
2 915017
3 328285
2 564209
2 407957
1 731789 538452
3 696115
3 86302
3 190831
2 957441
1 538452 856287
2 190831
2 232043
1 856287 460553
3 538452
2 190831
3 478527
2 474590
3 471307
3 564209
3 328285
1 478527 360370
2 407957
3 471307
2 306152
2 964757
1 388700 487672
3 957441
2 277395
1 478527 684778
2 488650
2 232043
3 360370
1 232043 57731
1 57731 993955
3 488650
2 471307
3 915017
3 964757
3 190831
1 352593 470624
3 741877
1 957441 931541
2 306152
2 237450
2 972593
2 474590
3 306152
3 232043
2 993955
1 900673 125939
1 780459 804449
2 856287
2 1
3 761175
2 125939
2 352593
3 470624
2 407957
3 306152
3 684778
1 388700 348086
1 731789 695025
2 352593
2 352593
2 856287
1 696115 623155
1 538452 283024
3 623155
3 500023
1 900673 707872
1 695025 546096
1 564209 833328
2 317316
1 707872 954282
2 695025
1 190831 253056
3 731789
1 283024 105742
3 731789
2 972593
1 993955 37102
2 713205
3 957441
3 277395
2 460553
3 14990
2 993955
1 190831 434982
2 360370
3 487672
1 564209 40496
2 253056
2 283024
3 804449
1 500023 503346
3 528705
1 935325 65674
2 964757
1 684778 609118
1 820837 968736
3 360370
3 100578
2 972593
1 488650 390745
3 538452
3 954282
3 190831
2 856287
2 105742
2 390745
3 328285
3 804449
1 856287 595436
3 314608
2 471307
3 90212
2 864073
1 314608 159209
2 564209
2 993955
1 86302 231856
1 100578 412766
3 471307
3 741877
3 105742
1 957441 813060
3 86302
1 328285 730344
2 900673
2 957441
1 314608 860762
3 500023
2 820837
3 30419
1 306152 50910
3 434982
2 741877
2 50910
1 390745 507415
3 352593
3 731789
1 190831 377114
2 487672
1 37102 25548
2 503346
1 474590 356664
2 993955
1 488650 760596
2 968736
2 407957
1 356664 161058
1 57731 289254
1 684778 263815
2 478527
1 595436 349292
1 935325 657006
2 50910
1 314608 784264
2 314608
2 407957
2 356664
1 957441 884054
2 707872
3 328285
1 328285 384946
2 500023
1 538452 622154
2 538452
1 622154 584161
1 253056 777514
2 86302
3 884054
1 777514 224163
2 713205
2 731789
1 972593 56602
1 584161 672769
1 695025 660098
3 777514
3 231856
1 546096 846676
3 125939
2 780459
1 528705 11889
1 972593 561093
1 595436 947008
1 595436 376155
1 761175 968604
1 968604 831774
3 289254
2 804449
2 964757
1 277395 470326
3 224163
1 384946 739015
2 696115
2 471307
2 623155
3 507415
2 65674
3 125939
3 56602
1 388700 501226
1 90212 970667
1 761175 830875
1 388700 116662
1 528705 907552
3 231856
1 957441 663747
2 884054
3 860762
2 253056
3 283024
2 860762
3 40496
1 968604 713626
3 460553
3 730344
2 314608
1 190831 243294
3 384946
1 478527 889441
3 860762
1 954282 567310
3 993955
1 471307 240958
3 277395
3 65674
2 528705
3 954282
3 11889
2 30419
1 500023 672788
1 116662 960372
2 328285
1 460553 383363
2 161058
2 609118
1 11889 686650
3 253056
2 833328
1 833328 385062
1 957441 585351
2 470326
3 960372
3 471307
2 684778
3 846676
3 804449
3 57731
2 623155
1 884054 316461
3 105742
3 253056
1 538452 113749
2 487672
3 360370
3 546096
3 684778
2 263815
3 889441
1 488650 732321
3 564209
2 915017
1 585351 558962
1 56602 249210
2 65674
2 935325
3 538452
2 11889
2 356664
2 316461
1 224163 678332
1 856287 433581
1 433581 154692
3 833328
1 1 897826
1 470624 693076
2 564209
1 474590 447479
2 471307
1 741877 537157
2 240958
2 684778
2 954282
1 915017 32779
2 501226
3 116662
2 595436
1 820837 491699
1 657006 498435
3 289254
1 86302 499709
2 116662
1 470326 607708
1 713205 26326
2 931541
1 306152 451206
2 317316
1 584161 515331
3 707872
2 470624
3 970667
1 897826 948381
1 90212 308643
1 125939 769771
3 113749
3 856287
1 314608 549159
1 161058 672401
1 731789 544641
2 231856
3 663747
1 595436 994148
1 499709 183597
3 564209
2 769771
3 283024
3 388700
1 585351 35520
3 915017
2 993955
2 935325
1 501226 242772
2 224163
2 622154
1 831774 660462
2 190831
2 385062
3 515331
3 864073
1 277395 388258
2 308643
1 968604 935384
1 972593 194594
1 993955 788164
2 289254
3 263815
2 464910
3 116662
3 434982
1 57731 447506
2 40496
1 464910 908278
2 564209
3 470624
2 739015
3 993955
1 360370 649983
2 515331
2 57731
1 546096 676510
3 390745
3 263815
3 931541
1 308643 643599
2 487672
3 470326
2 240958
1 657006 377602
2 190831
1 739015 225848
3 412766
2 289254
1 116662 276356
3 947008
1 328285 367311
1 501226 847056
3 643599
3 388258
2 970667
3 503346
1 713205 359075
1 847056 865125
3 253056
1 889441 320988
3 283024
2 672401
1 253056 172359
3 349292
3 314608
3 686650
1 741877 118431
2 464910
2 546096
2 660462
2 1
2 359075
2 769771
3 359075
2 507415
2 407957
1 567310 53690
2 56602
2 30419
3 231856
1 515331 303164
3 57731
3 948381
2 777514
1 470326 954122
1 26326 979453
3 65674
3 957441
2 377602
2 253056
3 224163
1 813060 893314
1 994148 896946
2 935325
1 713205 819872
1 696115 97371
3 884054
3 864073
1 388700 122688
1 663747 229102
1 732321 851844
3 784264
2 306152
2 97371
2 515331
2 813060
1 968736 573440
3 183597
2 676510
2 360370
3 713626
1 908278 564328
1 11889 845616
3 105742
1 503346 507177
2 546096
2 283024
1 994148 72565
3 830875
3 377602
3 183597
1 125939 303686
3 528705
3 159209
3 741877
3 478527
3 564209
2 500023
1 25548 696246
1 328285 856257
1 105742 116912
2 229102
2 433581
2 14990
1 739015 296784
3 384946
2 935384
3 253056
2 607708
1 412766 468205
2 407957
3 893314
2 907552
1 503346 238600
2 35520
1 788164 669915
1 847056 550660
2 57731
3 657006
1 741877 913046
2 935325
1 964757 934066
2 194594
3 242772
1 968604 501307
1 972593 774808
3 935384
1 804449 313092
3 488650
2 500023
3 464910
2 434982
2 289254
1 573440 518561
2 897826
3 968736
1 957441 260034
2 954122
1 819872 304322
2 367311
2 707872
1 851844 903881
3 856287
1 731789 636062
2 349292
1 356664 488773
3 249210
3 760596
2 893314
1 231856 717374
3 660098
3 813060
3 954282
2 376155
1 72565 598243
2 125939
1 760596 454763
2 349292
1 474590 256407
2 804449
2 915017
2 161058
1 491699 453568
3 948381
1 564328 844043
3 696246
3 584161
1 777514 394338
2 663747
1 558962 433185
2 488650
2 32779
2 1
3 538452
1 931541 261308
3 470624
1 433185 648830
3 968736
3 256407
1 696246 481148
1 488650 329095
1 731789 769263
1 40496 510451
3 968736
2 528705
2 32779
3 65674
2 253056
1 412766 878708
2 636062
2 253056
2 501307
2 636062
2 507415
1 352593 44930
2 56602
2 856287
2 289254
3 831774
2 678332
3 243294
1 159209 419018
1 276356 782301
3 684778
1 550660 821278
2 964757
2 649983
2 693076
2 813060
1 277395 255777
1 731789 484566
2 308643
3 846676
1 481148 346280
2 947008
3 564209
2 893314
3 774808
2 37102
2 804449
2 695025
2 35520
