492
1 1 916563
2 1
3 1
2 1
3 916563
1 1 511634
2 1
1 916563 906032
1 1 698267
2 906032
2 511634
1 906032 982329
3 982329
1 1 156178
1 906032 684556
1 916563 256734
1 906032 356462
3 982329
3 356462
3 698267
2 1
2 916563
1 684556 325427
1 511634 275424
1 906032 667196
3 256734
3 275424
2 275424
3 356462
2 684556
3 906032
1 511634 855420
2 356462
3 667196
1 1 521378
1 356462 739893
3 325427
1 511634 601979
2 906032
2 256734
1 325427 69791
1 982329 693768
3 275424
2 156178
2 325427
1 275424 668520
1 684556 16334
3 511634
3 601979
3 275424
2 684556
3 325427
3 1
3 275424
2 69791
3 667196
2 982329
2 69791
2 982329
1 256734 658582
2 658582
2 521378
2 855420
1 601979 641007
2 1
2 641007
2 601979
2 16334
1 601979 35821
1 668520 650260
2 325427
1 325427 782491
2 667196
1 916563 561014
2 641007
3 906032
2 739893
1 275424 760023
1 511634 248730
3 855420
2 601979
2 739893
1 1 375778
3 641007
3 668520
1 275424 680625
2 511634
2 668520
3 256734
3 16334
1 782491 606004
3 521378
3 35821
1 325427 961881
1 561014 473694
3 782491
1 275424 153653
3 667196
2 916563
2 35821
3 375778
2 961881
3 473694
2 375778
2 667196
1 667196 261460
2 261460
3 69791
2 668520
1 693768 848764
3 561014
1 356462 163767
2 156178
2 680625
3 156178
2 782491
3 1
3 1
2 473694
3 153653
3 684556
2 668520
2 275424
2 473694
3 916563
3 848764
3 680625
2 1
3 848764
1 606004 151091
2 473694
2 650260
2 248730
2 156178
2 760023
2 982329
2 473694
1 521378 190042
1 511634 657772
1 473694 733855
2 256734
1 693768 581165
3 356462
2 35821
1 151091 581378
3 35821
2 667196
1 356462 835537
2 680625
2 658582
2 698267
3 657772
2 511634
2 521378
3 982329
3 163767
3 606004
2 835537
2 916563
3 760023
1 961881 61145
2 982329
3 982329
2 261460
3 190042
2 581165
2 521378
2 521378
1 835537 472795
3 275424
1 684556 910321
2 739893
2 760023
1 156178 375681
1 906032 361892
2 256734
1 35821 704233
2 256734
1 855420 885977
2 61145
1 521378 925880
3 1
2 667196
1 163767 544290
3 275424
1 916563 443995
3 256734
3 739893
3 511634
2 190042
3 375681
3 581165
2 248730
1 733855 573507
3 190042
2 906032
3 760023
1 61145 167039
3 163767
3 982329
3 361892
3 657772
3 848764
3 641007
2 668520
3 35821
2 325427
1 156178 689237
1 925880 473399
1 167039 120893
3 680625
2 581378
3 61145
2 163767
1 473694 384788
1 658582 425052
1 910321 974503
1 384788 427078
1 361892 159527
1 982329 47993
3 1
2 472795
2 190042
1 693768 223190
3 325427
2 473399
1 275424 936610
1 156178 102915
3 356462
2 561014
2 680625
2 606004
3 120893
3 223190
2 704233
3 443995
2 69791
1 167039 493179
1 544290 660352
1 472795 899252
3 835537
3 782491
1 261460 480471
1 658582 216373
3 16334
3 684556
2 356462
3 69791
2 561014
1 601979 152305
3 848764
2 906032
2 511634
2 910321
1 658582 307559
1 1 756139
2 493179
1 325427 584456
3 69791
1 835537 896100
2 704233
3 925880
1 156178 273556
3 69791
3 472795
3 606004
2 167039
3 689237
1 684556 473903
1 650260 5871
3 375778
2 223190
3 47993
2 925880
1 916563 596489
3 684556
1 472795 538145
2 606004
2 974503
3 581378
2 936610
3 916563
2 375681
1 657772 175887
3 473694
2 896100
3 684556
2 581165
2 925880
3 216373
2 384788
1 47993 876400
1 760023 924908
1 248730 303962
2 760023
3 924908
3 175887
2 760023
3 974503
3 885977
2 693768
2 896100
3 584456
2 561014
2 641007
3 876400
2 151091
3 1
3 275424
3 896100
1 876400 306954
1 855420 176447
3 152305
2 606004
3 756139
2 936610
1 782491 647165
1 307559 43596
3 5871
3 102915
1 175887 640953
1 156178 742693
2 102915
1 425052 954142
3 704233
3 175887
2 601979
2 684556
2 982329
3 256734
3 511634
3 961881
2 640953
1 982329 462179
2 375681
1 906032 107219
3 848764
1 120893 642004
2 69791
1 855420 955794
2 693768
2 16334
2 855420
1 680625 384809
1 151091 341120
2 175887
1 680625 432900
3 596489
3 306954
3 961881
3 906032
1 974503 344832
1 151091 987290
1 443995 332976
3 739893
1 647165 511159
3 425052
2 341120
1 175887 149194
2 760023
2 974503
3 107219
2 658582
3 910321
2 733855
3 153653
1 511634 558724
3 936610
3 462179
3 987290
3 473399
1 596489 686035
1 684556 949673
3 660352
3 910321
1 432900 571
2 693768
2 987290
2 223190
1 256734 973671
1 573507 265907
2 190042
2 760023
2 704233
2 306954
3 493179
3 739893
2 982329
1 375778 781690
2 443995
3 156178
2 876400
2 961881
1 163767 39982
1 760023 110163
2 16334
1 332976 147470
2 152305
3 916563
1 107219 474902
2 341120
3 480471
3 733855
2 689237
2 47993
2 782491
2 356462
2 432900
2 668520
1 658582 875802
1 961881 817090
1 43596 902817
1 606004 453366
1 425052 598540
3 658582
2 924908
3 647165
2 275424
2 472795
3 916563
2 102915
2 384809
1 606004 422313
1 581378 373521
3 756139
1 760023 798537
3 544290
2 361892
2 641007
2 248730
1 152305 288074
3 190042
3 910321
1 640953 903853
1 606004 109957
2 356462
2 973671
1 910321 889688
2 925880
1 303962 95385
3 817090
3 903853
3 742693
3 558724
3 896100
2 658582
3 256734
2 601979
1 163767 425340
2 151091
1 982329 73263
1 425052 666972
2 474902
2 899252
2 733855
1 149194 12711
1 782491 904217
1 432900 218968
1 982329 712092
3 493179
2 817090
3 163767
3 163767
1 642004 330882
2 544290
3 916563
1 756139 434142
3 684556
1 693768 745153
2 760023
2 176447
3 538145
1 906032 171293
3 109957
1 606004 874361
3 434142
3 666972
3 698267
3 110163
3 641007
2 686035
1 742693 376334
3 109957
3 307559
3 216373
2 974503
3 910321
3 35821
1 584456 853503
1 571 816003
3 35821
1 373521 916897
