563
1 1 224521
2 1
2 224521
1 224521 130581
3 130581
3 1
2 1
1 224521 279889
1 279889 647666
3 647666
1 130581 391726
2 130581
3 130581
2 647666
2 1
1 1 3322
2 279889
2 647666
3 279889
2 130581
3 224521
1 391726 630387
1 647666 18956
2 130581
2 3322
2 130581
3 1
2 647666
2 130581
2 279889
2 391726
1 18956 114156
2 114156
1 1 218694
3 647666
3 114156
2 1
1 18956 167545
2 391726
3 1
1 630387 418293
2 391726
2 114156
1 3322 887183
3 647666
1 630387 175306
2 218694
1 167545 785993
2 130581
2 391726
2 630387
2 279889
3 279889
1 175306 732657
2 114156
3 630387
1 732657 366106
2 175306
1 630387 834929
2 218694
3 130581
2 130581
3 732657
3 18956
1 167545 144013
1 785993 998313
2 1
1 218694 923147
2 834929
2 418293
3 130581
3 366106
1 167545 253330
2 647666
1 279889 970851
1 647666 699885
1 998313 832182
2 279889
2 391726
3 175306
2 253330
3 391726
2 366106
1 647666 462681
3 114156
1 279889 273666
2 630387
3 175306
1 834929 83965
1 279889 308122
2 923147
2 832182
1 308122 461908
3 391726
1 391726 998215
3 114156
2 253330
3 130581
2 279889
2 887183
3 732657
1 462681 277511
1 970851 231245
3 699885
1 462681 651787
3 218694
2 273666
1 461908 125031
2 308122
1 998215 876691
2 167545
1 125031 301462
3 114156
2 277511
3 167545
3 732657
2 167545
2 630387
1 732657 598832
2 418293
1 887183 554795
1 366106 574401
1 218694 167687
3 167545
2 876691
3 18956
2 83965
2 1
3 224521
3 301462
3 3322
1 18956 313086
2 923147
3 461908
2 876691
1 224521 595234
2 114156
3 923147
1 732657 517314
1 3322 856939
2 231245
2 418293
1 18956 88323
1 647666 971168
1 301462 53340
3 224521
1 18956 207164
3 130581
1 277511 347509
3 175306
3 971168
2 83965
1 856939 401496
1 461908 28828
2 1
2 574401
3 3322
1 301462 774332
1 856939 887292
3 651787
2 125031
1 167545 392879
2 595234
1 144013 243870
2 517314
3 887292
2 273666
2 971168
1 88323 43769
1 647666 259708
2 461908
2 253330
3 998215
3 1
2 732657
1 313086 165013
1 418293 133850
2 651787
3 243870
2 732657
2 43769
3 970851
2 887183
3 130581
2 366106
2 43769
1 366106 926821
1 88323 104092
1 347509 880090
3 279889
2 970851
2 125031
3 347509
2 856939
2 785993
3 133850
3 133850
1 971168 397254
1 224521 781140
3 104092
3 347509
2 785993
2 165013
2 785993
1 462681 838192
2 832182
3 218694
3 366106
3 781140
3 167687
1 1 426941
3 28828
3 595234
1 971168 522359
1 224521 269786
2 392879
1 595234 938382
2 418293
2 167687
2 774332
3 598832
1 277511 93518
1 253330 499585
3 88323
3 887292
1 923147 653785
1 699885 941633
1 269786 373075
1 397254 320013
1 279889 371843
1 130581 240698
2 125031
2 3322
2 838192
1 130581 481204
2 838192
2 28828
3 125031
2 371843
2 88323
2 313086
3 104092
2 923147
3 499585
1 43769 474435
3 401496
3 130581
2 240698
3 426941
3 347509
1 941633 866679
2 732657
1 347509 143897
3 313086
2 856939
3 366106
1 43769 467456
1 630387 554804
3 165013
1 647666 778677
3 392879
3 175306
1 517314 928275
3 418293
2 175306
1 231245 972898
3 1
2 207164
1 595234 445966
1 474435 773172
2 114156
3 595234
3 269786
2 426941
1 3322 374880
2 397254
2 53340
3 104092
3 1
3 175306
3 971168
3 647666
2 366106
2 401496
2 887183
1 832182 39186
3 207164
1 43769 445708
2 114156
3 125031
1 699885 260133
3 43769
2 941633
3 18956
1 971168 343778
1 554795 151941
1 167687 723062
3 972898
3 88323
2 887183
2 104092
1 834929 32030
3 778677
2 28828
2 32030
2 630387
1 856939 828767
1 374880 424202
3 517314
1 445966 276933
2 923147
2 467456
3 373075
1 832182 872343
1 781140 200141
2 130581
1 887292 123495
3 301462
3 517314
2 832182
3 887183
3 1
2 53340
1 938382 645160
3 83965
2 923147
3 1
1 88323 146586
2 923147
2 374880
3 554795
2 832182
2 872343
2 941633
3 699885
3 373075
2 499585
2 574401
1 467456 921750
2 167687
3 130581
2 167545
2 83965
3 880090
2 598832
1 18956 393574
1 467456 73307
1 39186 407096
2 880090
1 781140 349812
2 781140
2 880090
2 407096
3 522359
3 832182
1 407096 247213
2 926821
1 83965 983768
2 104092
3 426941
3 253330
2 259708
3 18956
3 983768
1 595234 366700
1 467456 174140
3 144013
1 554795 196985
3 3322
1 461908 959591
3 104092
3 392879
2 218694
2 167545
3 313086
2 645160
1 522359 203039
3 343778
1 481204 887495
1 260133 235979
1 277511 385338
1 971168 702223
3 998313
3 247213
1 887183 545650
1 53340 139797
3 139797
1 165013 670693
2 828767
2 653785
2 3322
3 114156
3 970851
2 231245
1 880090 800005
2 240698
3 445708
3 445966
3 371843
3 800005
2 273666
3 347509
1 887495 539708
2 167545
1 462681 10511
1 276933 11830
2 391726
2 834929
3 653785
2 983768
1 273666 86132
1 32030 582922
3 539708
2 928275
1 203039 148144
3 723062
3 374880
1 104092 275102
1 462681 949938
2 218694
1 778677 281606
3 426941
3 253330
1 1 941402
3 11830
2 247213
3 235979
2 926821
1 373075 719165
1 941633 240632
1 972898 734755
2 73307
2 240698
3 670693
3 880090
2 407096
1 461908 7420
3 774332
1 231245 179787
1 276933 481629
1 426941 294041
3 734755
2 670693
3 88323
2 998215
1 872343 66460
3 200141
1 114156 480060
1 461908 786709
3 253330
1 196985 869119
1 93518 269420
2 276933
3 970851
2 259708
3 247213
1 231245 305787
2 949938
3 670693
2 144013
2 670693
1 28828 884763
3 630387
3 880090
3 347509
3 174140
3 43769
3 418293
3 347509
3 143897
1 983768 360625
2 277511
1 778677 597760
1 778677 598132
1 133850 249223
1 887495 149749
1 104092 918356
2 374880
2 224521
1 630387 887110
2 231245
1 273666 643584
1 786709 403988
3 247213
3 224521
1 366106 255484
3 645160
1 151941 168736
1 876691 622141
3 371843
2 123495
3 774332
3 598832
2 385338
1 276933 451574
2 923147
1 554795 466452
2 872343
3 418293
2 139797
1 918356 728043
2 39186
1 259708 584681
2 781140
3 207164
2 144013
3 702223
2 461908
3 643584
3 1
1 941633 397037
3 196985
1 179787 625422
1 123495 728322
2 175306
2 149749
3 880090
2 785993
2 474435
2 832182
1 887495 486244
1 481204 764486
2 53340
3 499585
3 253330
2 269420
2 393574
2 699885
1 151941 74198
1 179787 661641
2 43769
3 360625
1 838192 100370
3 928275
3 834929
1 921750 53012
3 786709
1 277511 804581
3 401496
2 240698
2 73307
2 719165
1 774332 67693
1 279889 38919
3 38919
1 466452 854630
1 971168 220398
3 554804
2 366106
1 38919 658667
2 728043
3 53340
3 32030
2 625422
3 235979
1 366106 434391
2 773172
1 269786 144046
2 269786
3 279889
3 728322
2 928275
1 240698 658447
