635
3 1
1 1 383258
3 383258
1 383258 780571
1 780571 568568
1 780571 297481
2 568568
3 1
1 297481 62457
2 1
1 297481 963946
3 568568
3 62457
3 963946
2 568568
1 568568 413180
1 383258 740862
1 1 674843
1 740862 273113
3 413180
2 413180
2 413180
1 1 570578
2 963946
3 413180
2 780571
1 1 130433
2 570578
2 413180
3 273113
2 297481
1 62457 182305
1 130433 531421
3 531421
3 963946
1 674843 741329
3 297481
3 273113
3 182305
2 413180
3 130433
3 413180
1 273113 582367
1 740862 573706
3 573706
2 130433
1 182305 880404
2 182305
3 130433
2 62457
3 963946
2 780571
1 740862 670400
1 413180 821808
3 780571
1 963946 332915
1 273113 788063
2 670400
3 582367
3 1
3 332915
3 788063
3 821808
1 568568 697304
1 582367 191385
3 297481
1 413180 616334
1 963946 600850
3 62457
2 273113
3 600850
1 582367 161021
1 273113 530881
1 531421 102994
2 880404
1 383258 4248
1 880404 783961
3 674843
2 783961
2 963946
3 788063
2 582367
3 102994
1 413180 120003
3 880404
2 161021
2 697304
2 783961
1 880404 33965
1 788063 206722
2 740862
2 206722
2 102994
2 573706
1 780571 753602
1 531421 95788
1 674843 804448
3 740862
1 674843 232510
3 674843
2 670400
3 804448
3 741329
1 570578 111007
2 697304
2 531421
2 206722
1 206722 151733
1 206722 351802
2 4248
2 670400
1 804448 234815
1 600850 73460
2 963946
3 582367
1 582367 157590
3 33965
1 880404 126896
2 670400
1 741329 260946
1 530881 209819
3 740862
1 157590 689944
3 741329
2 413180
2 530881
3 95788
3 880404
3 62457
2 963946
1 62457 818427
3 209819
2 780571
1 383258 192295
3 4248
1 192295 81663
3 120003
2 670400
1 780571 236821
3 151733
1 236821 618904
1 192295 188009
2 753602
2 689944
1 568568 236492
3 582367
1 804448 935975
1 182305 445481
1 413180 482600
1 126896 357342
2 206722
3 570578
2 821808
2 741329
3 573706
3 4248
3 741329
2 689944
3 192295
2 192295
1 4248 445978
2 351802
3 297481
1 62457 200508
2 192295
3 191385
2 530881
1 570578 76559
3 95788
3 120003
2 963946
2 482600
2 616334
3 157590
1 126896 253962
1 618904 689382
3 445978
2 111007
3 445978
1 76559 568243
1 357342 388586
2 600850
3 780571
1 191385 402177
1 697304 526328
2 120003
2 236821
1 232510 932679
2 81663
2 880404
2 102994
1 753602 785177
3 935975
3 740862
3 618904
3 351802
1 126896 677783
2 677783
1 821808 581229
3 273113
3 530881
1 821808 993593
2 740862
1 935975 194895
2 788063
1 670400 441857
2 76559
2 445978
3 741329
3 297481
2 963946
2 130433
3 194895
1 273113 761470
1 445481 287359
1 332915 410829
3 161021
1 332915 501976
3 383258
1 253962 691514
2 993593
3 761470
1 689944 691112
1 402177 9857
2 236821
1 501976 245649
1 600850 392299
2 783961
1 482600 299274
3 102994
3 111007
3 600850
1 191385 22520
3 788063
3 600850
1 22520 363528
2 530881
3 402177
1 670400 416503
3 9857
1 416503 304973
3 1
3 95788
1 582367 952720
3 568568
1 299274 267823
1 188009 502864
3 600850
2 332915
1 95788 450013
1 194895 186293
2 357342
1 416503 723479
1 200508 938516
3 740862
3 287359
3 209819
1 22520 694893
3 413180
2 130433
1 273113 855345
3 102994
2 102994
3 151733
1 33965 571533
2 581229
3 206722
3 236821
2 674843
2 245649
2 753602
1 332915 779546
3 4248
2 402177
2 697304
3 783961
3 194895
1 779546 700492
1 206722 131306
2 357342
2 821808
1 780571 955531
3 450013
1 383258 285253
3 332915
3 297481
2 952720
2 332915
3 81663
1 804448 975687
2 501976
3 273113
3 102994
1 785177 321639
2 670400
3 33965
1 963946 110438
1 880404 829314
1 691514 700346
3 670400
1 236492 107842
3 677783
2 267823
1 573706 18676
2 234815
3 102994
3 568243
3 194895
2 821808
1 410829 67880
1 191385 322242
2 73460
2 501976
3 568243
2 618904
3 188009
3 450013
1 829314 563152
2 700492
3 938516
3 700346
3 502864
1 935975 395991
3 236492
2 570578
2 206722
2 441857
3 95788
2 188009
1 1 434675
1 287359 193480
1 192295 493455
1 975687 814263
3 357342
2 234815
3 322242
2 697304
1 267823 774277
3 963946
3 935975
2 304973
2 697304
3 392299
3 200508
3 95788
1 952720 790141
1 267823 943565
2 700346
2 804448
2 993593
3 395991
3 975687
3 111007
1 392299 182129
3 206722
1 130433 920768
2 568243
3 110438
3 955531
1 740862 744252
2 780571
2 920768
1 392299 574569
2 691112
1 1 28948
3 700492
3 267823
2 194895
1 9857 467087
1 62457 453045
3 182129
2 267823
3 351802
1 95788 442829
3 744252
2 697304
1 694893 564736
3 741329
3 689382
3 573706
3 410829
1 232510 646571
1 81663 52440
3 785177
3 200508
3 1
1 582367 323899
1 186293 989504
2 322242
3 395991
1 932679 462013
2 677783
3 236492
1 467087 811130
2 62457
2 774277
1 120003 720145
2 935975
3 52440
3 363528
3 531421
2 351802
3 363528
1 416503 114911
3 829314
1 357342 923138
2 573706
2 501976
2 395991
3 568243
3 761470
2 691514
2 9857
2 323899
1 821808 582256
2 28948
2 689944
3 570578
3 975687
3 574569
2 691112
1 410829 380045
2 297481
3 674843
3 563152
1 363528 303510
1 392299 688686
1 821808 175668
3 285253
3 691112
1 392299 513740
3 740862
1 130433 807003
1 182305 762441
1 600850 430793
1 744252 360809
2 287359
2 188009
2 95788
2 855345
2 363528
2 785177
1 186293 829667
1 740862 755692
1 674843 608865
1 73460 778854
1 788063 439262
3 804448
3 445481
3 287359
3 111007
1 450013 161682
2 131306
3 780571
1 395991 42348
3 236492
3 357342
1 67880 72976
3 482600
2 192295
2 126896
1 28948 231762
1 804448 956843
3 920768
3 646571
3 192295
2 467087
3 380045
3 531421
3 920768
3 501976
3 855345
2 568568
2 9857
3 581229
1 818427 204843
3 785177
1 720145 457078
1 42348 320272
3 434675
1 402177 267618
3 194895
2 320272
1 110438 214610
2 260946
3 360809
1 131306 490282
1 755692 142504
3 76559
3 753602
3 697304
1 453045 245540
3 267823
2 453045
2 453045
1 18676 929070
1 402177 676926
3 744252
3 694893
3 9857
1 363528 477893
1 332915 133353
3 73460
1 360809 173457
1 357342 5646
1 204843 929217
1 788063 314893
1 778854 550296
3 67880
1 321639 186085
3 531421
3 287359
3 287359
3 568568
3 674843
2 804448
2 434675
2 5646
1 778854 541084
2 785177
1 416503 445269
3 993593
3 434675
3 477893
1 741329 487183
2 807003
2 131306
2 723479
2 989504
2 689944
1 388586 946237
1 568243 989057
3 28948
3 677783
2 445269
2 818427
2 236492
1 439262 457038
2 762441
1 694893 576082
2 453045
3 829314
3 234815
1 107842 143464
3 989057
3 691112
3 993593
3 581229
2 689944
1 880404 980976
1 297481 591926
3 829667
1 402177 135887
3 457078
1 232510 209939
1 920768 680180
2 929070
3 161021
3 110438
2 674843
3 303510
3 563152
2 72976
3 993593
1 457078 358411
3 526328
3 193480
3 493455
1 582367 513406
2 4248
3 402177
1 234815 400701
1 955531 45921
1 200508 277447
1 691112 279590
1 920768 197004
1 829667 257750
3 18676
1 430793 205574
2 388586
3 214610
3 445269
1 445269 760417
3 600850
2 277447
1 143464 362540
3 952720
1 778854 353464
1 477893 911427
3 530881
3 273113
2 946237
2 676926
2 267618
1 616334 851039
3 550296
2 236492
1 760417 643606
1 358411 469488
2 18676
1 314893 157171
3 618904
1 574569 473203
3 157171
1 457078 932168
2 550296
1 76559 696511
1 993593 395324
1 388586 482976
3 694893
2 938516
3 33965
3 67880
3 920768
2 322242
3 434675
1 323899 901073
3 473203
3 821808
1 131306 698745
3 778854
2 442829
1 111007 307322
2 526328
3 779546
2 135887
1 204843 646651
1 1 858735
3 550296
2 920768
1 513406 30872
2 257750
2 550296
3 182129
2 582256
