411
1 1 243174
3 243174
2 1
1 243174 510676
2 1
3 1
2 510676
2 1
1 1 467641
3 510676
2 1
1 467641 969514
3 1
3 467641
2 969514
3 510676
2 969514
1 510676 454409
2 467641
2 1
3 467641
3 243174
3 969514
2 467641
3 510676
1 1 318510
1 510676 609349
3 1
3 318510
1 467641 33064
2 969514
1 243174 493550
3 243174
2 609349
3 454409
3 454409
2 510676
1 969514 510072
2 454409
2 243174
3 318510
1 467641 317458
3 510072
1 510072 43389
1 43389 523709
3 33064
2 33064
3 317458
3 1
3 243174
2 317458
1 467641 560637
2 43389
3 969514
1 33064 612322
3 33064
1 33064 185894
2 318510
1 523709 924749
3 185894
1 609349 239782
2 467641
3 969514
3 33064
3 318510
1 510072 394103
2 239782
1 394103 498911
1 317458 465295
3 523709
1 185894 401326
3 185894
1 523709 508103
3 394103
1 969514 153585
3 508103
3 454409
2 467641
2 153585
2 401326
3 498911
3 969514
2 1
3 523709
1 185894 997011
1 467641 378446
1 1 518128
3 318510
2 401326
2 401326
3 401326
3 239782
3 243174
3 510676
2 243174
1 239782 348999
1 153585 698816
2 612322
2 523709
3 560637
3 560637
1 318510 323956
2 510072
3 243174
3 185894
3 318510
3 612322
1 239782 596358
2 454409
3 185894
1 401326 354824
3 243174
1 239782 167393
2 924749
2 401326
2 609349
3 243174
1 185894 478431
3 465295
2 33064
1 478431 404003
1 609349 125123
1 394103 643246
1 43389 564297
2 510676
3 404003
2 609349
1 508103 244216
3 244216
2 317458
1 698816 28699
2 510676
3 698816
1 243174 99743
3 454409
1 318510 966488
2 969514
2 510676
3 354824
1 454409 412352
1 243174 773615
3 43389
2 43389
2 1
2 1
1 465295 252286
1 467641 424907
2 424907
3 564297
3 564297
2 997011
2 467641
1 643246 358734
1 924749 253265
3 560637
1 99743 712074
2 358734
3 253265
2 465295
2 317458
2 401326
2 348999
2 317458
2 401326
1 612322 383192
2 378446
2 185894
1 28699 654945
1 612322 483130
2 424907
2 318510
1 560637 184971
3 712074
1 467641 261211
3 698816
2 184971
1 185894 245524
2 773615
2 358734
3 318510
2 924749
2 167393
2 252286
3 253265
1 997011 793630
2 467641
2 773615
1 966488 9152
2 643246
2 239782
1 643246 81222
3 9152
2 81222
3 478431
3 467641
1 378446 563744
3 261211
2 28699
1 997011 825894
3 358734
1 612322 509830
3 424907
1 966488 150377
1 596358 999622
1 33064 365428
3 518128
3 239782
3 654945
2 969514
1 510072 271964
2 245524
1 358734 135813
1 318510 891799
2 383192
2 518128
1 358734 850774
3 493550
3 969514
1 33064 437599
2 354824
3 654945
2 437599
3 184971
3 596358
2 564297
1 509830 825769
1 253265 150141
3 825769
2 654945
3 924749
3 1
1 239782 802948
1 712074 41995
1 612322 731810
2 185894
2 609349
3 245524
2 997011
1 510072 346742
3 41995
1 253265 620867
3 467641
3 465295
1 28699 872280
2 498911
2 33064
3 825894
1 244216 805731
1 365428 257487
1 378446 727709
1 825769 141862
2 378446
1 318510 414535
1 478431 695802
3 28699
1 498911 725037
3 401326
2 9152
3 401326
2 510676
2 564297
2 478431
3 999622
3 654945
1 383192 63020
2 424907
3 793630
2 509830
2 596358
3 404003
1 793630 74190
2 510676
2 969514
2 493550
2 698816
1 999622 225905
1 239782 397325
1 318510 623256
2 9152
1 999622 277248
2 185894
2 596358
3 695802
3 467641
1 318510 703410
1 141862 861592
1 354824 515580
2 454409
3 243174
1 383192 362894
2 437599
3 378446
2 28699
1 404003 862423
3 609349
3 508103
2 261211
3 245524
2 523709
1 362894 344491
3 861592
1 467641 301063
3 850774
2 245524
2 966488
3 414535
3 244216
3 731810
2 378446
1 81222 742389
3 323956
2 924749
2 348999
2 725037
2 454409
3 508103
3 383192
2 404003
3 150141
3 609349
2 1
2 261211
1 695802 744316
2 358734
3 397325
2 414535
2 317458
2 244216
1 612322 123246
2 323956
3 563744
1 239782 455009
3 362894
2 862423
1 609349 414198
1 141862 795453
3 243174
1 318510 786461
1 467641 827922
3 1
3 478431
2 862423
3 225905
2 467641
2 483130
2 623256
3 560637
2 185894
2 518128
2 354824
1 725037 890874
3 424907
3 890874
2 277248
3 727709
3 890874
3 245524
2 225905
2 184971
2 43389
1 424907 560365
1 862423 443283
2 123246
3 518128
2 244216
1 252286 924107
3 412352
3 966488
3 301063
1 365428 504853
3 383192
3 997011
2 277248
2 596358
1 257487 414162
2 695802
2 827922
3 509830
1 609349 607138
2 28699
3 825769
3 483130
3 510072
3 365428
1 354824 818488
1 795453 333731
3 509830
1 793630 446686
1 344491 589643
1 589643 661532
1 523709 955803
1 609349 799488
3 135813
3 560365
3 135813
2 695802
3 493550
3 317458
3 252286
3 424907
1 607138 130743
3 365428
3 317458
1 365428 109166
1 620867 716
3 257487
1 454409 141010
3 414198
3 354824
2 257487
3 744316
