278
1 1 79677
1 79677 437515
3 437515
1 79677 422490
3 422490
1 1 988549
1 988549 721503
3 437515
3 1
3 721503
3 1
1 721503 540321
2 437515
1 721503 821672
3 422490
1 1 368142
1 368142 423245
3 422490
3 1
1 821672 151007
1 1 143331
1 79677 605284
2 605284
3 540321
1 143331 708323
3 1
2 423245
2 605284
3 423245
1 423245 697555
2 368142
2 697555
1 151007 337346
3 79677
1 697555 3420
3 988549
1 423245 180411
2 3420
1 143331 775316
3 540321
1 697555 317650
2 368142
3 605284
1 697555 491989
1 180411 350320
1 337346 621853
2 697555
1 721503 952068
1 151007 194946
2 317650
2 775316
1 151007 186876
3 491989
1 337346 943955
3 368142
2 540321
1 1 84798
3 194946
1 186876 428698
1 721503 175270
3 423245
3 180411
1 952068 230188
3 697555
3 186876
1 194946 150272
1 230188 8200
3 697555
1 491989 454266
1 175270 919832
2 368142
1 150272 942948
2 988549
3 8200
1 621853 344012
1 821672 568893
1 437515 233382
2 540321
2 423245
3 8200
3 230188
2 344012
3 605284
2 175270
1 428698 377053
2 317650
2 919832
3 3420
2 919832
2 423245
3 377053
2 942948
3 721503
1 919832 726121
2 721503
1 775316 321012
1 821672 73842
3 230188
1 321012 686405
2 454266
2 605284
2 422490
3 344012
2 350320
2 233382
2 721503
3 79677
3 151007
1 697555 317937
2 952068
2 952068
1 1 539297
3 233382
1 775316 842954
3 350320
2 919832
2 186876
2 952068
2 175270
3 3420
3 842954
3 186876
1 79677 467479
3 377053
1 952068 171114
3 540321
3 621853
1 79677 958284
3 568893
1 233382 586353
2 919832
2 437515
2 686405
1 428698 714441
1 230188 294677
1 150272 482794
2 714441
1 150272 654092
2 482794
3 943955
2 952068
1 194946 828812
2 586353
3 491989
1 586353 12955
3 988549
3 988549
2 714441
3 714441
1 482794 328539
3 454266
3 294677
2 828812
2 482794
1 686405 176415
3 317650
3 422490
2 79677
3 686405
3 344012
2 605284
1 368142 955016
1 321012 604516
2 842954
1 454266 484199
2 958284
2 842954
3 943955
3 12955
1 428698 13240
3 586353
2 842954
1 344012 56159
2 328539
3 958284
3 726121
3 943955
2 350320
1 958284 933843
3 294677
2 328539
3 958284
2 919832
3 79677
2 604516
3 454266
1 1 949566
3 654092
3 540321
2 175270
1 368142 485426
1 491989 92858
2 454266
2 180411
2 942948
2 586353
2 467479
3 143331
3 233382
2 484199
2 943955
3 952068
3 377053
1 586353 52491
2 604516
2 56159
1 176415 932739
1 175270 206035
2 485426
2 56159
2 721503
2 176415
3 175270
3 942948
1 568893 710414
3 721503
3 958284
3 79677
3 423245
1 621853 520024
1 932739 727101
2 175270
3 176415
3 708323
3 206035
3 423245
2 604516
3 933843
2 482794
3 337346
2 428698
2 540321
2 484199
3 377053
3 919832
1 467479 341709
3 328539
1 437515 470510
2 206035
1 317650 616363
1 828812 288402
3 540321
3 317650
3 955016
2 151007
2 294677
1 958284 888569
3 428698
2 428698
2 12955
3 540321
1 8200 195622
2 79677
2 13240
3 206035
3 186876
2 180411
3 540321
1 586353 769579
1 621853 179081
1 317650 828819
2 540321
3 56159
1 56159 951746
1 206035 712709
2 328539
3 520024
2 3420
1 175270 936079
3 13240
3 84798
3 79677
2 422490
3 958284
1 919832 852799
3 727101
3 321012
1 568893 396674
