849
1 1 189078
3 189078
2 1
3 189078
3 1
3 189078
1 1 328867
1 1 526135
3 1
2 328867
1 189078 241008
2 241008
1 1 983113
3 189078
1 526135 520776
1 526135 981912
1 1 240433
2 328867
1 981912 106172
1 983113 926567
2 106172
1 241008 288340
2 240433
2 926567
2 983113
1 520776 414304
2 926567
1 240433 413108
3 983113
3 106172
3 414304
1 926567 823367
2 414304
3 926567
3 288340
1 1 884331
2 106172
3 288340
1 520776 919565
3 884331
1 983113 670870
1 328867 779823
3 926567
2 919565
3 983113
3 520776
1 983113 696859
1 926567 67141
1 240433 41952
2 67141
1 240433 689402
2 328867
3 288340
2 520776
1 526135 479841
1 240433 543047
3 696859
1 670870 63823
3 670870
1 779823 598961
3 981912
2 689402
3 689402
3 414304
1 106172 950542
2 1
2 526135
1 414304 305002
3 779823
1 106172 286709
1 983113 979421
2 543047
2 520776
1 884331 876250
2 823367
3 950542
1 823367 714343
2 241008
1 241008 581729
2 479841
1 983113 848474
2 67141
1 884331 701904
3 41952
3 413108
1 106172 56555
1 240433 265615
2 919565
1 265615 394228
2 414304
1 328867 564497
3 479841
3 305002
2 67141
1 41952 341849
3 63823
3 265615
1 189078 521957
2 670870
2 926567
1 305002 139572
1 63823 601122
3 581729
2 328867
2 823367
2 67141
2 288340
2 581729
3 341849
2 823367
3 543047
3 564497
2 823367
3 983113
1 521957 764586
1 479841 540010
1 764586 615875
1 950542 580297
1 540010 938884
2 979421
1 689402 648193
1 521957 675331
1 598961 967913
2 670870
2 564497
2 520776
2 414304
2 615875
3 696859
2 823367
1 520776 26903
3 394228
3 540010
1 479841 252209
3 286709
1 479841 806564
3 305002
2 252209
3 581729
1 648193 641561
1 983113 230422
2 696859
3 230422
3 779823
2 230422
2 63823
2 601122
2 265615
1 601122 388077
2 106172
3 252209
3 540010
2 288340
1 779823 156847
1 581729 550206
2 696859
3 1
3 950542
3 26903
3 564497
2 696859
3 1
1 823367 372224
1 967913 399278
2 919565
3 399278
3 601122
1 670870 783279
2 414304
3 670870
2 641561
2 701904
3 189078
3 521957
1 526135 378702
2 967913
2 394228
2 701904
1 63823 555375
2 106172
3 919565
1 714343 223687
1 189078 943848
1 521957 628521
3 628521
2 779823
1 689402 544018
1 540010 93125
3 372224
3 628521
1 26903 796588
1 764586 829631
3 714343
2 641561
3 675331
3 983113
2 26903
1 689402 984794
3 26903
3 884331
1 413108 24981
2 41952
2 984794
2 414304
1 675331 68177
2 701904
1 641561 281411
3 884331
1 479841 893856
2 893856
3 884331
2 648193
1 675331 664180
3 372224
2 806564
2 372224
2 550206
1 156847 792138
2 806564
1 241008 919566
2 581729
3 764586
1 779823 908693
2 884331
1 139572 226506
3 550206
2 67141
2 950542
1 93125 950251
3 139572
3 540010
1 241008 906917
1 230422 614552
3 792138
3 779823
3 580297
3 979421
2 628521
1 764586 763488
1 967913 626606
2 399278
1 378702 277793
2 701904
1 884331 858627
1 1 764619
1 764619 320789
3 286709
3 696859
3 614552
1 544018 298742
2 156847
1 628521 691098
1 979421 789956
1 664180 219185
2 950542
3 252209
3 479841
2 783279
3 763488
3 414304
2 648193
2 24981
3 219185
1 394228 403583
1 641561 323128
3 139572
3 848474
3 763488
2 26903
1 564497 922765
1 1 142119
2 139572
1 858627 24642
2 714343
2 281411
1 926567 289592
3 919566
2 648193
2 93125
2 241008
3 24642
1 893856 70734
3 908693
1 615875 332177
2 230422
2 26903
1 56555 759782
2 139572
3 689402
1 884331 656130
2 93125
2 906917
2 764619
1 926567 760157
3 829631
2 56555
2 701904
3 526135
2 226506
3 656130
1 908693 864834
3 26903
3 328867
2 759782
1 399278 400447
3 675331
3 884331
2 598961
1 544018 374534
2 93125
2 648193
3 403583
3 714343
1 981912 302038
3 789956
2 479841
1 950251 380645
1 413108 791879
3 67141
3 696859
1 1 769161
2 288340
1 388077 939814
2 664180
2 792138
2 156847
1 675331 878897
2 56555
1 555375 49204
3 764619
1 374534 566815
1 520776 878221
3 598961
2 26903
3 399278
2 189078
2 615875
3 302038
1 922765 865422
1 858627 884551
3 399278
2 543047
2 865422
1 526135 822036
2 479841
3 341849
1 670870 447536
2 555375
2 156847
3 566815
1 615875 313018
2 614552
3 328867
2 943848
3 764586
1 764619 802516
1 950251 776274
2 142119
1 56555 22683
2 380645
1 332177 820853
3 783279
3 939814
2 893856
1 564497 617304
1 926567 482280
3 950542
2 93125
3 878221
3 156847
1 289592 208826
1 776274 14134
2 288340
2 981912
2 581729
2 783279
1 56555 213703
2 106172
2 41952
2 230422
3 906917
2 614552
2 769161
2 388077
1 984794 774873
3 313018
3 760157
3 628521
3 41952
3 664180
2 394228
3 313018
1 626606 81118
2 320789
3 796588
2 939814
1 26903 889014
1 374534 131133
3 341849
1 943848 654071
1 858627 404337
3 447536
3 938884
2 759782
2 482280
3 774873
3 617304
3 792138
2 93125
3 943848
1 615875 914975
3 332177
2 908693
2 378702
2 789956
1 823367 213140
1 447536 733883
1 555375 15755
3 298742
3 328867
2 914975
2 413108
1 482280 879509
1 520776 504886
1 403583 427807
1 413108 949112
1 378702 244362
2 67141
3 15755
3 791879
2 983113
2 49204
2 884331
3 779823
1 15755 836427
2 544018
3 288340
2 544018
3 701904
2 265615
2 691098
2 289592
1 823367 679462
1 543047 601574
2 67141
1 15755 470615
2 878897
2 540010
3 820853
2 878897
2 63823
2 63823
3 378702
2 865422
1 56555 199589
2 641561
1 240433 370257
3 601574
1 372224 698892
2 403583
3 879509
1 286709 918696
2 14134
2 689402
3 213140
2 983113
1 760157 807670
3 878221
1 670870 519286
3 769161
3 519286
3 142119
3 823367
1 670870 162464
2 792138
1 555375 904662
3 789956
1 566815 132868
1 277793 76717
1 807670 455167
3 764586
3 769161
1 979421 437130
1 614552 681137
2 858627
1 733883 598503
2 413108
2 979421
3 950251
3 68177
3 950251
3 876250
3 679462
2 792138
1 984794 977634
3 884551
1 981912 944606
3 836427
1 380645 830183
1 617304 787158
1 437130 918947
2 226506
2 783279
2 783279
1 822036 566268
2 24981
1 836427 756745
2 22683
1 823367 461732
1 823367 443210
2 681137
2 189078
3 370257
3 689402
3 823367
1 543047 726146
1 802516 84862
3 14134
1 189078 129120
3 162464
1 93125 699461
2 807670
1 520776 332151
2 56555
2 244362
3 219185
3 332151
3 807670
3 648193
3 822036
2 893856
2 320789
2 413108
3 241008
2 830183
3 714343
2 664180
3 581729
1 106172 967507
1 521957 681494
1 504886 172393
3 252209
2 400447
1 836427 371130
3 479841
2 461732
2 601574
2 918947
3 977634
3 796588
3 15755
2 696859
3 865422
1 139572 229295
3 24642
2 132868
3 670870
3 759782
1 370257 910293
2 926567
2 540010
1 399278 423130
2 241008
1 979421 162027
1 904662 656332
3 63823
2 830183
3 423130
1 223687 473956
3 313018
2 298742
2 288340
3 162027
1 919566 585041
3 482280
3 760157
2 479841
1 926567 602263
3 759782
3 131133
2 733883
2 807670
2 244362
3 598961
2 791879
3 848474
1 1 180300
1 461732 994232
3 926567
1 675331 942662
2 823367
2 313018
1 320789 27914
2 555375
1 414304 877394
3 656130
1 675331 79567
1 944606 978502
3 726146
1 289592 728669
3 219185
2 305002
3 979421
2 774873
2 823367
3 240433
3 977634
1 806564 271533
2 714343
3 919566
2 829631
1 910293 734951
2 68177
2 806564
3 858627
1 822036 875529
1 370257 202057
1 288340 617825
3 172393
2 617304
1 437130 125360
1 566815 225442
3 756745
3 792138
1 919565 430062
1 125360 600177
3 598503
2 943848
2 602263
3 288340
3 689402
2 691098
1 482280 675404
1 244362 615130
1 689402 97221
3 691098
2 939814
3 430062
1 427807 461433
1 41952 842870
2 734951
3 893856
1 252209 132433
2 764586
1 779823 980978
1 949112 296130
1 878221 141538
1 543047 240539
1 1 71671
3 302038
3 277793
1 328867 25360
2 404337
3 675331
2 226506
1 598503 164744
3 889014
1 648193 409091
3 878221
3 252209
3 626606
3 769161
2 943848
2 884331
2 967507
2 908693
3 904662
1 617304 704848
1 372224 369014
1 820853 239892
2 865422
2 323128
1 949112 16214
2 884551
1 879509 917826
1 213140 637788
3 142119
3 430062
2 626606
3 734951
3 225442
1 240433 312365
3 759782
1 787158 927428
1 208826 733302
3 760157
2 681137
3 807670
3 598503
3 967913
2 598961
1 714343 262073
2 164744
1 427807 616786
2 878897
2 823367
3 370257
3 430062
1 728669 752963
2 733302
2 369014
2 240433
3 225442
2 162027
3 585041
3 470615
3 286709
2 789956
1 792138 846956
1 858627 364699
2 213140
3 244362
3 978502
1 521957 113840
3 129120
3 914975
2 156847
3 550206
3 806564
2 877394
2 875529
3 125360
2 950251
2 664180
3 889014
3 792138
3 615875
2 829631
3 482280
3 97221
2 919566
1 656332 628507
1 374534 561203
2 240433
1 302038 421525
3 791879
1 141538 127058
1 698892 82327
3 689402
2 679462
1 939814 166210
1 877394 893444
1 689402 91645
3 281411
2 698892
2 132868
1 550206 694773
3 601574
2 26903
2 164744
3 600177
3 984794
2 664180
1 374534 496659
2 806564
3 908693
1 601574 983157
1 370257 383915
3 616786
1 908693 928021
3 728669
2 906917
3 305002
2 791879
1 981912 22006
3 875529
2 910293
2 320789
3 521957
1 302038 916515
3 875529
2 614552
3 876250
1 421525 625545
3 848474
1 479841 300374
1 926567 413776
1 22683 531918
1 164744 410416
3 166210
2 879509
1 950251 961171
3 769161
3 939814
2 265615
3 875529
1 223687 531820
1 648193 324830
3 846956
2 806564
2 581729
3 858627
3 585041
2 16214
1 615130 254527
1 670870 59264
3 879509
1 802516 151045
1 836427 975258
2 614552
1 823367 841343
3 938884
3 675404
3 858627
2 981912
3 254527
2 601574
2 526135
3 1
1 520776 581405
1 889014 992940
2 520776
1 162027 60845
2 967507
2 979421
3 983157
1 615875 339162
2 967913
2 656332
1 919566 753373
2 372224
2 531820
3 942662
3 254527
3 950251
2 829631
1 908693 669265
1 67141 658322
1 244362 459916
3 56555
1 699461 334781
3 615130
1 172393 153723
3 878897
2 904662
2 141538
1 581405 784815
3 141538
3 447536
2 132433
1 846956 964936
1 410416 717409
1 617825 585190
1 409091 821831
1 656332 275958
2 615130
1 561203 70720
2 63823
2 540010
