138
2 1
3 1
3 1
1 1 872506
3 1
1 872506 887068
2 872506
2 887068
3 1
3 872506
1 872506 102782
1 887068 981583
3 1
3 102782
1 981583 42628
2 872506
3 887068
2 981583
1 1 565886
1 1 792528
3 872506
3 565886
3 102782
3 1
1 887068 712053
2 42628
3 42628
3 102782
3 792528
3 712053
1 712053 479479
2 565886
1 981583 463353
3 981583
2 981583
1 565886 349741
3 463353
2 712053
2 712053
1 42628 544640
3 887068
1 349741 710168
1 479479 612951
3 1
3 102782
2 792528
1 349741 261731
1 872506 71061
3 261731
3 612951
1 349741 311023
3 887068
2 872506
1 1 313282
1 544640 431631
2 313282
2 1
3 313282
1 431631 343741
1 71061 406285
3 343741
1 261731 816719
3 261731
1 816719 969107
3 710168
1 969107 848225
1 311023 850918
3 42628
2 565886
1 431631 229111
1 343741 716753
2 406285
3 712053
1 565886 174162
2 887068
3 313282
3 349741
3 716753
3 565886
2 1
2 311023
3 612951
3 311023
1 712053 848299
2 349741
3 850918
3 174162
3 1
2 716753
3 42628
1 887068 413050
3 102782
2 313282
1 479479 921909
1 981583 662806
1 431631 321024
3 792528
2 850918
2 321024
1 406285 144619
2 872506
1 311023 228439
2 479479
1 969107 668373
2 174162
2 144619
3 848225
1 816719 335776
1 921909 335585
2 349741
3 349741
3 343741
3 662806
2 463353
3 981583
3 668373
2 479479
3 228439
1 1 500567
3 500567
3 850918
1 668373 690403
1 229111 905481
2 343741
3 850918
3 712053
3 144619
1 710168 360961
2 229111
1 848299 13214
2 313282
2 261731
1 71061 598293
3 981583
2 102782
2 413050
3 816719
3 690403
