938
2 1
1 1 243205
3 1
2 1
2 243205
1 1 950208
2 243205
3 950208
1 950208 951369
1 951369 682233
1 243205 780952
1 1 608728
3 951369
1 951369 660285
2 682233
3 243205
2 951369
3 1
3 243205
2 243205
3 950208
2 660285
2 682233
2 1
1 951369 826430
3 1
3 826430
2 682233
3 1
1 608728 754961
3 951369
3 826430
2 754961
1 826430 322584
3 1
3 243205
2 660285
1 322584 861772
3 861772
1 780952 61542
1 608728 665067
1 660285 545683
1 780952 94012
3 660285
3 682233
2 660285
1 61542 779422
3 243205
2 861772
1 61542 523293
2 94012
2 243205
3 61542
3 94012
1 322584 140285
2 780952
3 545683
3 951369
3 779422
1 950208 98187
3 61542
3 322584
2 545683
1 523293 806404
1 322584 942277
1 98187 120945
1 322584 391276
3 140285
3 660285
2 391276
2 942277
3 861772
1 140285 132802
2 94012
2 861772
3 660285
3 682233
1 682233 827837
2 94012
3 827837
3 545683
2 951369
1 391276 773062
2 826430
1 545683 893363
2 1
3 140285
1 942277 890327
2 132802
1 780952 959302
2 826430
2 243205
3 890327
3 322584
1 861772 984516
1 391276 46989
3 780952
1 660285 77332
2 665067
3 893363
2 132802
2 391276
1 951369 83192
3 46989
3 827837
3 1
2 780952
1 754961 635975
2 754961
2 826430
2 984516
2 890327
3 391276
2 635975
1 665067 820509
2 665067
3 826430
2 984516
1 682233 527392
1 773062 393896
1 660285 783875
1 890327 203239
3 61542
3 140285
2 77332
2 391276
3 754961
2 806404
2 140285
1 806404 81988
2 61542
3 120945
1 951369 341817
3 893363
2 773062
1 341817 217651
1 217651 774268
1 527392 467723
1 132802 28503
2 1
2 322584
1 754961 975746
1 951369 692807
1 635975 349635
1 83192 534093
2 393896
1 527392 714013
2 692807
3 951369
3 950208
3 77332
3 635975
1 826430 461648
1 773062 388008
3 893363
3 217651
2 523293
1 388008 995632
1 388008 897852
1 1 419370
3 527392
2 523293
2 779422
1 942277 201838
2 950208
1 545683 103037
1 665067 904903
3 893363
2 527392
3 783875
3 904903
2 783875
2 203239
3 132802
1 523293 666593
2 120945
1 419370 59997
3 419370
2 81988
2 467723
1 783875 609265
3 393896
2 893363
1 132802 604778
1 774268 818618
3 349635
2 826430
3 391276
1 419370 98764
3 861772
2 604778
1 201838 876020
2 83192
3 818618
2 665067
2 393896
3 419370
2 349635
2 1
3 28503
1 46989 781620
1 995632 451846
1 243205 981805
1 714013 599628
1 666593 576850
3 77332
1 545683 791708
2 754961
1 59997 190460
3 140285
2 461648
2 635975
3 975746
2 692807
3 779422
2 660285
1 975746 535672
3 779422
1 103037 935018
3 243205
2 780952
3 826430
2 975746
1 103037 109819
1 391276 438857
3 534093
2 190460
1 660285 251998
3 904903
2 876020
2 461648
2 754961
2 140285
1 608728 439981
1 349635 248095
3 818618
3 190460
3 545683
3 438857
1 666593 693032
1 890327 65372
3 897852
1 388008 770089
2 890327
2 770089
3 861772
3 820509
3 98764
2 140285
2 467723
3 535672
1 791708 967238
2 608728
1 419370 256172
1 967238 310224
3 438857
2 81988
1 534093 97122
1 349635 422519
1 523293 488906
1 783875 370194
1 635975 943826
2 893363
1 959302 371118
1 890327 745352
2 46989
2 83192
2 46989
3 94012
1 666593 372657
3 388008
3 935018
2 576850
1 372657 949452
1 438857 9322
1 959302 851140
3 754961
3 372657
1 942277 136197
1 770089 855410
3 534093
3 635975
3 599628
2 780952
3 604778
1 467723 135525
3 604778
1 773062 693137
3 65372
1 61542 423186
2 714013
1 890327 750371
3 251998
3 190460
1 635975 749195
2 371118
3 523293
1 935018 588509
3 897852
1 132802 244923
2 439981
3 981805
2 135525
1 1 770384
2 391276
3 774268
1 248095 486569
3 372657
1 244923 302453
2 599628
2 949452
3 201838
2 439981
3 545683
2 893363
1 341817 478149
1 388008 62133
1 950208 775454
1 818618 804256
1 942277 693886
1 109819 564688
2 967238
2 388008
3 535672
1 83192 787662
3 109819
2 132802
2 310224
3 132802
2 773062
2 599628
1 943826 589393
1 827837 525568
1 9322 339787
2 136197
3 754961
1 393896 643634
3 984516
2 818618
1 341817 460518
1 826430 271532
3 693886
2 83192
1 61542 476836
1 349635 495305
1 243205 527888
1 423186 396190
1 820509 549154
2 549154
2 388008
1 774268 568357
3 959302
2 775454
1 534093 336930
2 251998
3 745352
3 98187
2 94012
3 476836
3 525568
1 770384 445812
2 438857
2 486569
2 943826
2 692807
2 525568
2 322584
1 396190 803845
2 77332
3 136197
1 779422 342122
2 791708
3 97122
1 248095 50338
1 523293 996177
1 665067 381155
3 588509
3 81988
2 396190
3 525568
3 693032
1 109819 627840
1 98764 279146
1 996177 398285
2 564688
3 535672
2 754961
1 391276 34421
2 461648
1 660285 803168
1 422519 528057
1 251998 373589
1 467723 788627
2 388008
3 599628
1 745352 750754
2 135525
3 81988
3 419370
1 861772 482047
3 388008
1 495305 670707
2 461648
2 791708
1 528057 267212
3 666593
3 773062
1 398285 692852
3 302453
3 599628
1 773062 165030
3 271532
2 527888
2 438857
1 779422 791531
1 349635 662588
1 393896 610162
3 692852
3 279146
3 393896
3 59997
3 201838
1 890327 423962
2 750754
1 482047 244523
3 248095
1 217651 593221
2 568357
3 692807
1 745352 649797
3 217651
3 322584
1 310224 369659
2 256172
3 949452
2 893363
1 803845 48536
1 478149 588404
2 419370
1 588404 479134
1 381155 958287
1 949452 461468
1 804256 615732
2 995632
3 890327
1 103037 328433
2 97122
3 749195
3 959302
2 890327
3 545683
1 609265 526330
1 599628 895843
1 461648 643416
2 391276
2 94012
1 803168 373612
1 98764 383685
1 467723 887570
1 576850 593571
3 248095
3 670707
1 692807 691408
2 890327
3 549154
2 103037
1 770089 860164
1 588509 107659
3 135525
1 599628 284403
1 339787 150193
2 750371
3 65372
2 336930
3 693137
3 451846
3 666593
3 248095
1 62133 461496
3 372657
3 958287
1 65372 654593
2 322584
3 302453
1 107659 570928
1 773062 751283
2 478149
1 190460 510754
3 107659
1 423962 161298
2 217651
3 486569
3 981805
1 535672 788192
3 423962
1 770384 4486
3 693886
1 103037 508038
2 861772
2 328433
2 774268
3 904903
2 627840
2 662588
1 887570 217850
3 588509
3 59997
1 28503 310433
3 693137
2 251998
3 662588
1 649797 361647
1 804256 194011
1 774268 701769
3 422519
2 780952
2 217651
2 662588
2 615732
2 754961
3 791531
1 59997 573855
1 701769 323429
2 451846
3 94012
3 588509
2 649797
2 750754
1 525568 258564
2 461496
1 310433 31078
1 806404 750767
3 860164
1 604778 742916
1 754961 948869
3 339787
2 31078
3 461648
1 136197 478704
3 949452
3 243205
2 4486
3 904903
1 451846 140671
3 203239
3 31078
2 615732
3 1
1 383685 702801
2 599628
2 244923
1 479134 475213
2 615732
2 381155
2 94012
2 476836
3 342122
2 165030
1 803845 173919
3 599628
2 995632
2 81988
2 691408
1 495305 666857
2 702801
1 383685 434233
2 948869
3 693032
1 682233 931832
3 643416
2 9322
3 372657
2 48536
2 714013
2 136197
2 173919
2 570928
2 691408
3 770089
3 31078
3 654593
2 109819
2 609265
1 948869 49552
1 897852 600520
2 897852
1 107659 728380
2 984516
2 599628
1 935018 681767
1 895843 161255
1 666857 689482
3 827837
2 461648
3 751283
3 662588
3 803168
2 140671
3 693032
1 788192 619171
3 434233
3 361647
3 370194
3 135525
1 103037 912194
1 701769 476744
3 439981
3 461648
3 150193
1 478704 887626
1 248095 681197
3 34421
3 693137
3 438857
3 948869
3 388008
1 750754 963050
3 691408
3 935018
1 750754 822224
2 995632
3 398285
1 103037 788107
1 1 38405
2 822224
3 478704
2 140671
1 774268 112401
2 749195
1 81988 256657
2 451846
3 660285
1 779422 38152
2 65372
1 461648 836382
1 527392 608056
2 604778
2 120945
1 461468 330737
1 826430 115123
1 201838 837446
2 284403
3 98187
1 820509 791252
2 244523
1 267212 394167
1 750371 179886
1 373589 915122
3 701769
3 689482
1 523293 818445
2 750754
3 59997
3 28503
2 549154
3 527392
3 423962
1 897852 384627
3 692807
3 190460
1 107659 848778
3 98764
1 434233 157796
3 46989
3 750754
1 423186 296025
1 361647 649140
2 460518
2 349635
2 49552
1 791531 760165
2 244523
1 120945 710948
2 681767
3 995632
3 649140
2 804256
3 890327
3 383685
1 822224 312355
2 820509
1 203239 511965
3 371118
1 689482 488006
1 803168 408890
3 750754
2 476744
1 4486 502522
2 445812
1 460518 761021
2 103037
2 692852
2 526330
1 912194 382640
3 98764
3 46989
1 398285 938015
2 46989
3 244923
2 502522
2 897852
1 948869 989393
1 310224 481305
3 545683
3 190460
2 820509
3 50338
1 760165 45604
2 383685
2 461496
3 217850
2 83192
3 666593
2 895843
1 576850 574729
1 370194 15434
2 848778
3 38405
3 383685
3 461496
1 803845 373907
1 848778 676301
2 83192
1 62133 761866
3 511965
2 9322
2 588404
2 396190
2 780952
1 361647 823468
3 783875
1 995632 168757
3 787662
3 256657
1 593221 109412
1 77332 287064
3 135525
1 710948 91871
1 478149 524593
1 476836 837531
1 649797 84900
2 848778
1 525568 355669
2 287064
2 958287
1 609265 60265
1 804256 319594
2 649797
2 851140
1 502522 851180
3 745352
1 190460 939513
3 861772
2 525568
3 967238
1 749195 553490
2 61542
2 775454
2 995632
1 510754 452885
3 451846
1 549154 337475
1 788627 599940
1 770089 42668
2 120945
1 61542 911252
2 745352
1 804256 257684
2 749195
1 59997 845897
3 511965
2 135525
1 161255 682904
3 461496
3 461496
3 179886
2 370194
2 996177
3 391276
1 373612 532429
3 939513
2 845897
2 161255
2 774268
2 179886
1 666857 589857
2 666593
3 576850
2 179886
3 140671
2 355669
3 619171
2 911252
2 742916
2 488906
3 989393
1 948869 83499
2 861772
1 84900 383424
1 751283 868191
3 791708
1 615732 747630
1 279146 997052
2 107659
1 893363 610366
3 951369
2 788192
2 83499
3 15434
3 996177
2 837531
1 157796 647436
1 408890 353019
1 31078 148652
2 887570
3 564688
2 545683
3 384627
1 868191 234001
3 593571
2 168757
2 938015
1 693886 947094
2 103037
2 890327
1 702801 438627
3 791252
2 942277
1 897852 935145
3 371118
1 217651 25605
1 895843 118513
3 355669
1 788627 846274
3 319594
3 445812
3 649797
1 370194 722433
2 851180
2 107659
3 486569
3 478704
1 135525 928422
3 296025
2 173919
2 779422
3 851180
2 787662
3 822224
2 45604
3 157796
3 150193
2 287064
2 751283
3 25605
2 355669
2 112401
3 341817
2 371118
3 545683
1 258564 237611
2 83192
1 820509 932961
2 373612
1 330737 941971
2 243205
2 649140
1 475213 637253
3 989393
3 349635
3 217850
1 120945 476827
1 312355 45064
2 599940
3 897852
1 989393 664971
1 9322 966397
1 761021 90997
3 369659
2 649797
2 90997
3 217651
1 588404 353230
2 422519
1 384627 812553
2 34421
3 890327
3 323429
1 394167 129709
3 788107
1 438627 349178
1 599940 434422
1 549154 817005
1 928422 884117
1 682233 733884
2 890327
2 25605
1 511965 933621
3 662588
3 827837
1 751283 851962
1 330737 88589
2 9322
1 827837 289283
2 750754
1 589857 926409
1 733884 85677
1 383685 839901
3 570928
3 761866
1 135525 384628
2 806404
2 98187
1 393896 598430
2 396190
3 781620
3 217651
2 780952
1 237611 362851
3 549154
1 742916 347988
1 120945 711635
3 781620
1 915122 888438
3 995632
3 341817
2 788627
3 635975
1 115123 171194
3 423962
2 383424
2 251998
3 665067
3 45604
1 848778 445247
3 384627
2 627840
1 681197 481279
