195 5
988702176
824290584
978361336
36989554
176301348
82803494
373265046
70698959
550648212
643010140
322618174
278115350
630674097
881266079
162825457
202894157
249822758
992106906
766773515
78422277
226119970
518484427
633548493
522993405
287253066
874629978
752976974
543461034
815818256
979943804
974433817
169998290
750022142
500699931
989800110
428305091
286175186
926522834
610641385
845587996
968725673
965088962
121636743
146654046
695786627
693530690
55471733
773044153
785839091
422930784
691407004
672504854
354572524
268955101
89327634
299471079
740071198
350205050
399808769
183211086
423722578
376192758
1097743
922233153
374375998
410503694
415156889
630566408
428512265
179034333
446490562
559521791
715662572
685819051
724309625
699069118
100677081
389202854
769207069
209172717
250360179
793985536
340992371
918401500
455366253
385758185
784120765
886139147
611802587
205613663
948927997
222848307
904365843
962859219
247587410
405804262
675108542
100888121
403748919
510689922
225274399
205132089
684678358
834730911
72940610
882172672
965688949
654886075
691454520
935480855
801858235
351700005
984454683
392695261
402216750
171230560
852639563
967597052
10237384
21684331
758222159
592101806
105039100
946516178
336356611
994293822
829799130
310558654
910370881
97383374
531417747
575147016
407738100
502777939
277694245
155570602
374143292
900617687
143458337
407956515
650645448
42066789
231186414
647089901
374197497
359262791
705317090
313560627
46240602
577952329
617761540
1227506
355181049
992886611
231774568
872423826
64474873
59909399
565146395
786148549
245993478
300054688
697654325
223360804
188146814
186336343
340782682
288179621
782352461
348132253
73194422
436563682
708975677
800217252
756395058
355391389
17346286
167445083
506674837
127105186
137556075
553653931
938249116
983537345
977644527
13301762
168761774
53126199
342129955
584408926
469163461
900067229
807773883
836333069
513124938
