196 4
846745556
211306584
623196272
357932551
868368984
903365898
994279291
935190783
929956750
200136831
264897479
814776622
266438474
287604560
276974481
648778849
920463021
399919976
397783231
701819107
470282959
905730937
334797883
871495110
913119946
506346227
190849690
663854714
413567269
672615514
812682122
584481132
304814229
831154821
53283378
76526814
536817560
608851857
749024069
166814206
175991293
629715917
842259573
613126021
524653249
132343197
984730481
363232909
801313852
568973403
423092813
757632679
228732774
266923120
670770771
30669965
447842647
135026226
11786693
780625607
665618114
57393512
364863860
236816115
230100146
206906712
582139612
693038108
669444927
74304222
590781836
973401635
227885942
721237063
425466814
760656504
182389858
373262195
937560938
676871285
121435560
99857775
751771448
582927984
711121878
122269964
917566383
688435243
109812418
465097267
138442401
333519600
634140038
488849105
101597921
887441725
993254060
908316049
455534535
351014255
505909293
436514919
950001893
955467306
510724618
575211534
375866715
5896619
426397388
538200026
697271720
690311998
593565350
528736539
370102040
565089167
481237498
450754135
348011457
816028930
181953947
310521257
404289540
773867762
924485908
18339719
300262905
8197395
727908978
154626655
567785857
739571486
451054511
29819755
891194893
416528029
585593953
187453816
144054466
594328297
92941861
876822409
886237327
458070208
348074184
197898621
267436443
998659618
98336743
54162481
387189054
667360362
814362863
196401799
324597701
865010038
777543082
602931471
421585709
936575177
968822758
172076783
410920547
124815038
930934572
559047913
357446480
443383836
122690555
526969608
873470325
490998434
159534121
151263447
777021914
218563519
987789079
875713611
410459870
194437841
687181947
477548231
714515261
176751965
674782324
238357475
186458837
838463984
465099590
745822868
837731649
928879575
716789609
520414365
378394239
803844211
