434 8
813485954
341623903
209270381
955929229
433972912
817838782
928832177
432783306
777421755
563287044
494257953
241671585
552807950
583248064
621723524
789446265
831985175
264823274
586699722
823579347
697101404
497845761
819252752
242564097
211562060
135216319
425693360
931020000
705095437
822287504
43641288
638708779
248047218
404792450
424068843
189625903
213763171
503723668
175384928
275490671
541732455
901715795
522005660
40430896
924694280
726835969
494791125
718447425
752756973
858999197
252749469
195983347
422513623
552460084
509224728
862492756
600768585
244292730
990135825
404091496
973646646
601726457
687815942
22277678
692286468
811632314
404725312
478339579
547672053
799013608
26997562
111973565
272090319
627632127
5603488
156379866
519526571
85152750
395061792
187304059
839132231
889374774
932292823
233412275
480105889
649200250
95591776
381042877
318384192
194688572
722281282
145469304
477372716
145795122
808496626
669994450
752027867
580127851
986724490
867030768
443657083
231588896
466476342
279636938
984521003
462980855
413727881
558070030
79057700
725691086
637130527
778391187
627184056
962470486
931014125
158081657
653131872
67257542
520987076
653433439
861914896
785013102
158270161
547752769
546114028
751654596
771678244
685831548
41483260
267193554
809325368
812212080
55391676
175050849
829964916
90971787
215329160
778219729
542700490
604655446
872947363
537790454
143678154
284910973
506972125
226077034
635063342
501796932
416724600
776097100
706583363
44409345
537565585
409506672
946408903
154296564
997660156
860491078
916317156
927282947
538829150
218045049
840849029
187333293
887169852
309862425
972711881
343103649
886526573
633043679
654261057
911928449
766616034
195996657
88168490
208332293
150988545
652601303
70043845
678481646
525479285
917380054
319262209
973247178
125236494
69642086
833403265
474033564
307437492
600243999
171410923
214505331
844867736
658571255
425692212
542210684
682206347
23395834
281372056
429242003
744003100
116912860
454621162
166169946
407984128
977399168
234294098
293649497
981438213
77293133
171178329
992181475
178940364
772547281
409649957
896614997
396841204
923987636
566668617
398275632
947235135
712162042
834592338
864209453
204713976
118721071
938749865
428025188
931204657
121359539
638871845
200351311
554469107
838761876
276140036
885876614
399443352
604257390
443642132
921213507
359382268
264375350
585484560
782375314
290786761
110559243
701084351
276476586
265321366
176118442
303003984
972593235
499163476
319385320
931838370
326111161
382281533
880259218
25900994
486994112
605342612
109679346
373664586
236008438
486343775
811213440
237756516
455243563
549751456
366699090
74750724
267188986
332596636
571968869
821392133
553872751
445405954
853054618
786693144
545874081
732951155
988289481
803928493
536253729
514818085
657458382
965554709
797361565
166408640
99613661
627886943
423119837
995540253
248910036
558564564
878302237
987327198
526460119
392280400
223604176
749805841
984835627
308699884
305870323
247533974
99991468
624819577
943792764
152746240
106576352
86893130
413829736
717791436
143002890
164797004
70075865
430399954
502341110
950120203
448089783
534238824
756877006
121379301
583423390
653969816
988000311
756371898
235285269
739845876
129661441
583949358
985013265
897904019
28442720
467339300
339638324
472772326
76386690
974745343
184356281
947723402
921703031
140703481
839125568
27768081
449108744
299450634
371676367
573085655
423232321
739286361
578364420
262636027
323628522
847660287
591988275
970423242
892219466
384131297
27660058
415461552
184635833
429738239
829025178
45593674
680683281
772996191
102857513
397860199
653007469
255096777
929823304
181179281
946214418
598208216
608156271
613514207
704865025
196651871
902176160
91102860
500350566
553597028
85837403
355376995
403350738
210835995
384176318
899873120
734289419
80291717
69286239
91452780
680108437
418056412
383874056
737995664
582377135
518733238
914408044
232146266
797592575
68616513
126570708
83490315
877942000
283668922
734579291
537015352
659291678
368825963
745978714
441664700
474701563
782142127
452664175
565885009
502745066
317934837
715001396
797767126
604762833
193688324
209560034
413404170
412637038
215627778
416115328
391825942
343058648
104007736
866097266
525811829
378972791
