373 5
814613570
693888527
8934414
688902063
743877006
401693565
572411601
612747332
692385241
802558702
707663465
443273452
700320099
264113849
714673653
283414544
781312462
229208141
751962954
236037711
529905468
295493182
164023735
958827214
561474618
934076655
279829296
350917738
557524004
508870538
225128764
367160740
51971228
829017346
918411315
718059487
21729233
862530360
499579832
10390973
691941416
404897110
180667855
852229271
734638853
28803702
927556967
1258392
969050043
205533488
257221562
492807281
546730415
761023186
313231264
931347741
836784528
275991652
16984077
564364959
156224758
113405905
779778792
510507070
939772341
621808722
824742195
193775556
956843333
137181154
315025120
166425964
830886474
221898686
262984122
892926013
981555292
851707994
567382655
755827937
43672060
711713521
851459446
386370892
157653803
947112430
966160326
796185203
581442400
96341317
654348615
342641845
979110249
923399716
64248327
328590067
658167821
597607726
922503880
782184984
981935478
358288614
686438086
34929860
696635130
836174810
939764458
320847647
86754614
914770863
510213094
459805323
943363309
638806696
755205284
926638192
539493649
988848635
778488414
349639633
574841350
879599935
562211511
137563118
940192923
556188514
600990218
497492426
509718831
589080319
66558739
470482037
849171330
773467322
752417397
212097617
491146988
63896011
155096138
363296734
752903984
122158732
18653961
619391781
291727322
8375355
713182994
31150688
139618995
57714915
334826504
242976085
725436510
576096643
309582419
880561461
921988780
897093766
235043512
945250326
945242410
24615979
213835705
814206392
683458254
607116335
532019377
50594393
916654182
794069325
586669119
174909605
448440047
236291173
604285571
437068884
71270274
371895324
11007696
246561608
74875527
813037401
320733832
679521899
516313364
989023587
227837194
452874833
539698263
335581181
300209319
869576797
39278039
645861158
709722483
477619265
862407039
384604673
724235034
481775337
494636531
852866220
339352363
451134072
259448157
828615904
48354094
923672452
319656712
996914112
426414064
948343247
895011002
439984099
525190238
853803792
789215661
963046262
364767917
304897972
381928178
219088329
499711593
567462253
776663300
507872953
918764016
558650061
42992908
158696859
944336579
938086483
511578674
735299562
671894580
992459260
760809073
111479239
793917665
279892234
100410805
449562627
738767919
495726936
41072269
954437673
345652734
712392741
992737054
957467
584111432
484410250
820023722
862623122
26809304
530389063
16512920
956357451
34763058
951044754
882558247
86319911
528798750
264324909
635274195
209137286
24674789
248547711
126113854
548860666
91974360
628711143
638508964
432125036
437966162
410425503
827357750
506609032
681828862
345658834
698433701
128208199
858278626
951984214
92795077
918262924
582106030
866917169
253206370
55319894
513297271
571559286
662699522
906299334
169587416
608045290
969668600
161632393
276421978
868759988
981658101
840430464
62568288
812282293
44591102
835582123
557333221
668359422
968435301
47170821
594103742
411509572
216199830
876645504
579921642
488234170
500881454
219007260
186246881
465178800
512297560
338776783
124893413
636066130
791451212
812642099
255491319
195728199
191208275
331440259
909539652
878869525
178314650
624447582
269254463
377282329
308737762
110818578
65066521
863965299
248858959
856617497
693115386
571924327
335340721
854930032
686584127
951756736
332935548
378416038
197518436
790600575
465219579
3743404
462407318
811065072
481158051
859683034
891152712
393286545
929078361
795723248
934201791
110268243
667186000
636856559
678875938
875262010
683012009
657168686
702409402
328568373
725902563
