182 9
661831917
59815256
198612140
540975237
875584914
323417461
897703633
607572810
731856910
479213751
243814080
394430208
328075165
268084656
675895126
779397523
809021126
992364898
998632445
162581972
992925414
841112627
613319027
61964239
396783194
96266524
552122670
828589939
807320511
311177476
886998580
346525723
308294497
593728166
434366875
749601162
771485281
471896580
418365347
193304850
485460624
603163435
210714619
369538918
414327632
328072241
420230379
749106147
932994593
101075122
23755672
714400515
213205538
27643575
682874634
608048260
155817881
719530146
673214697
939222899
389382823
827534521
859625683
983773122
930364584
550038821
295303950
453880175
439334684
23995663
209432251
803486143
791386497
710709821
255309860
992032858
128576185
964079710
375200857
656073537
871355771
897140728
38666198
651550889
832860726
123512427
689512571
188389700
187044170
576767341
701508394
457605559
987325023
931901892
471573973
759953426
571405422
512535395
851675461
529214290
986531232
693362687
897414363
934012773
700042988
837033222
425114326
579953444
957701264
51616553
810162561
563606378
676006730
356958945
626150043
757658349
662763929
47290761
359329962
990613658
711028080
927437072
12543066
769140929
636101001
471307933
915509642
194613471
948911273
161854022
419005658
299211762
145930600
639734706
999204545
573330953
338683325
574188723
251306776
420462190
243272225
294871649
130503357
192152015
894164289
941565776
6286465
346946384
958123297
214318646
526778172
517921869
51578545
450603227
827151403
250933135
380377699
572975972
837778040
182478283
396520345
268868797
354662415
848924216
422834288
609181167
582444935
839643324
832133387
506135797
402378289
1862184
68017179
400070605
378822534
251418303
695624765
526826112
12643348
307323993
707032294
915418061
