704 4
233819925
878192742
273100641
369633151
77295475
462552747
426384137
993294338
880920294
976529294
329121922
315344922
953014812
218462832
820430934
879792915
558118999
902362723
820126789
142665711
344054103
39267298
582749993
87968360
623404298
659807681
130107243
932102473
11697002
826283138
508944916
591468180
557166012
271407126
649588287
799703816
767633540
482452269
817321957
926957724
904638820
782388581
376348439
531454179
311889499
347239305
502462895
445886058
115621603
812416379
432343116
88074030
803640810
455677914
817313710
674552388
516797986
126101296
964507015
67549028
597607485
15024254
307692428
182773399
283235902
558658872
86208816
19346194
487105522
7711521
291243224
148817059
710258005
736157344
153965109
449821165
786991363
901046891
845423318
302386296
82896126
718274157
933265086
417003756
422743380
722639542
553656124
422936092
189595677
397567556
670471930
717107057
12963027
439692724
914734448
839102310
629174420
871508452
990278215
852247588
756850910
34785766
157456466
231238497
265076252
234959537
419117940
568031233
307976905
886224333
672705724
417396926
260106261
704564132
147875810
406222622
560935310
644201303
657380965
105288547
101950537
13415462
501197671
507585911
582670828
529654402
935109279
237401357
711049612
120151184
23712648
598753057
171444229
938553529
342410571
271461428
186332956
151790236
516609630
106192182
107760703
525929374
660910202
907914672
225804430
103673168
744462608
365032333
506501079
641506594
596673020
518482191
158940332
490594037
633165559
702217492
574663813
318578636
465766196
517012280
772482065
729498759
494462007
111391529
205083792
514627776
934971438
342732224
369790283
248683748
653344950
477312679
387660261
337127610
990276167
781927284
749222163
617746136
438593873
434536890
921026773
265294699
201965585
197601497
533734829
240855742
795961447
672846031
161673278
934055351
899432678
288444365
191431212
118820876
88883235
778161842
161785981
288303912
426991187
367330342
103101818
999161061
416685325
431540791
52299467
379370948
28253545
639904774
442881359
580574850
856039988
748105129
441868005
209115775
162987069
157205310
850159434
19915697
999904388
601175520
511414839
225298811
420790639
324057765
172277154
712587629
186726514
730604549
489282377
372845646
526669701
400911230
764373688
800126373
73327581
661344914
225176897
985437611
755785379
70515178
5926053
249827654
473726368
164688764
350336086
460770649
11419150
428252739
136913590
822250573
717767466
194258848
869008312
983603250
191057255
382827771
609537547
843259616
188321422
974417702
651234880
527002503
723432070
451945419
138774467
51929067
287012225
909135964
242806420
669362090
640766786
715391856
78092189
960552638
493565263
258775786
918144904
642095897
46063637
243219908
820013322
476253167
652300160
765513920
710823823
529524576
719930906
928494001
469751337
133908988
864414232
117635298
461817331
135864162
23555958
254849878
222767675
655891285
812413365
610068449
688135841
872187373
718702783
152349666
804267044
229185743
577708080
277835891
78229986
735636515
585711910
388062661
591862550
167745644
968034789
391073351
690386490
547718438
480338877
737042425
505555367
255054922
637584176
466594747
569025161
352036603
749081776
268956010
507575843
159864022
230272374
524241711
551118412
160442873
292422592
914932268
698222664
587382728
719998289
696930718
942857221
733958238
501791888
898891706
551870122
284087447
620176669
147326403
834677715
531364434
421633784
396721976
115080333
569062132
370036799
471326899
865298844
535806030
53041806
61851666
886544037
557024942
985947215
833618338
261106581
92952724
226401232
378405848
960448524
697472614
568506290
199139500
720211560
484514823
128361833
977928094
975783549
626030931
262429811
248150879
421403737
424996906
492722966
881705553
555900437
564745883
513108967
656617874
22187987
910438906
628142518
510989001
615780733
907210323
154432406
142904984
960952546
862509743
35842671
619621987
588619092
851775598
904900646
309657027
408586906
899299076
61925313
453697763
450190810
11430061
378590511
823519589
479402966
88616907
345588154
436440609
713783791
386435271
581069891
129057275
228506057
956345379
251020279
270636440
46357569
66463488
857459243
765557530
501797330
145234134
936370509
573476518
79837424
593272284
754257866
889121467
409382254
833321085
308941023
166854462
742038633
141607534
497728555
370081854
200054589
533421391
577384500
843975949
760455345
450975444
233427157
685982940
595867675
842693230
320152342
479006096
861078040
100442094
350632813
368190860
462109549
334773872
747294307
390188041
58218588
216851677
145062782
895985353
243494691
702117642
114732182
518895806
853260676
425125860
198799530
484962827
549883803
264512780
674413707
611026941
960829547
161497354
661398912
81402506
288724430
832603425
828800303
453774395
445880265
351616541
616490984
876064988
21333204
351761366
661674573
777509377
706820748
5402200
954055634
161154320
611264429
757300127
918052087
736370263
851287098
930717861
261862076
417659603
633769230
342526121
226158880
863270922
636146138
651132827
426366093
810350203
989986464
159130947
184355169
222000226
143220666
660339729
193111239
99120259
602483958
163161093
378694649
533724613
739301532
89474716
124158887
280749578
226863968
205405554
865982410
101997401
558408366
810300767
67648196
525394995
841494625
446223258
621139773
378761404
688273607
128240032
302899518
664659680
93183840
277815670
174929782
548677801
694805333
181773735
684497553
741957257
171007096
765727155
326047022
426582287
142740721
386048551
339249904
106489623
103982926
424298953
7949677
403601083
678237380
213750562
581812466
78305066
764221749
556109415
125845727
22579254
716323258
728222489
134993503
658256636
394825630
654493832
674421930
245252845
528095436
581607472
302115322
727620970
487615800
776294020
178115118
434708728
66960077
189819267
758822199
715069107
627894653
806290752
178006305
433638311
494898864
409475075
507045107
64638672
383833065
285775028
322057603
203766257
147030381
933267935
700625863
291094458
941333837
451994925
563618958
471381551
397139351
615051725
208759561
710130753
338560161
946142670
308220432
394844874
597633806
292990723
775568920
107635238
560324017
121529392
378521361
24503656
680198152
912678921
563195385
837995115
842110247
907853830
218903589
427774051
284980043
88388744
606541666
105277121
225072959
375964479
578231456
60919859
17225242
319967241
873921930
946879986
434676261
811004574
594938736
335303335
757038602
554965904
665659605
281884777
749294755
317842358
425909685
414136388
966765766
885685373
813595576
627500845
31825720
380666415
392923128
968672859
573046314
759402264
766567881
742791296
458068075
840592465
984967870
324997378
694221480
884198666
874407225
460338344
712916181
665518500
995871693
775244167
724692110
687008049
678290629
621002634
695679823
536413892
522207777
6443256
974288895
626721443
428546691
560557338
447962683
402410072
257613338
998158623
