297 6
95421630
485051456
998735530
330983644
47551700
517461578
680425131
931442409
243381616
231267196
226257044
242828762
504047770
86638470
859461436
22226322
560635862
794511401
99985496
786965099
396271115
339852609
438934516
102993583
222854272
47328020
63879894
902635749
892736744
747359215
196977001
18820143
886104752
142371593
829746399
177981376
88541672
381741983
764641646
663178239
51274187
560358155
571594942
249612732
812563332
922551951
24912182
934791422
404233403
924456132
225449670
841026077
465340294
544336920
992387003
297343133
709250245
535786457
550054580
33230841
48485991
586506486
579380883
827962784
637802289
797206882
979392538
666691966
329952929
146252776
491546728
521797976
49775568
361096720
743674210
991346370
678637391
723209813
57640916
504838901
698541149
860147784
338928179
6229089
579311306
561204288
167811270
187077855
147011259
707987413
142512850
629448884
245083080
919696007
418158475
489287294
591727961
455373950
737276715
988491417
63713511
901981107
846626892
417544020
4751491
791129616
54746238
534910340
811042027
9383544
867316629
830465548
363684563
705003084
767797193
211663813
770147734
662112128
689228407
461099392
702410578
99781126
106194194
992362150
484750696
974499051
218129981
144395893
993125005
483867371
300174672
774533740
372241129
487443195
974077812
232773512
731372737
465386368
404901147
640530217
108299743
989355110
2382646
321156849
268551962
404906051
205673345
155625414
472310455
388003118
43403448
507295073
901652394
351469101
717514631
661551729
718440926
946431355
890105812
464867840
243611883
681524948
370769344
87376618
392449926
648316805
535748333
671266547
918610088
406988857
346030825
436710105
823445368
432920488
30225814
120226387
517484066
53904757
423137012
765980001
17463759
529617529
417453850
100895083
135342368
655217606
174820712
296754991
637005941
736063216
256424711
294117370
763350037
858490969
945187738
721945722
957221951
332337882
870434853
562587677
991292088
39460236
210958581
112480102
780966608
670324130
191690213
195173584
574794924
750550036
926558582
272951614
896456713
473595688
771347872
705813785
878860690
55166788
382980823
117855402
55941008
298495540
814413301
335538267
802025570
458032526
795341644
531299227
416774702
716245690
74103516
553246361
296194677
603404788
906045163
425197044
644662300
51899033
937562007
81650017
670172747
870754480
443143878
94304099
830480186
364463686
336982541
148621213
95106301
150408833
986785723
434711867
842155492
73402620
853183487
359589564
264740911
585472544
733528941
160954875
403124206
99782621
833293446
409029496
449012279
719283355
11299018
210299283
754230531
649027920
283650154
247650017
27291196
561260018
562246752
542751406
877205899
377916352
531845259
321038502
154269554
791711638
122617146
528181594
219608360
30323226
380373558
865681456
619802788
531718089
847336814
346732896
303566265
631775272
125532568
337245726
764449395
