587 9
999434760
704050471
692415945
368881543
924222885
370408774
530564552
429263957
10914569
222281162
411219201
423968699
792623687
67076397
193257820
244573061
348776703
234683128
134556742
185202581
215431897
909125367
336538313
307210778
167339178
455261294
938832769
247226173
436050118
887211251
509863473
777647142
832385819
292520484
674162637
233939845
395828117
860252038
33091555
724231026
221284280
774653846
780219089
704794064
676147518
863957854
464010027
657434978
655864448
876542531
885417902
845265138
122870538
587195099
427649998
282234533
590888013
129124293
584084282
879903038
134558735
348862317
697900970
502156299
314008103
989937168
602213361
716342635
98794875
252145677
238498918
850943723
580499580
200783253
568220299
865783508
173982514
732521699
766884368
446146054
484537182
908918879
823758107
921980181
825176347
639218398
818771795
671228066
268047065
32998147
185967205
213998816
70537112
603120874
255881197
64621405
542844333
390906830
841416049
385092195
193111383
298032523
211572638
231854660
32618001
978527726
784917789
779331443
357988798
610906336
643012382
103567965
439079877
77144607
613853399
973787232
172700193
503689041
29134988
978523538
4633784
647673764
445493965
524361605
353915101
478902570
818934570
61467252
872869221
877393145
255632141
348237115
896890708
170493625
833503636
268051959
122026658
103408049
175641287
259693876
666721299
579736289
505592415
825816832
83021364
529951525
487745696
522483435
17787895
137761179
863637932
423304241
131353000
732233863
478654198
581799732
843903910
928372593
117815023
727161269
514235915
363756169
46226658
90795369
780473890
355645328
984182355
142266232
69767853
48686404
768942495
329249158
860538356
906434594
875767288
796081777
955780530
815571485
821803129
225369475
62179969
707399656
197310956
293176279
958312223
370272184
626318128
660821219
576848583
869037898
857277226
249186675
354830683
349512404
341932380
113016211
883977209
949392715
374875412
420972457
188228621
515910850
99807730
336214445
96833968
251019669
220981163
629029719
794126230
285898099
626288177
281840853
713652118
772161159
688564617
713685389
564818658
826531358
101381010
626305528
277342515
207730036
494785276
29701396
529678136
418230845
916758928
607937313
620204058
993926396
276231420
248775240
719705419
163888803
614097896
554654954
113458803
767251638
522759829
28629798
275335634
69769926
924401710
193011669
411400017
499389520
942731604
504935726
774861730
431637827
228239258
18424013
355090211
731148530
267750689
517231307
858791778
832742548
633268130
454070392
707549243
564759460
287758405
84675506
438240483
335920249
492579518
313099802
390086300
491904969
887341158
437148681
702082168
127399159
168660995
503711742
406306612
277771908
780807178
769349604
688927210
734936830
641894021
953955015
174636376
672448932
431746633
79976918
362207562
208529665
481795731
229377448
590952077
618296133
888959769
648337227
90151636
883996283
4142094
831715885
641628829
344715843
196723823
199215994
642398437
217616386
510588397
17245784
959072382
684828974
185437760
412024835
376502564
655324392
424937157
943162453
551149649
808766409
521624465
620143574
866377228
753601087
298656496
96001376
660283530
210462661
111284203
991640538
575694045
39901638
302047429
188032339
615713286
716434527
581301517
982642942
89568385
733476816
447439297
428235710
351680414
356996913
596106180
35780024
863713786
558893287
738835402
951690086
723748754
728500361
941421671
351775015
148156003
439444323
696122139
108773480
16987152
343350494
284503077
608731087
158219092
304174719
671292950
31818915
101620936
731189994
180912768
86147109
140990439
560558205
589881054
171939988
339315287
720084072
764073578
149172409
90372204
659856335
82846366
488299417
571124802
296281470
62397299
820449410
698389369
771695169
899197476
8830563
934088631
858008098
340592353
922665132
351477624
620360137
581148687
349501954
807731830
987899615
488521305
907248438
567531132
778390727
413457133
867871797
451612341
342767124
122319505
775684156
269069763
980421595
550061187
756448148
137006486
537233996
343822382
342372866
476099584
579586691
473193277
969333055
908457708
485009429
493066635
200970381
586415652
637229491
955235390
587735287
993583073
541261192
803837931
239691130
25007148
672296660
781704119
913225648
632379200
380916692
443959024
602389696
606656748
693266382
472542101
193938232
7596888
158084492
803263066
213705680
768447035
553864958
810761333
115411748
38116738
860615273
479732178
346776948
201239646
602232540
924414769
465611102
249317633
102914876
996304955
164065029
650019651
311422380
879675791
305300289
667007526
790462887
18542020
365766262
366289079
511682427
16041387
444119812
676667085
355686106
13172096
77353691
47063942
364510472
355073155
109316645
530659642
33000867
545951014
292905416
518019532
561124240
594886702
598652684
75946226
197673863
701639303
716109365
901160012
551451758
847623487
802151226
810763192
497101923
951547746
935279958
236619418
4723416
419812138
785258335
405123840
872921520
625264199
309426268
336565618
462027626
120284521
786657776
169326399
121924417
66538403
458172596
405962109
825285385
400883885
108728809
753687198
875183574
835476658
593184983
803774146
9597395
62492580
223699306
135456804
136766857
533407266
801698923
268035323
292218572
735994332
40566384
73582522
598228921
358012337
769757597
613092658
384653180
216170393
438297089
205087089
738855976
807047497
682739424
896764820
892947953
199373516
473209087
303740230
514006081
686566191
870014819
822746914
332124244
893270958
811206526
830936873
282547090
978068477
331181701
826981773
463370773
587224850
237718579
903191762
334482949
167104061
726967718
907887474
543336279
805276874
250397507
767037409
553160473
895197876
608373587
70106284
299181564
551517394
