992 8
155837359
372519569
845476627
98339767
923220874
707316143
666873974
342035377
680065337
603775506
51825733
892502811
825852565
898460770
438079965
94055937
207337218
677496022
145041017
245390288
861832188
119129687
677506416
668720597
890773075
678536051
582000528
449728310
97228243
933956352
935165892
548604278
416428186
378082734
918709204
42462666
440986412
509453784
292403585
758220920
57041665
370752159
703172754
628362965
242382992
112051401
158310931
916249254
968255807
479791454
996499242
809850704
527013245
99623356
506538660
272051771
614833217
345089315
476153345
653102800
211120925
561146026
162161330
636257369
918816229
927490519
715606783
398371430
563148991
257285487
453460308
249659045
276822892
857845012
745231550
773187909
726542505
816243714
112376117
494136820
454854359
359100618
130367552
826761475
428737476
831548319
861153315
564818063
308838262
793908818
469422574
829795706
442853933
472160733
197667389
314203193
610643943
860458568
142143595
416610671
418011111
58433192
699751043
834421814
212524589
450775153
213760528
762040559
463502677
654111781
621913422
712265217
667622073
946038452
661404417
669755382
370306685
624104817
585067394
667942012
821373479
709742422
87217653
464762249
587782705
172781300
737683521
558185057
207750958
976639684
873061247
680342446
982869726
896200666
752299927
167245371
501470922
221699120
518980023
288472409
826237139
177363101
787889102
543794879
846362766
949980113
475913702
901948269
736073008
124821090
464565498
717497757
822463558
538811876
490221554
495305461
623349023
47083278
976041208
670978485
508669774
493386965
998983429
864360238
525343463
963618141
306509866
24030802
957256128
421633567
315375445
291331773
174670753
322316940
213598715
647424322
578473743
781704359
968087737
546775494
748922080
973052049
791612193
975354442
159328408
503625280
863046244
412651996
142355892
954346924
226544949
347822975
739359153
964134017
250413860
435396065
936814802
451975045
910781737
963355493
301127531
165295171
934315130
90142874
774030989
512924124
846274158
515780206
580171446
52789315
198108826
451168858
707908836
435736966
820858652
975096303
798116781
109439442
760081113
222943002
581286963
741330504
138323948
283952849
401531041
361620301
594269583
70288503
882551854
213591728
548601388
826624181
358000119
534360340
710631738
510372535
219078522
570360244
176412472
448080272
641077724
839318119
131372572
386141758
291589165
366204603
288826423
657750854
27131638
963644513
762514570
748911044
576086467
849284263
579094297
292018482
241910777
212613709
132902167
687710877
993574212
575398563
986262254
770971466
303668985
460342466
257570335
306403010
762226817
557250322
178897101
276259773
828938515
295448607
359060931
785914963
71136459
942838310
602847494
657784500
86645574
620409049
45889132
579395491
900180229
147233513
737770376
785261708
583846135
716794192
77014870
432022386
918286525
115495160
822209982
500723829
953216237
11595333
46339010
587681934
574671004
778917957
894253485
756247419
52979993
174081174
560718917
867905297
33596722
3955317
245801721
146254333
891291470
82991168
16738930
669678394
158563813
803132887
81411757
47345518
49173369
403568589
860860923
123014613
114751009
566328124
774244726
452123531
772669717
216563055
452692567
840355032
440898166
874034064
144612330
884129546
905047307
988823200
511718997
702153363
260535064
31453441
799116256
663004661
718027057
644781686
878078993
628940643
564332174
689888277
231407552
741183005
947228105
890658737
229145621
647755518
461535707
338218073
767874694
396389314
110911987
228215299
365992964
834908839
768199065
151604131
453335516
819020080
860850993
125750870
687898944
488797595
959093095
851736029
825319174
506143318
302731703
149885084
322095309
20779274
387525103
613530992
558395698
163916660
872461185
699252543
939472490
626928306
385761602
921194783
24519227
539354086
247366036
407308137
174900649
976897433
282582763
466998699
715093539
548551576
218621851
209147242
857651098
502245343
156625175
699399144
440549708
354814242
583074614
904532070
793468020
942519785
759335612
784468943
92518378
787214501
641958584
799413220
702453912
141063152
786859820
422308006
159351246
679005084
50717781
801754302
8275451
306214101
277208825
349475848
229559883
954110711
898548301
606109793
167701422
481695586
927770669
559432565
295634879
444878053
10887615
983582230
256321969
671459529
702343056
194865235
240642559
64147934
956509887
567820190
553633786
267830179
82502609
598865245
570450268
425160328
615957915
983744637
155208906
79356575
289322095
689141799
58150311
209649249
134735326
703385208
289843579
363908706
964037647
985011576
885629280
883856923
695283767
385610252
908318305
764299972
627845823
770500141
771705526
703777257
187878371
972477518
812618167
841259408
769290091
182919639
710086982
894611364
817697876
819721685
468178334
210959760
731331229
579330512
283595728
655855884
52051677
721401052
89820423
843202571
588416171
385605991
672058245
789335077
143978223
559604503
543119643
119372964
597202645
142527098
766892707
510662344
110207787
533616962
742918076
355709165
739117645
512516506
339611679
32072620
422263738
536830699
10529838
114762594
241311847
593937573
5488661
341671312
431083689
125130195
782715057
673519720
844962823
129367954
159199349
852175760
328700776
782603043
575109861
239831168
232523076
652008155
77168527
822496154
744666753
230084300
669642898
377772769
892251237
946884911
805090955
175897149
894619448
789030230
994510521
650585434
693852391
722417193
799580330
144061845
280014849
649172546
277063536
236660937
606583256
361780094
676030785
631622169
230617280
426575669
375368478
470106809
517541110
967731989
470571310
244931406
27940213
466863115
841513678
601712112
606906508
655823971
577188795
957925259
386648903
371533558
673985831
107622189
589037517
229666666
38488972
467002685
596643614
29993589
555041308
978445030
51040254
108889499
335539417
410493740
264521354
927650424
612075856
722715177
583134020
657115406
87734905
695593292
126531627
649942592
725457804
166331215
252994255
758121392
311312550
674600311
77708553
452876982
98905278
932138008
240220865
296140549
131546788
858376504
294045387
753344331
263367440
453395340
991868604
70360596
734420455
809685659
956270073
309759759
152421843
462840477
819533011
474939598
435756351
182821897
458315433
154957962
74850896
185979415
447554675
529956800
812033769
442544258
473333553
200043352
214245364
163654480
990226992
108131980
819867178
571513475
766736084
876011537
271596432
831919939
411817258
111068829
306900214
315701611
170122764
77994141
673225587
634812169
668448215
420932211
870367116
79628176
223721235
35740321
235278248
264118825
74171093
659711207
446239425
274637766
460997526
607642233
382412037
945995138
844886613
678379671
350093759
336145722
195918616
917442873
246112102
878734499
365261684
658825668
276021912
22106283
443877895
92156871
828154094
728588864
421880649
321759952
966693861
396945723
787502884
566419787
525546166
194799887
44404728
553512485
870104438
812385163
31800617
324632030
804173526
650816184
290947180
975844265
217989220
351712780
327258545
867994430
488963414
901673995
95933926
560362597
75358579
143503513
223222551
976759011
849333801
142513555
579345130
230462803
184821001
361904832
339123237
564504258
611090434
368602108
666058732
510032803
903588969
734767387
816102898
109635560
403991073
877714852
816881932
833946488
67219714
793017969
521624409
496907712
583523998
111891692
19553124
510548844
472520915
538621068
938562354
186294331
636549904
361632388
243999327
944983723
515620106
65331541
209293952
348326595
493266958
775243216
99529694
571430076
598794920
797165370
613289821
849088229
772807540
115962905
14312312
251366105
155334080
635938565
675845434
475783793
846302545
25660954
149245515
55341186
321001422
52844650
661402034
178489343
485786406
124193699
490391572
32544756
898426790
561275462
684077929
325368164
156575407
623199773
303850292
636481185
823451726
500527237
622919320
45167473
440163898
578791376
999031511
779907050
95883224
953021188
692425263
650693399
781517504
458862706
385574848
573788544
42969561
422373141
13744279
490460535
690158508
393919635
581941599
902638436
73661495
374963125
193315824
703162603
998189627
331354232
957469664
646824821
854219881
858461861
463890305
794035303
405627328
176773675
155652865
880322424
753915437
139992087
217130049
321478911
717593434
302295159
585773136
438003011
507541221
163786230
458404554
665977313
253054134
507237628
684458336
762016664
681472726
761406208
8415122
73963012
802336758
170844575
162201298
305209487
766568886
187050770
43897761
599370521
304107774
104587733
283243589
111346152
736602135
286414916
66914354
972870515
439322185
817123376
724597340
984897462
984162642
690088801
641918988
520854960
350006839
379063805
624069361
570223976
744629402
172433636
105834791
797605295
686010153
910267734
827892440
689055622
483322991
39338904
887931770
372428793
949385912
800045648
373899676
891799713
181373259
297851656
526548872
910694743
852422921
120914361
559926851
48369853
125319212
644722184
911566032
306765502
378918517
391000138
963794720
902338585
716214572
260000580
500945119
460233791
27010481
742079642
406223804
768940752
156542175
111490144
302413920
695568338
235651503
267095166
548275163
964884560
666196637
711437851
772233478
886655457
2531400
735394384
414918214
836995948
845603050
928658545
854469012
515520582
190157566
631887157
34468455
891226476
296774669
565100759
466263085
240372353
327161781
250609150
998544915
180422868
577618984
393545455
879421866
968652673
64236504
654248445
295883578
744251270
119623510
15181468
533003784
212801277
464286291
418762582
240457584
993757113
726066405
228352304
599224765
518821822
677095251
676506900
491197960
68898649
521578315
335195265
