428 2
419081916
956057697
856855738
259095757
345483599
930029554
793060019
448550314
663725410
562999737
812403392
993128861
508200200
599556535
663601910
279629330
897503472
984329094
387562740
105673811
965921951
552216686
557723122
70656656
703921776
382155287
571312835
924497428
263948830
107346906
981255533
537526937
973663510
291240987
257559512
815019183
316069576
538214950
935289898
132762460
164500395
359500289
861535644
61876604
315813868
770793470
898377185
525177546
369989810
544081057
825368622
488133373
250369285
637625982
391797537
77513719
794323939
515010959
247216202
535434137
545689953
275848888
138388177
547531132
987809620
836139011
514363548
68790430
688539783
71022146
946781215
916136219
437672337
65393445
747187005
686836132
848942866
266381703
166147785
436702203
781861006
72407741
708406563
402044794
940398164
953890741
169111177
280792248
905630166
661760976
685846397
365461560
534941760
116101198
374413957
801780924
391151992
483520811
792425597
331963021
838620387
829241992
999462052
132180767
29803225
686411335
130055097
429398509
192205688
957744984
949201681
395738922
711792521
618325585
100782533
825913452
371411161
794429292
415073556
457575867
941162817
562226950
667095031
50743936
325979018
311914294
469151438
463097333
631387905
401101989
580094775
834016935
812791341
644874614
774775062
146142568
949291563
636545168
381536473
853884149
474065683
371694389
651252661
534042655
578661223
453644497
68292612
466504239
566067856
298447141
115085078
528980478
339091756
953008215
962972852
67203581
64170185
623050699
443136797
852256921
214128469
537795149
375975262
651067668
173950847
692350946
888102394
721692590
214852360
310693700
792089818
728778021
980603
110571310
652350181
29920629
567708389
388822398
396245747
702038896
630336302
742299987
942029921
962821857
949219642
746120731
959687221
702035155
269008419
156375170
202201291
804220552
616463763
637299343
776853596
243842069
351632283
609043657
427818415
752073853
279144258
556448275
344993967
78010940
417260236
941752629
940456769
19515027
883910063
520319750
499839850
736255178
48796560
676544719
202560631
434427335
228496306
243026970
231952476
123381133
401291372
351659248
474319674
722796408
321733150
81151490
570544902
351373908
358723078
774239835
851687626
557413099
311787236
276979817
374797245
601779787
807001930
873953103
780710785
933847356
969383175
948560451
150053405
763438485
72478942
703996236
92067211
534097247
662737525
693107646
525262622
934656572
248375520
969252082
186370368
654957161
623201846
25089610
506479993
748953355
503439871
98953928
929361964
455167255
345997913
635819153
383918912
116855935
511379314
308737098
168680864
735423335
618060201
88786942
301465787
498885032
525441155
243343345
981129278
498027100
644000803
685764633
691886572
14878551
709101714
382859727
435139825
112252826
147668469
387436657
392133006
6870360
711667060
492156241
840688172
197788814
712939977
40863374
104073201
435281317
773189950
684612695
347592561
803369588
711376992
68406790
916384654
201140143
708833835
892488130
402050055
54680191
780093331
549351527
713388005
755627929
147979795
770154666
115665904
517727356
159620978
144998569
281990872
272675542
541228822
449920453
774839150
5033522
904432032
332696419
166993032
648652716
805531071
382243830
788180338
329895451
901357594
916176717
484017013
568682461
329326863
500808359
652527720
457762797
571321562
506902562
537723618
127519856
823878208
786214455
218732358
851113479
507709768
535135426
796606936
104122296
86197005
196635285
95382953
128206247
828254716
626055896
761948110
896305561
615642135
628464495
774317013
566061895
740891513
751961126
813901908
751736200
765930054
890919729
922076150
269516518
395320018
835952086
154462982
78624889
783154708
493250130
887556122
538654550
242420499
937812240
91277147
636308547
766627307
260631908
170519951
588608883
106488412
629469919
192867688
873200593
629207523
816230341
116573291
650795619
517210796
706326009
753319047
680986583
740200231
193937013
564842521
55560416
518758721
288904171
551259082
120892544
565056410
939123106
982325666
596889832
763428614
364234307
544519361
622280491
247611713
732102729
579785868
461530533
739803090
288024362
496769971
847017033
