941 5
195528491
498521329
146648711
703839077
46644953
32088909
493055539
904280412
774692987
682417884
100132744
169509188
116074113
989659307
801660358
717583626
449788124
713910673
643799192
952689534
503061330
475394702
689702824
378994558
970833442
948871092
840492205
85722348
713781175
130597414
996596712
838011891
438091881
72255817
199729118
354158927
759390292
775379930
420159643
133832553
617622482
289710386
743897965
707659177
933102044
989188563
89965602
333574741
972618521
462702823
123948042
698402884
138470938
175572034
510363957
217607021
21084021
859161488
609858544
337113039
895973596
211863980
554518101
9174246
871680378
560084254
7251498
62309315
53153652
56998307
518821252
143484232
801801024
524824607
95884548
54331811
840714616
403471966
285808888
940905459
554264475
361130473
367387065
743411054
546765368
377142561
125969346
323028182
206073810
9296217
772056979
394266883
804920475
618773880
746710078
534058215
748055273
287377385
986296381
899273138
953097251
667694598
739601610
441174534
992109999
476537579
240912675
674736757
733995458
205657080
128952172
145024926
258813316
859914457
713710423
561335052
558232386
272057225
256373240
472578664
211120157
333496934
150662853
22028466
574420717
698285141
875226823
685181593
212416927
224116704
613590122
327889207
158040930
303029561
58689779
254355636
425400291
255558727
834209526
494743691
139794716
487942810
629626375
549235713
654932157
543005310
812741916
121189485
518421953
641400858
605582256
202737160
197065375
188984948
899089606
165246870
74452110
294133955
389946636
483606691
831974566
829702644
718498114
922393745
440152555
313596117
431309519
763091547
669841870
422860684
179541513
676911842
105407609
179692841
341693493
360342916
855220849
98939696
71265621
929094624
972745341
382062440
555889321
808464833
40669482
996647852
18073041
657587139
796142402
423017714
699843666
972927269
531192573
166829947
225598070
821572785
370159721
798678309
683917633
278100313
618402934
756316080
866791783
677516467
585098806
21267500
355465109
808960474
969036801
817722620
376004474
373675077
10129659
754714478
445476379
228643315
476289397
528464368
332801420
670612078
279724835
258410761
808968782
250617182
943538305
665598324
623801484
318599188
546429688
811648261
101141970
503282623
40074996
477010675
274088194
297006137
219972124
94246285
244952147
551694283
680202737
813269034
272176276
746314725
346606999
823749776
888550626
482429012
573640874
209934141
800851426
850062834
23100446
655848266
979690074
965709704
26717227
711309351
80063119
355417026
421135080
904411514
639755831
400331948
968334345
116936582
153997577
588865513
220943745
938161209
524476851
888154007
300321828
138960240
807343786
445447651
608612654
489318714
469829011
630103386
189689331
519507368
836786051
724989336
63395012
63777279
977437382
978949659
920187056
793127418
527235016
46137483
344314064
661078761
594934256
216256805
44047110
289120799
863317142
1535225
405413584
968056025
32089486
87524664
668004331
716945911
328769136
286471152
691557941
166654305
461156976
943693818
339595699
754265207
585862166
525103043
861806075
132032344
594077060
974994184
769140593
661642964
699766507
392608537
115236541
525961712
776382304
978132819
934514507
691582796
763893318
202970794
234390711
848666117
414677162
126819922
183894467
522564389
693796339
769783215
212727334
161854039
283069192
940951627
20571670
320072465
557009459
896591483
955656990
463300537
221948394
837797337
248540810
852215049
62819350
612938638
687915881
310413860
83877870
433892370
296988722
106196812
509778528
569174331
889159652
935522425
171841638
799944766
543282906
812501646
534143523
790731841
326725930
442520778
596458952
353891261
417909982
392168175
478900208
947672771
592020243
275970148
982957201
848655917
739523525
609271330
257126908
79752380
827703929
189541611
168537220
633309445
843532307
598458038
796353491
404627234
899460960
336279792
900741568
443823743
386960249
692990211
698095896
647165700
407400731
191314886
530961356
807007234
557282005
288342879
161543349
945438930
493157196
81042460
400640425
898961792
156478566
532009943
558755995
386274305
213635142
112838134
514430476
611317927
558758139
801233369
833286173
264099444
913110341
946330992
883612142
392405038
184870488
995561695
314478247
583176733
533121488
225413770
711598459
219754610
446803695
393623592
518941709
132663627
876162197
761947862
573905495
90211887
716540805
245314669
598301888
678402769
653175668
471558245
94748104
487833287
974436421
223090164
357671511
519388960
167387571
122172195
43446062
526945164
11543771
899362819
315128585
117461809
183517005
420968152
276964020
983567102
371626367
270196379
663159814
472404820
490242906
91224229
935828213
286526251
268385008
692778070
94828670
499750738
177612421
731889703
990654520
310821507
768543892
646646348
320082691
249909545
597336316
653641042
737550672
477433081
908730525
988346567
98829099
76248271
916310830
40257213
423773667
842398634
427069647
295422280
337815487
115557061
192987864
535655421
407433528
315627054
630991667
685474517
452481871
263299575
901547551
271446238
577773474
872723193
752629148
4240326
770973350
584599647
856625494
327769440
613209966
338181177
215670293
964849151
521210511
161421912
200342473
968198046
446573945
511751939
466035672
158670580
932159364
122847419
676217740
600249153
247131924
384443663
81391835
637373964
214361867
814060871
454007393
101242327
977799206
721893175
11990006
563616919
705379409
323517531
565594229
790891610
597291867
766792936
895975509
547089868
799337294
939244158
801427906
520033478
271634035
488429532
2789502
575210984
605962412
320775958
259428395
956130097
343524340
807389763
508347935
395891577
627354839
939754465
625554192
148123141
70269616
185853910
134642006
225704760
524672169
66794490
733811734
276237011
273313549
651405352
909934404
35582403
749862533
157915977
760861828
428186680
180915580
109584285
622813298
789654258
723662339
380119857
164741070
175742617
624904006
478570129
906889846
649806075
821201254
254783584
463633633
275871142
836740029
390493199
395583331
224707053
119777112
18885434
700125647
589447674
468450513
207974679
263977071
898839691
921939012
651643494
595349200
979071062
399402226
137450117
198610948
393653854
397373463
663452593
399634300
574674665
989565174
715304227
199507799
441073079
703559556
446354154
255624386
537298784
666999490
724620552
748778683
169517460
253866195
900322696
33812600
808348951
832761417
877947160
974709385
197199954
41907418
139009579
633699264
761790547
289177287
788227282
716315886
561403555
314372319
491881805
297164685
407669283
898714619
861747488
262924356
338562069
165733291
238558275
67610771
376313629
377500445
390607694
397377742
158439142
580074933
624803321
250104791
323966298
350598495
389941323
230409199
602366335
47297899
936142010
679408050
291315757
99665937
865120025
544025313
264060355
627606353
887779353
113732963
141380358
866074299
412899490
375572186
887018333
28522386
829814636
51939758
849113326
912364474
325759738
171038722
267912094
415683344
130059460
644901549
353410594
958575074
666840469
801694212
929284060
99565217
471828635
794600937
371300755
304390813
770048190
213319344
506926927
876759265
661983332
661504677
436197946
734395478
902988840
653969758
149969384
790824544
110555687
436602522
346164726
387220576
240256088
871186966
935326848
935867470
253535768
752809401
867272049
860573192
107429411
956665116
383225401
587144159
919993849
945336044
255016626
610094354
699541007
810698997
460237019
940472967
258501236
763392721
212710601
505019180
187263786
774814454
436554003
958870594
50365034
376145429
480841442
274590263
458732596
652673967
853568378
660381995
397018549
285089995
174921741
893424104
359984945
792330288
652209880
418758783
882224898
369109015
110552190
938556359
476895908
686919823
592099912
517168325
89756571
510510262
486180753
945440582
6391674
473349210
551114277
176773940
88313110
927766595
906406131
120106859
904160919
237276522
247580854
683625770
916976573
32331927
641909172
344127545
450885435
535059381
759047916
114676237
866774285
491400052
920119752
837639131
574530404
749392863
242491922
514910862
405927979
832633461
91703476
333420597
110502380
650408288
953241684
420085687
326825027
115065351
92640674
112075860
442080970
482422339
100580537
266861050
948932458
177332328
797330237
343252825
709012016
316374478
45030270
176026252
362929608
664612557
7864725
734544332
466548783
71596306
763084467
692495577
777145260
664237273
237393203
331320972
54858475
466408351
687544801
837289463
34064187
878491779
698035140
811871638
348024013
10790961
838216417
847497580
724926867
736726736
234380347
567415008
572242594
597646098
867249307
619291885
629052801
745597726
988852813
904806142
465578217
32125859
332645992
109610484
355387480
83163507
156499037
619976458
24740912
664920564
972509147
871032952
519565750
609465151
14736251
305680232
452078978
438712740
958748356
902121775
344154864
581230475
113222253
899197125
209006478
24880081
967282326
454662616
56487729
18557451
168485548
54277356
23500556
161582395
577911606
688198769
344482469
188536546
769986335
565364011
102822396
651409838
741498420
218852517
895330415
359452416
366314950
126740996
121798481
988870912
50547731
816002350
488593209
835731
