905 6
485390990
11040150
940602217
224688039
735956016
578485055
406930128
492380310
921621975
635293319
175974528
316978741
174233652
815801409
582107240
996837948
364656339
201107602
2943136
492475555
707157690
796681786
991750085
278700640
342948209
781196595
897147501
48089351
328588666
323607765
437048464
814013756
110229779
493037053
440779901
723416219
686222378
801267406
688804503
619666085
101089229
19556341
841854615
736144935
292536067
434039538
277808834
754807761
456380607
674173538
451219275
919757912
987735806
878938512
733116191
119990496
898947100
703055060
656082691
365551132
391479082
122322319
434047062
28996261
860024296
183875971
882783788
687166599
541302716
670894319
799925980
138130782
571837619
867807798
807539496
76242109
224020708
928230010
958609088
774971269
121462465
89562793
521319142
888518681
294604315
709288994
637948363
13231652
712730336
434824988
713759072
8224530
464756546
367263510
291113752
101733106
848114864
950058338
993956067
719823198
801672308
871612902
861842070
634286319
660284684
145625322
702269319
908056094
839163849
51095919
901132893
283533695
550440008
417292539
329752864
439635591
403858264
303488132
790194172
612847096
831639547
80399915
886020308
616172673
568468295
40713683
118381079
124120640
524430552
596915932
978204899
469303760
889642660
643470716
780667705
399263459
499757265
90395436
616955489
699347310
466699186
109665691
876925406
241217732
700825690
764856732
209305132
465386491
176773841
196425125
546685187
557912955
34373751
137772771
883005813
997580137
119582949
507229704
321439793
484805475
647504349
822866571
220642980
220808467
85665270
175391260
203782080
35061554
616097609
215009413
460562788
158508545
968890548
145352764
759518220
66440688
639065295
60828163
111428728
710798622
792202949
591271477
315410578
845936772
191745414
537211861
344783997
395627316
542594102
91339951
697419577
135708303
481652622
34899440
578474541
688709787
610846549
941717433
14949783
829042996
117728466
139716423
456925649
575826939
86693260
856601713
212492703
52155739
754368141
956200232
570255930
848998448
243224608
4019223
875818113
379182332
988489350
661464349
434969494
683260199
313612751
385175081
721412591
625501696
825012747
994888786
204455626
581664611
751559341
646748618
729879797
534746969
530978966
836932510
172775928
577633526
392026853
476389683
611991978
261097269
507871572
685515773
881965938
126150346
109715360
288127773
20956415
844606658
436750523
934476860
237226169
795092369
914331680
870525686
667060462
823139250
140313622
123498207
670883794
843939817
614556736
82102666
996985489
700916852
482853832
706283202
963718389
150157721
825044336
17008232
863508605
196841232
901328082
234832789
166214763
493334775
329834152
306199983
254208905
347545604
792232323
827837998
152219400
561934874
127606174
620238952
518703218
477490176
145587346
199575613
190157615
777000731
822175812
228905627
395984066
903656881
125202348
572446863
673877964
480134389
305021937
291050815
454356419
224761778
689956839
67280459
266778513
176703085
689129365
812678320
874901388
249090073
448791353
862735177
193102343
557463000
433282068
371856257
990082202
158480583
183063517
905602504
266419041
929083534
47773018
606692038
474182135
348462019
64343375
985367616
697807497
76236829
204843026
870335062
278532549
58413459
560453875
438265142
517155755
66701968
990906546
898512620
748025182
104582962
246705913
613385032
167640374
585308173
178877127
495476284
250857758
614660435
657887049
422356468
529468268
661543926
810252332
63276850
563396805
783907044
677293046
854633186
343020858
25265319
936099115
953917948
211031591
189747599
479821161
806758256
830048767
551881333
123848941
870659431
275662554
317168114
736655242
750030625
373856531
600407486
559460478
143392323
152023804
634500723
165999709
48542460
996712593
23509822
429966988
329752763
465629263
950473223
178387572
440931353
400168658
394652393
563047347
400038953
911236811
925961963
549248554
635776409
749805737
956820050
701544499
908208016
986971122
837038395
985221931
466744571
115581256
930151218
189583617
586002072
725466067
12523346
928168973
471803225
849825518
686646352
95500426
67200961
102067466
32573783
911838545
589297061
178663613
227113028
370205737
245096373
796170035
916032720
253398697
118999243
108786457
629558800
443782364
477992359
193129030
877004022
156349810
183789903
964870757
190927944
439418895
316235675
379998098
570385196
862479347
985906083
236383186
285726520
433250566
216157820
618185738
349450391
663513174
712361168
810618668
558464395
29457175
255699819
298334136
728778051
541631637
854257242
11571992
595125092
767653444
132631606
353850061
299988593
152953319
852107430
633176213
820900056
838376112
786473326
355889959
683862240
145267263
956503755
882807901
255718010
490418757
714460410
316419215
366154163
462529277
934285984
214684736
154559823
910323768
959179278
619838096
799631413
649315928
761284075
195692270
431692645
759410603
731645905
458319312
719472655
692377646
754691698
732486837
237940950
837592956
868461061
588527589
908972851
468752022
207567737
168560287
26021500
442756663
702078127
233482446
172746165
97527516
771058920
406790737
351722289
764614422
140992465
889009873
412721506
757746749
442034569
624816909
936649498
12969764
62720498
79195207
727039932
307693734
763289763
883268513
143615478
639416704
997399378
174494851
790356623
604035512
273707894
353791716
429299725
852108991
956513265
766820076
627475582
734321616
601736440
82368544
707756285
150362605
190940104
722246766
928979294
704789695
850917155
290681953
803205511
92231675
52061664
300458740
80728875
141250798
837901517
878228776
890380258
739268265
931543584
826203195
130152726
563235372
666084611
457888913
773667635
160022899
404583630
423658975
379968461
840944263
472923802
698433422
140365380
542072569
701772513
875009606
647938120
599388919
383224598
551640732
271877988
958694212
645830832
477981556
873321718
956596435
115709854
457975268
770655700
443278574
684432841
628206105
801048957
437513791
210505470
28160120
691112937
645176120
870314010
273683495
444644785
808251446
339787513
583313465
665106865
340591990
508561710
680273788
788493204
562541404
281250126
595243377
369775643
753283857
441804546
554726284
622032554
594399287
707131246
810369021
594406995
957196210
665617420
686468129
374220536
972138389
856230851
578130414
216707219
967575627
683324921
777059927
954299303
84000181
461553702
111739272
665043422
343040789
684106014
234187650
480598593
532107331
516915621
849736933
489279970
461008060
781644792
840062664
138284287
279656199
311666217
226234900
114350475
160941525
259644883
184981857
908526766
320675750
898897956
153037787
292232569
513092821
187219306
303941519
633279578
887645258
213858537
571180443
129807591
669469354
524176624
356935301
126164987
440394389
101759805
6101529
406376519
526731969
553204811
355146090
102071855
275490440
637692229
838010417
583625376
641948074
499923026
96428928
80318042
688932801
990393908
266067245
871435267
127618536
669850887
674666350
497435943
65820464
631668194
902581917
192998972
541571550
505023741
603031104
351671419
20817739
540117692
958712997
271757763
743961980
373743108
462208576
198331964
109209479
788701302
931781126
751287553
420764238
190709568
235734504
377493586
192753755
672060909
574295198
804387164
293977813
907199194
799194409
275304051
672250414
64255966
401165855
417468779
971899885
272157264
111720448
804741406
479963402
183898632
522312800
150976249
751140820
277028913
278627815
439476852
305142935
18089698
667839169
438746256
936018991
508835791
972014566
753791467
461751785
43614132
193246990
567912986
478188075
747022879
577291906
316471637
417031767
438698290
739754970
599999045
375136247
591687048
287717854
666664718
724647416
516424005
684930988
939131564
73039462
651974579
943159532
584072480
674961714
749990608
194285065
521026776
414457721
342155064
132745447
175977168
836959281
178258827
120423123
292114747
302804498
154017652
121592305
324092723
61455405
174359220
82090923
107701435
844780399
519731548
710929522
100224229
871634970
640982420
538486786
348530246
651329588
103031490
502418752
794746832
248794937
5085621
122704595
519560553
595011969
314111531
938796124
907325887
572667113
779005931
807862969
31489308
174838534
369795592
51047523
707874381
51492285
75204023
423482213
841528011
969588995
115626785
671270894
582319197
870715628
375032209
607629737
4206836
132263175
866589964
767000719
731288642
70731416
991673377
747612345
41417280
176329718
928903620
160837260
277930322
821377688
327824786
192947854
457562834
655519690
950403586
32540591
657709352
164084460
117884026
299868718
577287979
765492360
993369441
938169039
539423898
581368399
762097895
579252031
955727929
694029696
436416212
561639231
834599095
148534947
515221033
919731310
633652114
863583532
549595942
649037680
341934476
197618655
539354442
23014422
778798663
573419354
15527755
523967571
675408101
666069921
