710 5
31120629
904384425
692531193
60150900
221730686
73751218
254533793
188004571
844339414
874391208
397484358
9944722
439279911
452851650
606304811
44367385
181494692
908185535
204170403
226624004
320763258
467149652
846656108
13607898
580312398
243723020
726808958
776271610
11154851
787889534
704897930
667999354
690791172
559446976
221123094
220681783
889825400
161856971
114615938
710426582
162886375
123098155
558130955
467840502
919219464
451310865
911992350
261449682
271707817
511809172
292910800
464338672
150115760
263870340
552786342
187620574
888702142
878557157
399982697
768297426
511495734
713737803
83970518
303874448
533263094
250216232
586284442
87019236
455002656
477448349
467511326
446757546
378601676
901981664
332016227
507300139
185388154
481470954
449659457
62479292
487014250
443478231
293807393
572277371
506374468
223573601
105072510
287982177
288728979
466807320
681479688
710398612
895651480
232048095
38958994
452293330
79019066
690670694
789944203
362982251
917304410
718757601
235349200
887032382
210138990
950680721
707674638
166626090
225714118
49374660
119539089
394279209
45843841
414957564
309405714
627886195
40359182
564891810
859128477
749519318
816713356
780778269
778707405
52063522
743841316
541250273
112833003
395866304
263550270
44256920
946842832
871057651
823439820
493766606
582180209
662654851
586889452
85967054
423632800
856595681
209418087
594521352
215289318
839154384
226101230
646319749
696850262
916241141
962285575
571563180
114035689
865495125
35376777
124063688
399322131
824057479
677701727
369824910
189325672
155675582
234791934
159901271
582581753
837394102
620715350
993273950
225007982
292940229
958790888
432304573
781826408
338793971
63198123
881190367
348558039
21191982
347580485
390018980
529363829
723912342
308700417
17103311
94994560
452465165
535268237
612656476
126257651
715015313
156165908
910378110
139021123
410736206
306006524
600248189
954748408
571998320
747460715
655727283
816413043
540956720
926135957
704611102
18755523
486840223
946902739
65397036
241609499
826726196
175848394
227484308
94295168
771353249
195456973
679994943
251389907
421893938
452859588
383897415
774068734
548002351
585002287
513620868
746396836
182211937
397279815
642476743
761866592
113908945
224882135
73591752
901856347
139165427
567974493
299660843
375813
519692749
252605287
816075636
483874885
217921791
630297597
296946424
489502239
899668093
338054472
150735762
338688318
920027455
839792399
667881969
670493307
935707978
303732641
116206583
778694345
172952095
191458327
458407763
393358445
691364904
545979545
913665067
351689637
915980944
245049111
40570811
733053884
342361931
899899770
284129493
233366615
525572817
396309254
120707307
255589466
306596302
765374094
885736275
633764121
698423305
201236833
17250607
863698087
664983047
514682951
204498074
209465331
704091651
707590285
609196177
205860794
356425035
210121614
259986989
841242529
150435969
460534193
977511978
333416655
889353855
627699565
37002656
598366744
910988372
138052494
66747128
236291442
83294631
981957177
496212512
91607201
222253283
936271653
392478725
269465971
892151652
249675184
557258270
777625942
396301633
521337494
936809753
363523079
824671708
250280959
653751300
181449185
217762142
306333255
583398889
629091972
642363343
575915426
374436182
977830223
18578861
410068084
986406559
337388885
136860423
898079810
133844569
728881494
959993586
614521026
567382686
47837696
14091646
4691636
703831565
892476481
981532165
82697304
730191113
977146239
417810506
480585060
403346956
106880114
290681180
682234989
454184371
615769054
99881794
870384523
189623875
688682605
839334768
611759748
647078540
471886520
280190632
688799529
77887021
319396130
330900537
38584909
231681800
86710490
737730822
420611548
153389910
183627535
354136118
692583171
407953558
378181220
916748259
939173628
448150600
266965876
794564351
872906470
475551555
85951886
766360093
577813430
795488331
509937516
14663984
496208373
5587671
783326731
739552814
680196768
884742653
480263094
720396521
474773906
878181902
872987799
186307044
684638371
400976544
625487405
817995293
813800076
215470305
418873593
361192417
680529235
396387196
742543233
123595044
182880629
365738215
133198849
553434352
650167927
115376964
332077770
735575815
453167508
278512273
795875160
164680274
382558773
650543213
405434621
549128277
269005422
801920668
514886291
117707118
359617119
632331463
577919684
307103764
552111383
964371789
305439008
506033042
636936566
917532553
92104014
679573754
512488960
380044983
612723749
429268887
58307086
83588637
633837011
427816768
219168754
646656824
628750096
589514273
454394328
733983431
747844914
162745924
95736341
885384803
481987564
99406871
331733353
18124069
568844621
282088510
594184740
809703941
225619578
578583975
117072585
772638331
333888365
257131837
786040965
704449971
839891205
404878200
742883558
222815902
639879909
418703822
920895758
586841906
527482719
516478887
319329080
788234867
449126054
949910671
428869254
13167308
817929597
861641717
310862262
653992071
956381236
288164774
243255287
913016627
659736575
216010360
101224454
701817380
678272769
633617086
277005049
466661471
511199005
113036865
53905337
677935781
957018438
694832298
901796097
961261288
664524916
336019890
346102725
454651665
610694637
118183250
140164588
320046066
53704112
178109838
329154215
859189501
89826068
640104671
137424839
40956567
851774099
496547115
784296771
623442230
487234817
736146306
632899070
884968001
732600706
419582158
954844786
471950449
786718818
62179391
900016109
884554774
193813655
411924106
169751334
69976662
212844089
652418887
516264227
504428090
723103891
674589589
299354237
492274990
209348727
288675015
73657746
698858161
497824823
873971113
785746979
426596688
41263299
704042793
401608036
602805526
546782825
962105965
344634756
118216908
46654009
264533513
340927000
316422659
309775671
248955241
78073236
962921763
33087150
572134711
643558188
24810685
772071307
48334353
824842644
182899555
483897681
759085732
211876830
772501416
850720176
684701664
82538098
267601318
652557533
742231157
916098135
604792847
571095734
637636657
573091504
704720656
893027599
312777211
387557990
625169214
8188328
324418071
821308509
615561325
934022136
470662992
260912889
283645274
801581895
28178975
93927843
775757660
676715147
878280255
93525591
801929183
123560056
695293593
346982307
171874083
981548976
609549157
49172456
732153137
436422763
109228363
808567360
171696409
102296345
774149772
186699415
211627691
910007539
547085682
54112136
794904305
821097167
271737897
720738806
200108949
70941090
924387987
953146557
557025236
786627210
7120971
704554007
48510783
659630722
304389798
410087610
775039337
125789466
994057344
624986595
901245201
805379278
918033589
289257647
972976252
667858008
208611833
793415205
300487049
356352291
490541804
637876983
181055436
155348360
738690441
932156439
457518069
597065448
459604364
798763170
827511872
192587218
141792261
670829602
120331865
179849363
574014833
684412573
427354691
