348 2
663372614
98891368
854121516
772721078
967167128
300142321
806475063
538397220
408956322
463465509
541404273
901479474
437087778
366185951
572578084
547459573
678577090
956056817
834095548
102370589
489722532
636965911
208767515
399498177
243268240
55110389
283708880
893540431
607156108
707478228
199020708
752734132
514784111
972867754
699164623
382131857
829092116
270469297
930966508
683121905
458523309
883263303
280130851
202259525
321299993
928373866
345332632
881337144
30546269
703659638
629862683
747536368
60683760
400592279
37032638
35873416
297482694
320047965
614988472
251045157
588459027
753825485
121385080
704118464
63869184
700417002
308155112
265891518
488876237
340305917
470902016
787783670
136085306
558758484
385328920
784087004
158564361
658825734
725376774
902383844
73075654
497841091
623371029
906882599
840318549
831248514
373321352
860165251
484259015
633184477
181885320
780432555
319753441
894982216
862146032
586712026
3151336
59246753
400431497
374602516
930751029
892202870
391807422
317827378
631225266
213777561
356789859
388980479
608292252
809958973
456414433
96725334
654053984
889570187
244148681
705769095
888293308
29221225
999685410
474138332
110539111
137036594
442115258
56498850
44562122
903099050
20798215
509307422
289621199
537084162
332506044
600444917
488835425
342895825
903035074
773235436
145667668
597137947
181394096
79944346
872820054
282603532
590874151
976384178
390247798
69459747
610417038
707186969
915082240
162764691
450609080
357171655
373928050
155664609
188041010
19197626
37746131
187459833
334443619
901343263
713661991
643967585
2589019
375540682
19335202
659277664
968068647
638851821
150301214
240671204
802279799
886781223
237829706
558440008
382573404
795514012
248418084
8754542
762549010
382955845
673743540
660238516
228475156
990227892
625592741
672463357
363421229
95717122
503422448
250036478
303670809
451548797
470761803
513533436
661370323
395208819
341509000
833419282
617206947
313372981
471783210
881959142
928839671
755025200
886845738
794968559
956612387
265778006
443831556
148633800
557629556
844000422
98188711
495319908
175383317
417662977
562116478
985375668
324804556
236820083
425372882
53717103
147632570
633576070
322750554
975124424
910477323
336339257
384803420
609665584
46940091
303815312
990282970
519904696
699923380
884290502
241353002
655730820
212673516
67160464
883570896
60475728
428747073
124891612
711151690
426799067
719930
89670631
26945781
41807170
41170961
707578439
417040530
533762031
997158765
271287444
674366206
652951981
308356358
7302564
650442613
780966146
378257098
845154748
992863333
431418226
278261758
282493603
853802207
786108017
616172621
442410682
87863021
274621077
898260500
96265039
954673561
605837255
428882889
17104043
635270964
234391440
845360339
413217060
256234810
901869724
491072236
582223888
333788267
377124565
254204824
476988259
794666147
743404490
569543754
469297765
167472788
100922276
713885737
611436842
20890121
961706744
883721698
981835480
602840696
478832709
104764002
579660868
170377067
559860409
815287560
749316837
909590097
73120573
586507891
283279962
151234433
336894208
258173685
6947256
792341794
922016161
642755392
468265641
472496387
970448350
236222437
40766044
619377990
795474138
708440092
740543315
612286704
718787824
273747699
550311306
226295576
75704443
608811106
274115180
709543616
726218878
327463617
85745268
389811646
720455664
592544677
652449711
