840 7
574505612
77624438
639140989
380341048
579507084
813512783
576063544
289851684
621883858
471131016
799652240
39067792
96950425
5604376
146383924
215344500
900714405
121440849
735943068
983257885
462949710
5961688
643348631
765652828
479627753
43266153
3589547
94492692
133696064
332410110
251635407
243548802
483359657
994941475
179750330
698327347
437077657
982005941
243579132
149022254
892864133
481700602
330605190
958207060
250336013
127472705
161824034
714004199
909051487
563499171
376183461
944973405
379839138
781538240
581615449
746603040
987273339
99196629
630158176
952725478
147011625
365602720
337655445
521868120
549585469
414311539
881048605
370698446
512212922
449468899
912947594
165385645
373819976
735750148
184084319
917608829
870561777
414366626
94020354
694262353
800722012
968866233
77041934
420297240
872250486
704192008
236427451
44094534
426791442
282865701
275957265
43550108
4922887
121778055
448914718
954538534
976664262
409779847
725701536
830493480
366389824
642025353
306438043
661286964
370435908
637606554
782573356
22669169
174126455
84949225
298482571
592867887
846566027
210214065
897035699
799259607
358287116
305361514
742817814
639779853
461812136
750088439
323194648
137756860
461286446
942955315
371156100
302155591
25430861
425759845
426784126
494608728
920513580
287304176
827204247
419811034
226635097
693552897
735765009
308279431
381696947
636511062
528514850
871637841
222936232
467201510
445370157
828669045
836410129
765381369
200895226
265175069
323225901
768386916
524402039
91986086
795681081
985412727
596712571
13705999
181850968
708516982
475286556
636744577
736109937
29182883
170090542
463859082
887746240
651798974
253969933
673593835
687758417
122795652
206293000
777323312
757779091
515325885
800107515
585976085
482010549
449037575
463710826
850763826
524691727
814183749
567694478
73160475
899414942
260046784
435775690
63570325
146059335
343558154
113493226
547278358
252856808
933578378
872889054
567502848
821264327
136655372
549427096
33013660
469632454
603376145
144824024
238598585
565530474
309507313
348172682
644525771
51836090
781839153
382740850
797561706
20700958
123691186
828686484
199384489
724123077
204350165
55951054
766543053
291390188
375637448
380494247
902388364
841924805
939406037
555372410
558101479
840897641
442271956
921890773
227666714
976588996
243971892
46699817
357693835
664243772
718389882
426073684
23509243
53259541
505591270
399894788
588683300
49789126
845844445
466252163
897286689
315000162
16817689
414596376
550785212
682935533
947131340
605870925
484217961
56738248
779275843
891595479
977141812
527091668
717567241
526082760
287209397
586425455
412825005
840717411
168023675
872811469
771706670
895304420
396694871
254500642
476340384
23264319
32207531
211258625
102894304
272555046
929691392
472059555
26837952
812008120
779436291
561775386
928422111
562670132
935268847
350524682
769601137
503663450
257544994
175228069
847872786
866867492
54000410
78548612
874352584
362157695
832361470
231224176
716767784
71785458
439357603
855715173
980740495
586556657
622793508
782409350
324528075
921552058
847010200
612900638
624132371
405718438
628018116
124002370
451173022
779539208
804719879
327089646
939882235
575717688
364363063
536528731
141629347
202811966
449118093
359293036
439536694
488039371
187165514
170282430
104360517
109545447
196165645
88092037
204572855
418406709
421958958
513703541
695550489
255753173
704590938
916486980
869432878
743095888
806251748
329026234
439940248
652824846
954464239
153235157
738303016
936174023
774467871
210630893
56232998
992259079
53185713
240537059
561289315
129128357
498420456
860190877
585639316
804001250
852160512
436146205
658757369
330166240
992821361
277429145
449869345
335013549
454769344
813829878
415813273
773010116
822545909
102250753
980667230
942597108
232823048
508511663
291824812
36150629
738517520
627596354
22729929
205672370
791707028
487820846
781501012
997194953
622738935
633768340
699371124
505479959
721795212
200303364
466205804
581284830
995776615
74633411
825053675
135097709
698240693
172520479
414601028
912736612
278186469
476943067
630216304
437302435
471778447
997428608
438570215
903530057
33418512
25117887
907878924
317265469
482713976
542564349
302456735
103544727
525422352
995242346
231319692
611533732
697473745
116564141
269327166
543758235
154974909
972159962
785384470
725269986
495072536
177504993
357412587
127435025
601488571
844360354
238506684
947225192
348621618
190420848
154024779
19495964
292618293
531306443
330642888
708007381
952882447
152542709
148098193
647724632
204562714
126233824
260138320
783922350
66777438
140449807
828405949
178986720
454013249
135979865
360397606
594879922
141075319
641970963
929335415
623657055
193723577
412883276
923680750
982048057
415082722
881224072
340666640
395817075
871575585
167364305
608997801
819982966
428308919
230219743
892727351
159458875
509319082
894580664
660175133
848414531
517399175
71877568
693964601
812320105
846821529
911113003
762514408
890566214
790095208
390096958
734607201
474274393
43626725
445269842
20610570
900323971
198010188
631162052
729255290
291908672
211773200
20126049
641922492
120405859
354719479
105657703
582440194
39149094
306192618
25191156
40719817
805516694
631650257
348276304
475012565
673910184
10074037
534669393
735221658
595641339
155374331
955756073
197731377
902401329
489733669
872758344
641238706
488819057
935681669
46307488
757368436
406903368
162634226
6700247
482721533
552568858
352153956
297322344
549522488
527036207
394270406
315399274
554901093
405311570
440329870
616549833
860030039
658521938
560708865
817413555
257799839
893692458
527825084
593128021
338062130
941152917
699087606
318318955
615940103
763397623
968537599
358151640
578822901
25324673
164334226
583869527
188185097
680486842
384374204
442793502
666747192
121953258
430504316
490145945
640099653
591365941
785558525
367930614
340738270
379119463
774909148
80071231
10568949
80437825
517061199
716372058
544712884
125776508
747366967
604742982
689418285
646752706
485852747
410623113
906798114
200057710
391762585
669813873
601887809
561794629
849184938
880448714
75922091
200324437
79642700
842902847
703772973
957768563
129446703
406060256
774582782
630046667
835604240
424903216
774240612
428258415
723028479
222720127
524389340
922717950
267442080
834936775
775573578
854672502
563230020
415009417
897969826
366199404
101235825
875265664
108378819
738756521
87157647
827333116
889719054
104217991
9820379
846278281
210285188
289751282
60493056
880888069
725052717
817760857
283308868
381046515
353222976
252392369
726139615
422421283
216050003
755122123
873013665
896038742
909414593
588862114
130309577
205416326
677213851
299869497
131634015
269281170
752765544
681459779
14405631
526639228
205863969
663963313
888354443
101195536
634801256
431732991
464773072
493233131
467577762
405345530
850128756
218361900
702456300
571276766
980372609
28654749
145812245
779013049
226789140
53287067
707330601
632387424
930063811
336461844
532470177
856025807
41440406
852166493
957384343
982862669
285337240
950047063
699933301
661386247
905777373
119647052
600694685
323005959
3965077
252865524
799897399
332308369
875138422
847922947
237330095
804122945
810379307
368712616
594126176
784374356
398868320
125328085
190255721
946235080
555460929
357424564
465592937
228432762
893376797
184452492
133591287
563988424
915734555
962199007
798114108
128389663
972624976
34112966
172378225
750055380
506462092
295025842
960925021
317047214
170596867
155938000
780459482
599785386
785359197
7364752
373509518
540294114
948849188
484495638
661693505
917312255
447286055
579896737
614463172
360836030
21659884
898260255
190673830
829682988
373885419
292636537
659854179
53833665
736759785
249562449
732113470
355059058
704431843
587606575
154028315
847413868
67947962
323796739
402308728
289258493
289815898
256064632
555793251
141920108
105181300
539940362
134742006
956943372
948462229
500557776
770682215
481673144
495622858
303393993
948304459
884469751
354157385
289648319
232841731
223309040
382895587
543956672
491628930
414253777
414570180
445361020
101338299
79687594
227613713
130100867
631075475
526626806
368371263
663797356
67664478
989284619
602066132
410655488
267921982
129617106
962897135
739170917
137861501
159847665
573199716
