110 1
840456561
41916454
113193498
605590317
87649893
972083328
792665021
132230980
997343386
410421933
339371237
256901371
350982923
140032015
365913167
587519173
186123148
806476930
349930104
112142916
691490583
314570905
154112985
858954076
220600071
290698071
82760314
911495519
73254933
516349520
366066732
34381431
3541886
530504223
415031415
319709500
756302914
29992697
473202746
83255023
828850095
574056957
105453654
625278941
630850019
652139064
922240000
409337759
200306418
921104278
352974982
755311408
140734759
141498022
846543369
255304904
160133601
512156370
179345107
698454612
49978625
116943163
974343400
535679360
957886341
913952133
160718725
931011502
242334742
741258511
190655854
717624660
495955877
61429380
558764817
139617359
364017845
693024799
632448126
228266978
963954417
579295246
47242299
112691537
124239708
376802769
720378011
905953993
936406721
255109108
449288240
509231257
114811479
951350063
97434481
609214651
383569867
775176788
155560364
58297672
559997916
769012043
107163297
422613786
600518955
782133953
508658891
545499591
193963260
216254307
