903 4
137419019
291031802
839411027
678211902
862459241
162690937
746624046
547048306
175911297
925337523
446172152
359664800
682196450
72630738
224739085
606390723
166691455
113012838
392652400
310411159
268499222
46887359
435561653
189107685
920162187
893894270
137848073
856476481
428747339
494681754
849403892
141538131
813155598
403163022
153583963
940905908
651951954
822621171
301234064
872965199
772316930
267811688
392409624
516474372
296047151
194637771
109418507
353640028
195672686
363439351
308906397
889975748
718676789
422521412
586206220
195689231
818591383
318977009
907090405
834362471
762364781
945232583
89245480
341009385
397696321
641251833
347106232
551663408
465046980
774229058
749431422
904522109
165305851
257612230
753810766
458285044
42472072
941861153
861629268
417335045
234068447
217779201
94357553
964555129
42537618
759201038
336912833
859766618
656433295
508242086
350725868
548343467
550916776
803827792
385226505
417961309
279820567
427320803
385939410
662307725
63232469
91849418
868962334
423015027
15081435
315378195
355344619
1180215
683364973
7408600
102809923
5301439
166747128
111968187
825921823
146219846
724332608
43461779
938947826
182519691
251307561
864213918
29369371
54857004
645371814
830336415
863130080
371646832
681638678
332067693
223916397
822838019
98796662
942951579
571466706
187127743
307007313
188732756
454523312
767270660
349561702
304138157
199135198
946786996
123535755
784592293
136881550
300543706
198767948
436029460
121574372
103124382
414258689
834114142
177799869
173259580
494369709
35453016
332112802
607878462
820727674
417067749
290643077
583632919
638134922
696156393
354130332
295291162
517660135
96925175
610830434
801815154
128216435
127587800
360881854
223271898
776001655
404048347
596644519
477528742
427752914
155213094
441030518
183993348
654654501
218215019
674298976
959771714
223448299
875279923
361657207
213759232
694742047
345289198
717331824
778566293
742456347
937988323
154255553
211807125
987107833
272982476
17059414
316500638
659685154
714983477
329655020
684383183
331699370
116962757
447425560
30301204
92716894
844094899
903293679
880689962
318611544
9130901
71181704
267008737
501320024
159557076
611384912
231906253
841678365
970836299
942788659
471819925
509455567
78057361
891004346
242921674
592683211
250524027
713017070
359907044
589263868
790810079
178299130
832492944
505486043
177075552
542477250
554186158
534387487
145673355
929667404
648164104
348836714
575770924
133913458
12454935
857392826
766578132
70111464
938004073
488666014
465344609
766069069
312250883
82207364
360167559
296050978
967229986
117237375
810271047
942213136
445877841
119332493
725897480
806528083
835674826
500334294
449065941
599103960
592273212
555121080
624565475
767248687
544803150
248967683
597338928
885696768
190985328
220331297
778142271
153377283
974474679
111750317
523914618
382252661
989940091
363479009
489316780
749165185
458097709
364636858
937722854
416099247
914460972
915840310
684388798
687614187
297648031
878292300
259311713
821490336
294303153
310544424
374596875
829547284
34272853
774750115
618702431
108561484
771339851
972379332
519491689
167592438
554263036
858281170
336471361
373673669
864635477
115062343
391637522
337872861
754963192
907305591
59154625
320520195
458483245
172751167
604237347
216745020
785352725
190408018
958542853
889521843
88184306
598877760
194992343
957369580
228482766
568471669
940969920
244745806
682581483
403346681
776368206
482095979
990629543
443361353
91903103
738163743
511430163
942167568
680946759
504251378
7749312
111697079
971923538
602083835
183916842
286449569
479627405
865877604
322787697
74096945
46395273
646238449
876630247
512502081
587574391
870551926
450980507
935312571
167575013
343229557
46942329
618343174
37138520
788115473
385890448
599295473
60576310
983464805
538022550
747063028
966015016
636973465
451807656
508481077
282838768
979723972
121431595
749319982
709288124
986879776
273537739
195128820
985024297
600865149
923598696
204518982
842593275
169668723
634952956
955929992
400705611
708974188
372967823
851891789
992097810
566021270
324463883
94418766
437540832
479444325
738125311
683991413
883742425
445794094
665935144
752506349
925850056
50825
350710915
302019879
743265812
625025059
133699230
444479797
262864318
839789216
886945453
975769233
547364273
276934283
749001301
813991140
895149075
489895435
303093226
903612857
592803336
829637790
501680321
40254543
927685008
546824237
888155994
259819009
828154196
90498540
136161156
439491206
202347316
78416847
681573817
19633207
414924130
28024519
328247356
40869106
819030342
156159297
459762407
224669993
462682843
400945466
50482890
28680601
691196013
862640490
31692576
69923305
364927933
136925538
925901844
366801211
176853561
373869064
160750565
216452151
556004570
639263362
802478724
703558423
412945737
39399511
86710422
113616261
494055371
841078701
522667357
615568804
952680203
901777183
489817184
67049733
425344156
708316649
332075308
451720980
695968421
94637757
927651238
968558107
274642045
988784228
781773622
657879411
145214406
262264924
128600896
12722987
515564798
149814597
798267898
886428137
17182898
491261242
732701015
505601671
719106133
495243943
237036225
295987103
98841340
987049474
188434025
184240465
786910856
245428166
547397365
571442566
268824388
7921362
984149108
265484404
405297173
651449488
599415949
800039342
878623742
691437019
448096407
856536581
265093587
830481451
788679135
272720080
525595961
107726333
610384076
712834012
58531976
189166052
217377129
708006729
570335323
941024619
656415301
565199107
933215308
779370290
887509614
533383713
297235484
401493272
887807096
858501706
436793665
489712955
564040185
43793484
264468715
711212322
235489834
221583767
143446444
251757500
939522
624968854
148111188
599806208
555275297
525286548
750588406
746150807
661133397
96797579
721589196
386119336
787610668
229308353
305258488
303977194
999017181
779761334
947462014
362530025
233380395
89339675
437319948
171700819
827463695
856241297
273515760
472162555
262969336
761327180
833234358
94795403
771526000
641562258
982941857
379278599
194806513
502806883
599721747
488944235
50550437
828855753
774255283
870761628
158977648
326056518
306699311
234422254
398400942
527949510
58121114
46949779
572534321
452044273
918673210
982467237
532423851
560719072
350392279
300357611
635753577
680094010
16214639
863244810
205506802
802776128
772399427
432241819
672133488
430324154
178193860
683980187
628147319
776183939
787455982
338496908
167613205
519473563
315847418
8987773
178590473
569635016
423606862
665276662
194928554
82508984
703332075
652436171
326412024
897884524
612918528
172241296
38193614
764815139
818991878
675103476
137515577
992261921
76727245
393378421
430916151
865372359
981228521
563121215
506758543
194711235
545475535
227893273
866833304
437741391
566487564
459569265
751622950
103024836
275939802
120469371
39951672
471041023
660876206
512588851
51317740
123899777
181578116
755375269
970655162
276637214
299336298
828008699
36943608
93571992
71324806
556352198
283959432
12780657
23891673
266906669
931234699
906092195
479955265
672574307
453847898
904497854
993625949
73836604
497367883
546576254
999757482
548294764
771554634
62858767
771030495
788314230
146702791
153878985
348802009
946052801
982508910
596283425
356522452
931339213
603377018
956978639
490811280
658289777
546035510
138199204
857548826
426918476
894124888
789814873
156536723
302316032
361246563
768371248
246497749
530817247
550877145
302336773
920046451
215175932
841354607
333369430
787940366
267953786
728574119
846715357
787544822
462565465
284830831
763149941
656088959
601054242
729108606
385461773
605557812
198336145
465547050
189159760
756449182
45452284
330138921
127925446
356759164
728887589
519752058
370405680
771728174
670688814
960510564
819149394
705801844
75536054
131324818
989292224
408118958
555245026
627403052
579370028
82417746
282496293
509145871
394141098
302879232
977788718
969190222
511291721
207319479
769481221
424163971
184356913
248746492
384844412
773205782
817266146
206826840
474424813
608547684
397652295
237234063
446010723
304920542
978525610
846585448
745290115
200513678
454231063
947912035
220916546
124304251
682609340
637721724
15406524
235269935
788693141
139752251
984604109
226183562
203460319
529904177
386097498
819980716
849906327
573645447
116819415
994816384
868050393
609041645
759708762
108355480
706325923
948703425
699572761
709691377
685156683
290507342
794128618
307416793
379381391
875872945
180536318
657376616
425950066
364300335
849994661
11987908
187684750
457298118
90616662
764656783
410245325
292433667
306535072
292063901
928108730
331403320
144213904
927006149
399367519
613636460
536800686
107982575
202372612
774032964
88440005
805202758
473458007
331297983
499600793
574592279
396830486
136604553
649603356
848621598
569534074
589462941
369804809
837425621
952051999
312095690
959541387
