654 7
854869143
657519320
171803034
219905177
780124328
175501382
528106351
842874782
701053803
50123353
573666791
926189484
954437570
733416558
527364028
419872790
164654521
856798482
840677538
318316640
868296297
412141101
602038082
195609919
790891783
328067781
336106398
941087056
697785304
352404978
301748016
494677011
227426792
152544010
374129800
148992906
719936319
617492736
210483523
578312535
895151132
94282380
166488021
311004715
88996530
139615734
492326585
514474948
443503313
593542003
136940352
547843904
419307770
743500315
944337585
233247052
780737783
579413619
382850148
79971791
497884724
109884216
193447916
479420651
681605722
672623372
544776663
925906954
930743332
476708261
958389966
504090037
527144176
32925266
272234366
483168824
98045231
128579902
881865680
958451262
618363912
410462056
847144574
326781896
54266662
640519098
56044314
28558781
223643812
595427442
395977373
958113239
939469276
751235525
285261242
201093644
955050776
533492123
611698680
146224167
193327203
806305397
486971840
907066824
975458893
460527014
250265051
138246709
460957475
465646738
491917589
537227290
15248654
596376585
438541563
731924847
116785531
741210013
857269971
149164888
507042289
428187205
667251685
805184438
953019662
365493293
324283297
926605402
83703980
112931386
299294814
220536554
719430704
349926561
234979779
766397840
880195721
445248273
559313762
285764555
43386785
75926309
156709376
44402329
350751795
511852610
401630820
22339704
93544891
508338016
946877084
525670522
822927133
110774509
571613475
549572582
251244251
624795987
437337984
916166126
596242725
131186804
846205212
257926594
682728195
66985182
174961530
677861566
840093941
760463736
285896250
639880547
236862218
695216400
784029123
161149302
454796499
553806237
769077821
694773653
286439410
247640878
185440675
163137375
105009571
589820752
456174796
19939047
622620667
347104709
823824957
54879276
278577931
864340825
836650470
845328532
987679717
826745369
66993317
985299383
28403582
113681958
826238390
362460389
810635059
292413238
827702186
640888604
91208904
845671903
539064434
570663057
744270887
991142593
417093772
201576413
854048136
434752610
881035633
711847480
474726169
822574657
11916911
265772350
869790822
994929043
747107722
289938366
998825589
513752059
620775314
85990093
522320856
567258781
307986911
418601055
267602416
198191158
149883681
1435189
569329364
575128565
337155155
721209163
699382065
404769851
147334283
138021595
474517468
323629029
696744277
272288815
326146542
838542341
69021788
711361688
829935299
3566522
409993589
998873538
132406194
952925959
424254727
344154315
49782420
488904812
354704930
814718714
223846009
461103263
2974217
458918716
360999756
637283507
746453354
734828495
871589947
888115516
980140214
833559994
254111030
412265903
832876322
501677586
14313140
486973006
142594574
834870926
476484747
369351865
468411740
607958477
822582518
553092983
981749272
141264693
751101119
994789662
743513729
29493366
327180116
994435919
653214311
216163435
51295427
698107121
2496181
960712697
679944499
572558721
285028007
846078045
467109031
732007522
308748783
614587266
806350430
869062969
631378740
714027715
954216996
877646009
19752314
337192720
146972329
841878491
552553236
516899995
881663130
304556858
905528086
39638397
976941470
751806534
411958969
446607017
848781818
677730376
798393500
174621240
17668646
67830763
136549785
424787318
181303772
990514197
212237450
828153168
181737410
386302854
528901751
620026767
511148724
679206095
40871574
292876150
4371886
77622866
292793101
295233088
654583778
201746507
414846856
385395976
864596301
646932242
835039842
125662191
821531910
438438476
282504263
294113805
881948337
542085723
826400055
65613703
222181442
752796894
472113758
343144018
414248016
901082251
973168433
54530898
517271232
214955468
964665694
962262925
491033275
703970306
280803393
999900360
116829812
591141690
664228143
138077307
484109473
855983765
223410163
798921822
898564951
954228577
256816241
55178509
883950004
25639966
637806830
330695494
961901898
192624730
893265754
942932696
401985338
725033455
278965539
802443045
943500657
682840839
132207413
345433270
910048070
133045867
341219312
188251725
457244286
282913326
185025404
544854860
444492323
739181068
736482775
535014241
690267828
939842056
800278195
317194060
448539928
7268277
552738389
985944202
488871983
412655697
887904115
734945749
481606990
70208460
562229553
728672339
877142860
223462464
642017214
213465499
556093717
397087847
751177474
739194022
118996994
718589092
46099715
601793644
209297501
633265754
402950449
799509875
824929053
949423698
57214219
295047826
741976995
193217529
793903300
496781785
176244833
824941953
561481858
664913956
644964490
520990382
885461922
846926611
47647193
949101219
112959628
463280603
916416899
75460936
681613975
67129830
713332274
961674085
355961341
929981405
86611108
68785903
460125765
940673034
802916128
832791989
801744368
583525234
772283429
136051520
163094499
50564903
327615956
496659214
662790830
732815791
111607350
357124051
628535588
163700854
831748184
973989267
513174490
838414154
513530521
893870356
301620188
282985463
74411931
372982435
549068354
681081691
875712481
78403481
521274832
117981256
644677714
4257513
426781879
62691388
810808178
630581932
612813067
933016051
335961927
480072184
175039868
786255824
890550177
261349234
99891332
867735625
550399986
223466339
97899790
192978452
569435458
218354138
65835324
482185825
442387549
203607142
743727306
551499139
624079781
517353295
52566389
395940122
102047607
180951288
276550849
235154102
875020568
352643048
178187708
415414419
879825026
667056330
439442390
888577455
796886517
292582874
769959525
107808848
717602277
352904018
15080661
271000337
290597305
682170369
309929243
867997955
310967924
614116551
771315355
277878659
893093092
158653370
715653838
576835355
105298899
773710318
834425819
337309863
593363764
915048609
776728681
944599648
684895496
214359655
174896524
649959819
210628144
639726647
664523202
25128919
155962593
817013010
261112124
957716988
969675139
188562568
452182398
272011700
16148500
553516340
437503467
493154921
53215500
34131615
426983550
566586407
935672905
900970014
863792406
504810958
31952727
165762484
93598465
694173723
359670871
883957142
410845451
99764145
172233937
769892667
655369388
890513666
929775416
789551176
31071731
189692434
586594721
346360971
821374252
846417114
714052270
207860621
975363982
524126111
602064566
410146960
