472 3
509643682
825277124
656222823
656322500
86898736
481150444
630180782
898002481
194431180
992094344
83521760
914673797
681128544
31540027
959711628
652241924
867680480
37656284
69789275
813587058
690427144
750702922
612658133
58600855
443362711
66842808
436707604
575727807
123028863
15778618
908461096
838532763
498591653
133960244
868259682
425713263
186398895
873923237
906398829
648521671
965730364
843911012
530782825
651613047
24800740
227655732
452577342
358365768
192883027
886400650
867449121
333643354
952383594
79185445
628371800
896594417
803726836
600538473
205246785
935857167
718016471
197003806
15956169
153442584
795967787
496443148
351805001
904102417
572538152
810550591
603611249
240834830
795220919
857672601
682349249
198054085
650155496
498998899
245473946
528134143
927808019
951157473
861238408
452657648
781706114
950778261
26423078
54313602
585981586
690278619
842635135
831806242
770213357
364721986
462156705
622546277
971748872
319004693
25922751
181292600
318232767
31167166
52606039
527117188
463606354
162749004
752805889
395246
658274176
732482298
929304187
233192404
850795724
584685927
364177990
915868202
244861394
881888157
509182868
640029063
785872703
327254683
935196473
906219980
861712633
334875138
588200415
119463605
165479030
718092146
458196125
338558636
222296472
454056773
260840022
550996599
191415757
178491001
329702461
625483639
836620328
221694301
723967511
279474083
582185460
145853961
31513468
336826031
771029784
438525211
542220289
540923946
579445047
292034555
794998496
123609564
168007592
942216380
234608007
283133948
214014012
221341439
383579672
552809613
451399898
499387313
523710905
614519306
599497755
11405606
87659813
17597889
342623466
579135397
617055602
537050687
447922942
103445878
183974248
470929431
508462396
248537143
723596324
299631469
185281173
673529788
218222343
688406212
621632919
553162442
271559607
193182227
563736227
384184115
773257804
864984192
334621120
262991024
324900672
907590443
30299946
517152719
283451705
53860469
429542274
562053849
128314062
504437267
584570945
53628664
969088060
338461220
583433161
582151846
69488411
146537953
620788635
899121329
963494358
262174819
87156187
405531968
456695893
888499686
366848068
503560045
968358316
587056519
365255933
850372534
561814393
123490849
224700344
80646228
490216583
48066400
253916278
120951697
64857696
870031141
712354741
540806944
250372592
756232273
716442100
280853418
590169458
654333758
237039995
580514792
489704465
702983404
58501975
460230689
95288261
398835885
476493175
13196271
134789804
50866701
685899587
315252198
970964088
303387284
456226592
481666561
171135944
630663698
634507792
414661311
558782464
224238780
366768391
963112957
949279224
171859259
650114566
514605457
383680548
480372630
670942164
887798427
89850726
197745563
874764753
95772282
277873256
340671088
914052869
48016293
278722408
251757022
704054566
554311442
496366745
852516644
858321655
393433736
839393149
920593378
174078237
257216397
993651198
578899861
244090974
476998300
221863911
601856959
119414899
846909621
390088484
721821466
453419659
89530441
997598171
329821563
268155465
758550016
50763694
837983156
714844129
92425772
942494629
347472499
176291203
90848834
595505203
447636521
491855674
414715945
167163236
867851009
945935060
596860756
630836020
455000925
268244320
793906481
147886460
347406386
259661417
465237836
232044434
475578849
609983058
946036683
634319915
185525256
29974016
490349739
987637789
52342759
527620765
232513384
910489191
914750113
169984757
911933091
137797128
723148114
805898647
939810069
177061851
805067324
166408244
468359476
62870176
664650325
687566745
372785052
255235165
147753307
16612997
266707075
770655576
973427213
438552456
434881749
61237508
492986145
595575380
113657538
663937623
869952602
403955373
612785570
205848675
113634566
816250276
856627153
784299071
359372390
709558628
817974792
137536245
46295832
800134280
863858666
883302904
527242995
782250873
424405533
954001689
508772029
202425292
931669872
155494300
494022146
453686488
958593998
264541439
649689258
866862988
622535029
57213971
123405002
371938210
542400006
349641482
935703332
406130227
576432076
503114812
311799602
134493231
4368280
147882302
39788079
239255544
533873880
550645052
696718709
917906687
459408289
873313377
837537858
353141771
747287079
306788427
82979619
943804244
251230042
197750424
622437093
709649004
53799342
359718520
584684902
817493958
124018253
918795225
663343853
830006897
149615194
44815762
674245928
893650694
591204485
290030631
676560317
186057340
825317366
479866209
677601215
576839838
442924743
414057823
541027945
246161730
539571403
371808885
272759242
