740 501
2 93 151
1 38 406
2 81 218
2 32 103
2 481 297
2 323 326
1 302 330
1 346 522
2 298 620
2 253 211
2 468 594
1 492 406
1 637 91
2 87 568
1 345 281
1 120 379
1 627 195
2 497 243
1 419 265
1 212 116
1 348 203
1 123 368
1 167 134
2 189 456
1 51 610
2 252 4
2 310 317
1 709 532
1 521 693
2 274 673
2 24 47
1 712 514
1 34 518
2 666 521
2 737 23
1 271 295
2 341 236
1 168 137
2 4 44
1 1 716
1 157 596
2 502 423
2 433 592
2 543 536
2 477 127
2 277 312
1 624 714
1 641 211
2 156 618
1 290 365
1 615 25
2 274 542
1 81 209
2 177 592
2 77 566
2 387 518
1 725 103
2 518 586
1 534 704
2 666 405
2 201 377
2 280 44
2 586 166
2 284 417
1 234 487
2 437 406
1 602 301
1 396 16
2 90 156
1 459 443
1 517 366
1 221 8
2 238 374
2 212 260
2 558 308
2 357 503
2 636 539
1 430 205
1 682 568
2 362 176
2 438 153
1 677 740
1 433 687
1 301 350
1 170 26
1 301 279
2 56 628
2 439 265
1 706 404
2 226 289
1 710 484
1 188 606
2 342 272
2 308 112
1 356 350
2 266 403
1 307 181
1 308 154
2 153 60
1 317 685
1 393 261
2 584 159
1 172 69
2 707 532
1 143 233
2 595 219
1 128 239
2 43 54
2 105 526
2 566 57
2 703 2
2 522 322
1 696 278
2 702 739
2 4 4
2 458 76
1 19 678
2 132 735
1 118 556
1 682 372
1 350 309
1 708 255
2 447 213
2 169 86
2 580 116
2 90 434
1 379 210
1 731 184
1 14 723
2 106 254
2 252 604
2 608 614
1 74 670
1 294 181
1 51 217
2 337 391
1 652 691
2 9 725
2 602 399
1 368 339
2 244 25
2 286 41
1 169 561
2 90 342
2 651 69
1 419 511
1 657 673
2 409 88
2 213 159
1 289 718
2 23 456
1 266 310
1 720 75
1 390 273
1 243 87
2 672 306
2 666 390
1 326 740
1 368 279
2 96 489
2 664 462
2 569 477
1 518 481
1 612 258
1 488 280
1 690 83
2 542 518
1 687 574
2 647 431
1 676 131
1 504 425
2 588 40
1 431 573
1 236 408
2 105 655
1 165 138
1 35 514
2 114 40
1 709 229
2 577 157
2 85 471
2 344 231
2 155 728
1 509 735
1 574 695
1 697 732
1 587 65
2 625 663
1 54 332
2 176 528
1 502 129
2 322 77
2 352 249
1 261 66
1 703 627
2 111 63
2 717 675
2 78 714
2 615 324
2 504 375
2 443 126
2 559 632
2 725 500
2 451 699
1 467 102
2 712 196
2 475 392
1 15 634
1 362 487
2 628 293
1 541 152
2 674 420
1 185 688
2 516 570
2 141 731
2 27 417
1 18 643
2 307 682
2 434 152
2 159 480
2 735 341
1 436 253
1 412 740
2 551 195
2 530 622
1 126 561
2 227 446
2 616 521
1 259 226
2 241 420
1 58 368
1 330 558
1 484 493
2 351 1
2 237 42
2 628 546
1 642 697
1 543 677
2 200 171
2 467 192
1 427 215
1 105 96
1 417 423
2 733 238
1 503 16
1 609 237
1 395 11
1 596 91
2 727 54
1 666 145
1 236 541
2 473 706
1 509 697
2 299 65
2 46 369
2 406 70
1 388 67
2 677 420
1 470 416
2 346 187
2 662 198
2 108 497
1 443 308
2 118 27
2 556 489
1 512 14
2 359 500
2 643 564
2 368 289
1 358 277
1 171 322
1 590 364
1 280 637
1 252 460
1 284 499
2 514 401
2 706 573
2 456 339
2 669 187
2 138 553
1 439 484
1 205 98
2 120 412
2 219 309
2 486 157
2 558 720
2 169 194
1 284 227
2 115 46
2 436 53
1 454 42
2 252 386
1 675 170
2 449 383
1 620 138
2 604 370
1 114 699
1 138 51
1 281 566
2 103 517
1 475 367
1 468 208
1 259 142
1 481 455
2 359 204
2 631 734
1 474 565
1 51 723
2 104 323
2 358 184
1 148 669
1 420 7
1 486 592
2 167 270
1 639 606
2 496 716
1 128 363
1 588 610
2 648 335
2 507 282
1 272 617
1 426 311
1 70 386
2 676 469
1 562 267
2 129 264
1 450 122
2 561 568
2 684 526
1 730 543
1 78 568
1 362 607
1 37 39
2 712 408
2 154 24
1 159 600
2 501 280
1 18 177
2 484 360
1 482 108
2 499 130
2 481 737
2 112 502
2 535 518
1 591 500
2 276 401
2 691 378
1 386 230
1 261 445
2 54 439
1 559 67
1 725 35
1 131 392
1 334 217
2 321 205
1 377 278
2 143 23
1 247 27
1 680 706
1 236 721
1 658 342
2 698 278
1 129 357
2 715 534
1 581 229
1 461 188
1 109 584
1 374 506
1 104 536
2 33 252
1 383 659
1 463 327
2 259 71
1 564 322
2 465 148
1 185 281
1 522 623
1 552 407
2 106 265
1 256 343
2 45 596
2 202 203
2 513 356
2 521 269
1 244 38
2 172 44
1 260 249
1 447 358
2 462 677
1 177 699
2 647 537
2 356 10
1 201 435
2 357 438
2 286 93
1 658 78
2 324 554
1 364 425
1 457 578
2 729 703
2 72 101
1 564 94
2 350 599
1 388 345
2 190 593
2 8 403
1 583 412
2 132 552
1 397 688
2 236 12
2 150 581
1 45 266
1 405 553
2 607 267
1 478 504
1 113 453
1 107 526
2 703 502
2 668 530
1 174 710
2 67 141
1 549 11
2 345 390
2 684 313
1 538 575
2 362 519
1 352 168
2 314 200
2 584 436
1 37 463
1 445 482
2 687 371
2 655 189
1 559 337
2 76 581
2 85 274
2 583 33
2 86 276
2 83 696
2 499 227
2 576 602
1 2 260
1 189 176
2 440 35
1 297 655
2 553 644
2 627 702
1 204 721
1 27 254
1 3 661
1 697 395
1 386 328
1 642 731
1 660 280
2 167 302
1 256 209
1 691 117
1 529 263
2 736 560
2 297 387
2 559 207
1 553 595
2 399 193
1 384 293
2 463 194
2 668 132
1 349 132
2 239 146
2 156 278
2 453 444
1 224 304
1 416 534
2 574 356
1 614 726
2 463 102
2 706 609
2 504 107
2 216 157
2 367 352
2 346 695
1 442 525
1 737 383
2 364 359
2 234 469
2 678 370
2 230 193
2 214 126
1 510 689
2 130 134
1 420 107
2 44 385
1 98 283
1 182 441
2 273 228
1 590 403
1 512 312
2 556 542
2 231 731
2 225 388
1 565 329
1 209 482
