263 246
1 16 92
2 125 73
1 259 106
1 49 124
2 156 259
1 50 204
1 197 151
2 172 107
1 166 252
1 59 231
1 220 109
1 68 212
1 119 207
2 184 11
1 248 184
2 36 76
1 3 198
1 261 96
2 52 255
2 216 236
1 32 76
1 237 192
1 112 35
1 228 147
2 214 167
1 41 257
1 215 184
1 83 36
1 72 29
1 87 37
2 84 87
2 7 48
1 126 250
1 233 251
1 239 160
2 149 165
2 19 80
1 37 38
1 22 101
2 67 87
2 33 262
1 114 93
2 219 219
2 159 226
1 119 12
1 261 71
1 110 137
1 156 97
1 248 209
1 184 229
1 150 225
1 46 55
1 70 3
2 89 9
1 154 118
1 18 108
2 189 64
2 163 134
1 207 30
1 96 1
2 98 191
2 214 147
1 26 55
1 171 152
1 50 120
1 78 149
2 64 206
2 108 124
1 187 108
2 130 32
1 220 171
1 164 162
2 223 147
1 85 162
1 11 19
1 29 253
1 217 261
1 256 158
2 234 56
1 154 94
1 106 3
1 83 204
1 32 148
1 48 261
2 4 145
2 158 242
1 134 37
1 25 160
1 210 209
1 238 234
2 115 82
2 191 21
2 247 118
2 121 116
2 251 245
1 52 73
2 247 131
2 222 39
2 192 159
1 225 128
1 222 132
2 154 146
2 101 119
2 119 22
1 227 192
2 26 33
1 188 213
1 113 159
2 29 70
2 65 71
1 103 191
1 205 51
2 254 227
2 183 220
2 62 263
1 66 146
2 151 206
1 234 101
2 100 117
1 173 158
1 232 172
2 60 133
2 133 34
1 140 70
2 192 69
1 139 53
2 236 57
2 163 177
1 26 22
2 257 111
2 224 206
2 160 118
2 83 19
1 182 185
2 218 145
2 236 132
1 145 166
2 232 197
1 5 3
1 146 138
1 138 88
2 243 169
1 229 230
2 25 223
1 42 107
1 63 48
1 194 81
1 14 12
2 61 49
2 260 43
2 148 26
2 121 4
2 58 221
2 219 59
2 47 230
2 181 254
1 242 263
1 100 42
2 184 216
2 175 170
1 143 184
2 145 198
2 16 212
1 152 31
2 33 10
2 136 2
1 245 74
2 204 62
2 215 135
2 201 199
1 198 188
2 239 193
1 107 134
2 65 161
1 20 19
2 13 24
1 242 110
2 195 242
1 44 259
2 234 97
2 260 240
2 45 205
1 235 236
1 185 181
1 157 256
2 5 243
1 87 260
2 96 239
1 262 9
2 156 45
1 11 139
1 229 155
1 188 93
1 8 55
2 55 41
2 129 151
2 151 96
2 53 203
2 5 191
1 23 259
2 163 75
2 54 166
2 191 50
2 208 76
1 184 60
2 131 226
1 52 32
2 149 54
2 110 60
1 209 126
2 143 239
1 62 191
2 223 29
2 115 93
1 248 72
1 183 49
2 194 263
1 145 36
2 204 82
2 135 52
2 243 254
2 74 59
2 141 6
1 226 176
2 215 29
2 202 173
2 128 202
2 28 41
2 32 4
1 33 42
1 28 244
1 158 60
2 256 23
1 78 126
2 86 145
1 61 127
2 132 176
2 84 50
1 222 191
1 253 215
1 218 128
1 7 235
1 143 165
2 112 183
2 66 251
2 14 169
