760 778
1 235 104
2 511 244
1 623 245
1 265 700
1 328 353
1 133 493
2 294 486
2 658 172
2 391 673
2 16 728
2 53 444
2 665 181
2 693 69
1 175 391
1 589 620
1 338 714
2 710 95
2 178 211
1 665 670
1 554 315
2 12 59
2 107 505
2 215 93
2 329 316
1 644 496
2 458 79
1 218 272
2 605 41
2 389 495
2 566 54
2 238 343
1 698 261
2 678 574
1 497 349
2 733 632
2 369 180
2 627 166
2 558 106
1 435 241
1 111 231
2 705 368
1 624 355
2 578 214
2 81 679
1 699 584
1 119 488
2 365 755
1 189 530
2 323 580
1 665 545
1 248 408
2 528 663
2 537 319
2 704 736
2 717 719
1 5 413
1 405 369
1 177 6
2 87 239
1 601 167
1 64 85
2 180 584
1 117 487
1 146 3
1 658 162
2 187 275
2 141 229
1 647 343
2 612 564
1 512 508
1 738 5
2 37 229
2 298 599
1 353 250
2 230 481
2 272 105
1 750 273
1 385 747
1 406 207
2 350 468
1 102 534
1 247 383
2 250 279
1 329 117
2 614 592
2 584 152
1 637 98
1 722 416
1 481 427
2 71 229
1 319 368
1 753 572
2 114 172
2 398 99
2 719 36
1 22 317
1 399 608
1 29 374
2 187 102
2 285 529
2 470 157
2 244 271
2 730 319
2 525 247
2 52 476
2 144 639
2 582 323
1 108 557
2 139 47
2 226 134
2 207 71
1 508 541
2 734 396
1 437 504
2 640 26
1 331 35
2 735 695
2 528 669
2 460 700
2 522 364
1 439 527
2 218 441
2 553 32
2 174 255
2 705 497
2 38 377
1 270 683
1 490 153
1 699 592
2 480 719
1 668 13
2 166 207
2 158 163
1 666 693
2 321 591
1 653 333
2 192 560
2 450 168
1 327 278
1 740 615
2 155 261
2 17 691
1 66 469
1 376 531
2 271 736
2 338 513
1 88 642
2 520 672
1 586 208
2 493 468
1 77 665
1 501 554
1 327 358
1 151 608
2 266 232
1 724 583
2 18 369
2 208 123
2 687 192
1 298 352
1 250 333
2 127 659
1 652 331
2 291 449
2 77 628
1 711 314
2 143 740
2 115 138
1 608 286
2 483 191
2 436 135
1 41 242
2 45 147
2 702 157
1 463 608
1 10 1
1 576 416
1 134 660
2 180 577
2 637 75
1 249 187
2 70 588
2 273 699
1 566 500
1 4 19
1 256 89
1 308 172
1 345 468
2 15 315
2 350 743
1 658 645
1 542 212
1 322 667
1 403 573
2 655 569
1 524 574
1 729 738
2 229 120
2 381 112
1 586 200
2 617 440
1 623 464
1 495 707
2 676 490
1 312 213
1 430 531
2 99 527
2 366 312
1 295 139
1 244 533
2 269 679
2 468 152
2 592 191
1 268 232
1 254 2
1 650 370
2 505 107
1 57 693
2 690 325
1 259 685
2 9 514
1 244 140
1 336 530
2 740 81
2 304 285
1 124 68
1 676 291
2 511 651
1 399 200
2 476 282
1 123 199
2 602 197
2 492 377
1 655 313
2 142 433
1 661 439
2 567 37
2 642 546
1 665 651
2 537 193
1 260 684
2 719 404
2 408 739
1 747 263
1 34 586
2 145 360
1 231 420
1 223 391
2 408 25
2 7 279
2 556 397
1 408 411
1 153 91
1 411 7
1 363 717
2 656 189
2 543 595
1 361 446
1 332 539
2 252 654
2 462 289
1 191 68
2 401 627
2 427 725
1 736 52
1 472 82
2 29 592
2 178 148
2 555 613
1 112 112
1 212 343
1 294 656
1 527 39
2 608 748
2 441 258
2 475 215
2 389 376
1 609 203
1 603 396
2 669 422
2 248 732
1 211 84
2 49 649
1 533 21
2 464 162
2 648 397
2 247 552
1 84 558
2 213 677
1 588 659
2 704 10
1 714 296
2 152 12
1 290 584
2 320 189
2 450 167
2 558 396
2 246 148
1 127 749
2 398 375
2 605 112
2 66 434
1 179 588
1 631 94
2 264 190
1 541 436
1 465 618
2 323 566
1 78 297
1 409 56
1 241 465
2 135 387
2 220 320
1 267 586
2 459 140
2 421 408
1 39 705
2 323 605
1 309 146
2 514 752
1 298 696
1 232 596
2 464 675
1 78 715
2 543 634
2 144 179
1 481 200
1 258 451
2 452 123
1 248 381
2 483 202
1 465 689
1 700 469
2 603 556
2 473 381
2 646 758
1 69 286
2 723 38
1 596 75
2 183 195
1 486 75
1 700 231
2 496 666
2 724 177
2 337 197
2 112 342
2 604 107
1 567 32
1 728 179
1 376 475
1 573 363
2 434 247
2 698 46
2 711 698
1 557 268
1 181 640
1 368 341
1 521 669
2 373 589
1 164 164
1 143 486
2 437 430
1 19 742
2 244 664
1 586 82
1 1 270
1 291 231
2 387 686
1 273 196
1 108 21
1 512 323
1 259 696
1 72 505
1 157 181
1 480 378
1 28 511
2 345 493
2 381 565
2 90 533
1 479 410
2 200 728
2 55 667
2 422 646
2 63 301
2 735 534
1 143 637
2 53 559
2 575 101
1 471 629
2 752 433
1 476 17
1 690 475
2 337 78
2 736 692
2 418 402
1 606 72
2 246 747
1 255 568
1 197 117
2 402 21
1 216 266
1 579 732
2 417 429
1 579 118
1 349 495
2 608 32
1 719 466
2 26 107
2 205 495
1 715 113
1 415 305
1 90 263
1 285 714
2 234 617
1 613 727
2 563 495
2 223 201
2 15 128
1 17 760
1 729 348
2 511 8
1 482 593
2 370 375
1 234 583
2 498 338
2 170 757
2 300 134
2 521 171
1 491 7
1 29 616
2 598 427
2 150 612
2 66 27
1 144 95
1 561 491
2 227 380
1 204 538
2 490 433
1 496 478
2 82 192
1 399 589
1 346 758
2 90 177
2 355 170
2 724 167
1 99 264
1 170 745
1 140 457
2 314 353
1 341 245
2 672 345
2 734 637
2 607 625
2 570 544
2 145 183
2 586 164
1 193 74
1 426 80
2 417 605
2 119 261
1 716 271
1 629 126
2 658 292
2 345 710
1 718 712
1 404 88
2 736 622
2 299 570
2 70 328
2 357 607
2 236 568
2 548 649
1 708 745
2 162 535
2 215 495
2 629 501
2 570 590
1 488 698
1 689 203
1 138 594
2 675 224
2 111 229
1 544 59
1 88 679
1 167 584
1 196 482
2 439 561
2 393 68
1 719 141
2 484 617
1 675 675
1 475 643
2 52 368
1 376 176
1 80 475
2 111 532
2 139 125
2 422 655
1 756 693
1 523 581
1 29 472
2 133 476
1 672 703
2 432 597
2 446 759
1 558 655
1 32 61
1 468 11
1 99 354
2 122 45
2 24 484
2 246 380
2 251 562
1 182 651
1 252 541
2 2 90
2 397 463
2 588 497
2 552 108
2 385 77
2 428 86
1 219 132
2 188 65
1 520 397
1 602 621
1 267 610
2 289 469
1 674 120
1 385 679
1 141 502
1 728 476
2 70 476
2 220 727
2 468 235
1 601 112
1 162 378
1 698 26
2 726 499
2 324 642
2 256 299
2 140 41
1 566 399
1 494 419
2 491 76
2 257 293
1 438 305
2 81 512
1 680 712
2 259 184
2 288 167
2 482 246
1 602 310
1 585 573
1 108 519
2 679 319
1 43 428
2 525 162
2 94 221
2 425 590
1 362 444
2 480 369
2 245 161
1 216 394
1 466 109
1 531 395
2 696 406
1 247 609
1 423 58
2 643 652
1 66 359
2 102 464
2 503 409
2 713 89
1 686 93
1 12 744
2 562 598
2 659 73
1 729 364
2 263 6
2 665 575
1 307 383
2 385 628
1 542 418
2 114 728
1 506 526
2 684 508
1 299 562
1 55 291
2 205 105
2 365 697
1 26 325
2 371 85
1 76 617
2 602 584
2 535 673
1 33 467
1 760 54
2 21 288
2 555 332
2 698 220
2 354 723
2 76 694
2 63 451
1 607 686
2 581 471
1 603 706
2 507 395
1 478 108
1 548 144
2 6 731
2 285 684
2 658 562
1 560 751
2 346 601
2 268 124
2 389 649
2 515 513
2 667 587
1 273 743
1 170 92
2 625 532
2 194 15
2 628 32
1 303 120
2 483 463
2 576 117
2 189 546
2 130 520
2 246 252
1 337 687
2 199 562
1 520 258
2 623 71
1 80 652
1 107 59
1 46 228
2 122 212
1 524 317
1 142 295
2 519 174
1 387 517
1 59 255
1 135 692
1 26 638
1 565 198
2 699 149
1 83 231
2 737 557
1 596 342
1 611 659
1 299 593
1 65 375
2 123 53
2 402 755
2 244 455
2 171 132
1 158 682
2 347 83
2 555 687
2 292 93
1 754 261
2 188 697
2 488 583
2 94 651
1 540 153
2 12 296
2 398 55
2 722 653
2 670 712
2 604 753
2 322 631
1 760 756
2 167 334
2 720 363
1 417 561
1 116 623
2 687 157
1 555 60
2 505 472
1 401 87
2 696 92
1 756 169
1 585 712
2 462 418
1 459 383
2 178 641
2 93 276
2 164 220
2 505 406
2 549 345
1 158 393
1 153 559
1 137 737
2 449 712
1 160 328
2 426 645
1 54 506
1 567 24
1 2 236
2 38 54
2 509 363
1 248 627
1 697 602
1 409 506
1 590 146
1 637 488
1 733 343
1 731 610
1 465 119
1 285 345
1 752 579
1 390 140
2 11 264
1 311 156
2 364 353
2 190 196
2 194 46
1 325 345
1 419 616
1 148 455
2 392 140
1 213 467
1 430 364
1 153 529
2 2 520
2 348 553
2 539 452
2 170 53
1 346 122
1 84 471
1 111 191
2 557 399
2 56 113
2 556 574
2 237 306
1 36 448
2 323 408
1 722 649
2 713 650
1 177 502
1 503 305
1 150 699
2 141 81
2 232 410
2 469 675
1 204 600
2 478 370
2 567 446
1 468 593
2 344 683
2 677 369
1 746 277
2 159 731
2 531 22
2 353 573
2 422 302
1 567 286
1 156 464
2 493 48
2 454 601
2 658 27
2 326 528
1 504 122
2 302 376
1 29 446
1 25 323
1 62 646
2 558 271
2 72 115
1 175 667
2 746 390
2 252 85
1 588 508
2 720 269
2 556 458
1 313 605
1 455 396
2 730 464
