320 744
1 297 54
2 55 121
1 257 219
1 21 161
1 269 268
1 189 85
2 89 194
2 144 192
1 43 278
1 136 307
2 210 232
2 141 288
2 77 255
2 189 33
1 316 89
2 256 118
1 48 116
1 30 243
2 138 276
1 317 78
2 112 94
1 138 159
2 11 276
1 175 25
2 251 103
2 243 250
2 201 43
2 122 93
1 2 161
2 34 37
2 259 315
1 5 221
1 101 161
1 250 131
1 149 296
2 218 279
1 158 241
1 3 31
1 118 311
2 51 140
2 233 286
2 153 198
1 194 162
2 311 238
1 239 157
1 94 185
2 319 119
2 184 282
1 75 106
1 19 256
1 304 51
1 264 116
1 17 49
1 28 288
1 125 224
2 163 151
2 207 67
2 9 241
2 255 161
1 71 40
2 305 113
2 67 304
1 176 156
1 134 92
1 107 14
2 108 55
1 155 28
2 92 61
2 89 305
2 138 185
2 146 29
2 237 283
2 211 73
2 98 213
1 176 175
1 107 236
2 33 149
2 309 40
2 253 51
1 249 310
1 42 46
1 133 29
2 217 170
2 314 284
2 73 267
2 38 225
1 67 184
2 156 177
1 153 240
1 309 244
1 234 91
2 38 141
2 192 150
1 244 56
1 242 169
1 23 272
1 181 83
1 266 123
2 123 10
1 310 110
1 115 241
1 86 239
1 174 223
2 163 221
2 185 70
2 85 191
2 217 156
2 71 181
2 87 314
1 223 287
1 226 104
2 5 304
2 308 87
1 27 31
2 201 140
1 306 108
2 269 292
2 160 318
2 130 312
1 142 12
2 310 215
2 99 170
2 220 220
1 284 238
2 109 301
2 248 284
2 158 284
1 215 39
2 158 244
1 27 272
1 12 32
2 99 64
2 163 267
2 290 60
2 255 178
1 52 177
2 163 209
1 173 319
1 50 238
2 279 211
1 85 15
1 220 103
2 24 228
1 201 136
2 169 74
2 142 200
1 226 55
2 288 153
1 198 63
1 139 2
1 146 8
1 313 10
2 211 193
1 87 155
1 239 179
2 163 145
1 41 112
1 215 238
1 256 245
1 205 26
2 268 262
2 163 272
2 46 126
1 55 56
1 19 279
1 138 83
2 209 149
2 36 177
2 92 87
2 127 148
2 288 154
2 144 279
1 27 150
1 62 223
2 166 240
1 279 285
1 291 20
2 110 278
1 24 49
2 189 194
2 61 247
2 268 286
2 175 185
1 253 218
2 144 178
2 306 302
1 279 211
2 62 275
1 161 291
2 66 9
2 229 115
1 288 57
2 86 281
1 56 145
2 140 144
1 140 91
1 267 138
2 214 7
2 286 267
2 52 309
2 2 206
1 6 81
1 80 140
2 259 152
2 245 147
2 267 101
2 253 98
2 23 285
1 118 286
2 209 271
1 222 209
1 39 102
1 107 21
2 41 288
1 70 177
1 71 169
2 89 147
2 233 294
2 246 197
2 163 57
1 258 262
2 237 122
1 101 194
2 238 100
1 190 71
1 281 259
2 235 276
1 113 174
1 203 221
1 30 138
2 147 263
1 249 112
1 18 305
1 33 169
1 70 82
2 253 194
1 126 320
1 281 70
1 62 87
1 5 303
1 108 74
2 260 316
2 288 8
1 304 7
2 213 143
2 98 27
2 53 9
2 269 270
1 15 38
1 79 268
1 258 85
2 225 196
1 167 132
2 150 32
1 200 23
2 209 285
2 292 269
2 28 18
2 128 234
2 26 91
2 64 71
2 106 47
2 39 292
2 289 215
2 35 281
1 229 250
2 62 191
1 265 55
1 222 69
2 313 302
2 218 282
1 144 112
2 5 133
1 259 124
1 65 135
2 247 307
2 80 262
2 166 300
2 138 172
1 21 47
2 67 152
1 90 131
2 107 311
2 75 118
1 187 125
1 184 135
1 37 155
1 278 297
2 269 18
2 41 52
2 100 238
1 166 63
1 265 33
1 200 12
2 220 139
1 39 64
2 129 250
2 205 296
2 303 209
1 186 156
2 147 212
2 260 244
2 138 59
1 157 318
1 251 3
1 277 30
2 183 178
2 178 100
1 26 169
2 270 260
2 38 80
1 143 55
2 31 9
1 128 259
1 277 196
2 60 236
1 316 24
1 296 301
1 4 292
2 194 115
2 138 70
2 116 274
2 57 43
2 86 310
2 92 103
1 179 216
2 307 229
2 257 270
2 88 265
2 111 225
1 12 116
2 36 1
2 81 292
1 110 258
2 160 124
2 107 107
1 308 212
2 11 297
2 123 13
2 262 283
1 307 252
1 220 184
2 73 259
1 43 209
2 124 255
1 162 180
1 47 222
2 203 307
1 151 42
2 298 147
2 70 270
1 90 1
2 242 226
2 267 253
1 13 49
2 133 67
1 218 171
1 160 228
1 121 289
2 52 225
1 247 286
1 181 232
2 303 250
1 293 313
2 20 51
1 262 97
2 65 244
1 63 195
2 87 37
1 243 217
2 94 187
2 179 233
2 148 24
2 205 38
2 64 301
2 133 151
1 211 19
1 132 298
1 280 51
2 187 283
1 142 59
2 283 165
2 287 165
2 257 318
2 226 124
1 133 20
2 191 184
1 287 213
2 137 160
1 106 307
2 283 105
2 113 218
1 312 240
1 12 43
1 123 200
2 145 265
2 311 228
2 93 166
1 239 123
1 218 281
1 299 132
1 42 121
2 75 246
2 158 262
2 286 108
2 30 73
2 212 138
1 129 310
2 277 318
2 28 268
2 116 100
2 90 3
2 176 169
2 104 173
2 301 201
1 49 226
2 262 175
2 131 2
1 195 43
2 282 94
2 11 303
1 175 105
1 16 197
1 291 56
2 91 40
2 121 183
1 89 247
1 58 245
2 68 153
2 217 55
2 201 267
2 225 93
2 197 81
2 190 163
1 65 294
2 17 210
1 36 29
1 185 56
1 301 196
1 61 86
2 274 97
2 216 294
2 296 206
1 67 31
1 271 249
2 158 279
1 43 53
1 226 317
1 84 84
2 106 178
1 177 44
2 232 28
1 206 28
2 136 70
2 295 227
1 86 85
1 194 96
1 228 178
2 242 74
2 44 88
2 148 117
1 283 266
1 130 159
2 213 247
1 212 30
1 10 286
1 304 62
2 276 184
2 233 238
2 21 135
2 160 120
1 28 137
1 311 138
1 182 71
1 191 228
1 279 210
2 319 287
2 240 182
1 140 118
1 212 153
2 282 123
2 179 224
2 22 125
1 1 94
1 258 255
2 252 290
1 155 192
2 227 45
2 161 185
2 213 250
2 102 236
2 17 317
2 143 105
1 277 262
2 265 28
1 171 15
2 253 269
1 168 165
1 215 277
1 164 318
2 51 81
2 4 311
1 85 6
1 38 77
2 12 204
2 206 191
1 114 259
2 139 140
2 20 193
1 130 173
1 15 307
1 178 152
1 230 78
2 164 170
1 61 146
2 33 240
2 173 67
2 129 160
2 75 93
1 237 152
1 228 76
1 257 62
2 193 192
1 180 118
1 46 39
2 132 281
1 45 45
1 243 131
2 224 34
2 125 270
2 124 269
2 294 130
1 289 161
1 224 225
2 12 230
2 116 152
1 226 41
2 73 314
2 29 318
1 84 200
2 232 282
1 75 313
2 297 90
1 313 264
2 132 211
2 286 221
2 97 269
1 16 8
1 288 279
1 251 173
1 278 84
2 83 105
2 242 94
1 253 180
2 309 120
1 194 66
1 225 212
1 14 77
1 96 118
2 31 178
2 207 253
1 283 255
1 295 109
2 176 283
1 56 178
1 145 254
2 241 310
2 94 218
2 271 50
2 154 145
1 279 34
1 163 30
1 114 231
1 35 120
1 51 273
1 279 219
1 8 134
2 284 144
1 151 59
1 35 132
1 319 274
2 259 146
2 296 23
2 138 154
2 27 20
2 167 213
1 293 42
2 39 87
1 26 112
1 281 56
1 193 15
1 74 45
2 48 289
2 22 26
1 79 180
1 204 125
1 144 300
1 203 99
2 89 89
2 319 20
1 15 100
2 185 100
1 146 123
1 109 318
2 315 188
2 93 173
1 73 115
1 224 188
1 148 76
2 112 231
1 220 192
1 129 15
2 44 274
1 48 70
2 202 214
2 142 22
2 163 71
1 51 117
1 20 11
1 289 50
1 243 32
1 292 305
2 273 217
2 283 233
1 154 62
1 11 186
1 198 168
2 259 176
2 101 99
2 69 192
1 213 239
2 89 100
2 135 185
2 63 298
1 94 203
2 206 303
2 134 83
2 168 142
2 290 7
2 288 240
1 293 100
1 113 284
2 200 185
2 58 145
2 170 229
2 270 63
2 183 71
2 24 248
2 266 131
1 142 34
1 110 77
1 299 189
1 69 283
2 8 84
2 229 30
2 62 182
1 89 71
1 108 128
1 231 67
1 262 320
2 247 47
1 221 220
1 222 72
1 307 227
1 246 275
1 227 282
2 111 267
1 138 2
2 87 5
2 155 253
1 65 114
1 170 188
1 236 246
2 159 219
1 149 12
2 189 293
1 48 114
2 172 197
1 219 271
2 306 154
2 154 25
1 135 277
2 142 140
2 204 215
2 210 282
2 292 3
2 211 98
1 46 156
1 259 147
1 45 292
2 246 192
2 142 45
2 83 23
1 217 24
1 131 140
1 194 77
2 176 273
2 165 282
1 112 38
1 162 245
1 311 226
2 202 65
1 229 235
2 89 89
1 2 277
2 152 135
2 99 175
1 143 220
2 172 276
2 72 83
2 220 240
1 163 17
1 135 107
2 277 241
2 134 65
1 222 36
2 154 125
1 33 131
2 37 76
1 320 116
1 31 90
2 47 216
1 319 208
1 33 314
1 173 263
1 237 114
1 304 310
1 37 254
1 73 56
2 269 18
2 23 3
2 254 124
2 111 251
2 250 302
1 129 280
2 196 208
1 261 197
2 93 51
2 69 83
1 261 242
2 195 110
2 309 79
2 231 28
2 70 163
