833 930
1 227 105
2 153 290
2 439 639
1 39 598
1 426 786
2 823 53
2 679 594
1 209 243
1 35 49
2 340 495
1 35 114
1 801 631
2 726 615
1 269 380
2 708 230
2 617 18
1 237 526
1 421 721
1 656 663
2 638 363
1 489 476
2 133 94
1 142 792
2 105 497
1 712 79
2 530 217
2 288 299
1 169 207
1 829 652
1 252 170
2 607 158
2 584 236
2 313 498
2 712 144
2 743 673
2 182 450
2 68 317
1 88 524
2 254 688
2 780 75
1 826 485
2 718 650
2 440 495
1 464 234
2 662 23
2 463 394
2 248 707
2 618 510
2 159 370
1 103 363
1 76 78
1 224 271
1 440 185
2 8 528
1 119 812
2 750 607
2 351 127
2 414 118
2 292 212
1 567 97
1 151 517
2 327 358
2 230 637
1 397 501
2 62 830
1 709 138
1 55 637
2 376 718
1 115 493
1 599 297
1 684 515
1 638 596
1 134 193
1 491 729
1 59 782
1 209 271
1 348 6
2 309 505
2 665 306
1 653 17
2 568 112
1 734 610
2 785 731
1 158 798
1 671 138
1 278 14
2 516 441
2 21 446
2 614 323
1 464 783
2 194 491
1 199 798
2 94 279
1 222 518
2 278 289
1 460 201
2 42 413
2 713 179
2 822 501
1 62 37
1 644 138
1 809 227
1 501 170
2 325 819
2 420 812
2 231 525
2 168 480
1 823 545
1 234 711
1 107 578
1 761 318
1 113 70
2 55 319
1 694 197
1 505 10
1 538 189
2 88 743
2 160 24
2 618 42
1 184 85
2 786 299
2 725 379
2 482 591
1 731 501
2 108 417
2 760 653
2 737 228
2 272 256
2 49 473
2 536 454
2 457 340
1 753 95
1 448 769
1 781 608
1 199 100
2 548 672
2 517 816
1 362 798
1 229 503
2 811 635
2 210 689
1 586 171
1 314 229
2 194 54
2 787 186
2 241 84
1 635 376
1 267 265
2 744 342
1 434 298
1 118 402
1 544 357
1 197 773
1 767 751
1 803 338
2 312 690
2 682 445
2 666 260
1 81 636
2 72 476
2 111 531
1 557 621
2 240 178
1 804 236
2 462 171
1 659 246
1 720 180
2 291 461
1 692 528
1 747 288
1 494 266
2 635 618
1 43 164
2 618 351
1 307 294
2 512 169
2 504 344
1 48 501
2 711 450
2 220 679
2 465 263
2 483 807
2 644 299
2 387 311
2 799 568
2 729 437
1 811 426
2 403 664
1 643 339
1 4 668
1 388 328
1 426 24
2 384 288
2 809 85
1 199 113
1 501 542
1 119 280
1 2 31
2 756 616
1 742 597
2 521 60
2 778 90
1 399 177
2 735 544
1 471 369
1 355 560
1 800 723
1 809 449
2 386 737
1 646 398
1 708 394
1 414 674
1 320 513
2 477 770
1 818 171
2 430 260
1 758 316
1 247 392
2 349 374
2 232 229
1 137 244
1 600 323
1 314 620
1 213 760
1 653 769
1 394 229
2 218 472
2 71 269
1 305 699
2 299 522
2 120 163
2 797 611
2 23 738
1 206 765
1 706 485
1 414 716
2 367 409
2 751 462
1 181 119
2 765 244
2 221 31
2 779 619
2 306 474
1 421 569
2 381 724
2 815 501
2 173 630
2 118 179
2 372 686
2 779 67
2 812 251
1 371 831
1 635 745
1 788 637
2 348 293
2 575 345
2 488 48
1 771 727
1 127 818
2 284 723
2 358 618
2 562 88
1 677 166
2 257 93
1 606 336
1 587 503
2 703 454
1 639 448
2 743 477
1 729 612
1 380 411
1 629 549
2 624 28
2 413 22
1 436 533
2 820 392
2 771 132
1 350 129
2 376 579
2 807 3
1 459 186
2 279 232
2 143 328
1 612 179
2 74 63
1 774 701
1 22 201
2 810 604
2 302 241
1 124 576
2 65 743
1 76 158
1 436 576
2 822 686
2 311 68
1 646 197
2 816 676
1 795 292
2 491 351
1 255 42
1 376 747
2 563 366
1 681 83
2 666 316
2 49 25
1 406 249
1 341 784
2 216 141
1 721 614
1 589 572
2 737 774
2 371 469
1 782 608
2 461 794
1 109 57
1 103 303
1 651 636
2 257 751
2 616 649
1 400 812
1 2 9
1 801 742
2 821 21
2 582 321
1 774 221
1 645 291
2 6 239
1 654 575
1 12 234
2 765 251
1 780 458
1 134 749
1 272 438
2 40 52
1 311 775
2 729 272
1 688 75
1 460 151
1 687 794
1 765 538
2 734 427
1 675 657
1 392 100
2 42 236
1 679 250
2 811 811
2 584 269
1 356 173
2 222 781
2 252 460
2 388 220
2 584 371
2 72 585
1 305 440
2 685 600
1 47 565
1 176 381
1 376 756
1 796 523
1 554 370
1 292 492
1 602 540
2 334 731
1 628 56
2 587 765
1 514 688
2 310 275
2 286 592
1 121 671
2 45 808
1 178 521
1 119 727
2 166 193
1 254 739
1 535 590
1 686 333
1 575 283
2 664 54
2 188 557
1 658 152
1 523 197
1 692 576
1 271 367
2 660 743
1 270 556
1 802 196
1 722 512
2 567 746
1 626 355
2 783 554
2 548 179
1 154 654
1 18 514
1 612 249
2 354 286
2 612 24
2 322 434
1 332 670
2 113 682
2 450 492
1 184 829
2 263 556
2 533 796
1 192 297
2 659 303
2 518 606
2 486 692
2 792 524
2 55 545
2 304 380
2 399 308
1 119 529
1 254 395
1 171 349
2 160 476
2 503 406
1 342 13
1 506 252
2 524 80
2 38 818
1 324 537
1 637 393
1 174 801
2 348 92
2 748 275
2 593 117
2 721 29
2 214 276
2 752 434
1 207 788
1 711 131
1 152 770
1 804 174
2 547 489
2 545 683
1 429 506
2 460 59
2 332 728
1 321 608
1 566 747
1 124 661
2 636 16
1 327 709
1 344 201
2 413 77
1 754 358
2 608 789
2 467 517
2 398 157
1 664 457
2 661 471
2 614 545
1 401 448
2 755 537
1 580 72
2 414 368
1 781 35
2 227 343
2 503 14
2 242 148
1 619 793
1 503 551
1 361 721
2 625 741
2 238 626
1 740 275
1 594 303
2 25 716
2 540 501
2 578 546
2 705 210
2 489 8
1 444 251
2 268 116
1 295 492
1 640 410
2 707 634
1 349 245
1 517 550
2 695 177
1 60 732
2 696 561
2 394 204
1 349 306
2 520 195
2 236 746
1 274 288
2 431 182
1 518 302
1 253 289
2 175 332
1 117 530
2 237 636
2 177 774
2 477 248
1 822 127
2 38 346
1 123 434
1 650 29
1 417 180
2 291 667
2 790 514
1 748 788
1 553 209
1 681 419
1 53 342
2 3 530
2 737 29
1 141 302
1 33 243
1 127 823
2 789 760
1 293 442
2 91 318
2 765 214
2 436 541
1 274 592
1 412 707
1 416 327
1 803 694
2 538 644
2 48 776
1 435 760
1 48 57
2 154 627
1 403 124
1 348 434
2 271 420
2 559 69
2 94 793
2 145 365
1 113 200
2 100 498
1 237 410
1 557 345
2 798 407
1 617 828
1 109 27
1 507 58
2 26 18
2 441 811
2 476 707
2 41 733
1 646 93
1 42 226
1 124 290
1 364 589
1 546 773
1 563 450
2 61 826
2 51 67
1 612 226
1 644 769
2 343 450
1 547 598
1 673 832
2 98 358
2 202 738
1 392 732
1 701 352
1 48 276
1 103 267
1 505 452
2 53 637
2 115 479
2 677 777
2 145 613
2 617 208
2 158 87
1 706 630
2 73 153
1 723 126
1 598 57
1 443 287
2 360 590
2 269 193
2 345 511
2 708 89
1 594 160
2 283 439
2 327 555
1 354 250
2 804 477
1 369 490
2 122 662
2 521 680
1 603 490
2 824 6
1 262 476
1 790 211
1 328 381
1 814 39
1 619 108
1 216 240
2 612 551
2 553 93
2 433 191
2 480 145
1 727 24
2 725 589
1 419 107
2 208 531
2 768 814
1 123 67
1 302 456
1 708 719
2 805 214
1 593 431
1 804 543
2 24 401
1 805 251
1 544 273
1 613 167
2 822 817
1 567 601
1 106 174
1 506 179
2 275 591
2 52 685
1 755 737
2 790 364
1 58 259
1 500 158
2 356 689
2 504 456
1 593 235
2 596 210
1 731 61
2 602 312
2 171 464
1 332 303
2 533 698
1 226 820
2 723 194
1 179 744
1 752 119
2 541 170
2 490 747
1 13 249
1 426 560
2 421 86
1 758 288
1 820 312
2 449 512
1 467 353
1 447 807
2 678 501
1 324 69
1 636 449
2 370 1
2 354 435
2 292 611
1 811 508
2 301 715
2 362 98
2 577 401
1 545 103
2 119 213
1 573 221
2 387 209
2 420 149
1 442 422
1 770 134
2 177 658
2 369 554
1 50 491
2 814 18
2 540 580
2 517 792
1 38 512
1 262 804
1 409 257
1 439 724
1 711 469
2 565 764
2 675 243
2 441 131
2 392 42
2 421 261
2 10 588
1 594 700
1 523 644
1 493 405
2 325 246
1 274 39
2 336 94
1 140 477
2 664 658
2 578 505
1 493 510
1 657 630
1 616 465
1 124 221
2 809 269
2 576 581
2 87 563
1 485 172
1 821 748
1 252 435
2 574 87
1 183 747
2 442 735
1 191 422
2 42 132
1 503 503
2 232 94
2 797 115
1 45 766
1 259 647
2 746 258
2 194 161
1 121 85
1 700 488
2 63 394
2 801 254
1 703 235
1 402 16
2 44 289
2 822 367
1 816 778
1 328 554
2 537 352
2 301 527
1 86 401
1 681 368
2 634 401
1 335 203
2 743 534
1 564 461
1 673 815
2 757 86
2 93 368
1 151 587
1 617 409
1 156 6
1 245 400
2 170 459
2 348 673
2 732 31
1 798 501
2 661 138
1 216 556
1 696 242
2 669 30
2 585 729
1 688 544
1 243 785
1 552 649
2 815 369
2 565 158
2 773 572
1 198 193
1 712 523
2 43 727
2 374 550
1 2 757
1 114 727
2 387 446
2 560 35
2 441 660
2 795 572
1 814 436
2 200 732
2 364 294
1 787 236
2 450 233
2 361 278
2 727 175
1 533 260
1 108 440
1 636 267
2 586 12
1 400 74
2 565 435
1 590 269
2 513 592
2 440 599
1 600 493
1 692 388
2 471 648
2 74 220
1 378 305
1 117 612
1 88 60
1 238 686
2 548 641
2 350 810
2 20 533
1 605 793
2 196 579
2 61 713
2 628 208
1 91 384
1 601 42
2 146 829
1 253 505
2 723 442
1 637 826
2 428 691
1 397 757
1 693 739
1 521 668
1 813 636
2 781 726
1 796 500
2 778 499
2 245 190
1 243 825
2 811 619
2 338 95
2 584 327
2 283 670
1 68 367
2 291 774
1 471 523
2 752 475
2 162 812
2 365 463
2 80 812
2 781 82
1 373 83
1 586 246
2 514 429
2 252 260
2 239 775
2 60 335
1 142 71
2 554 64
1 279 189
1 545 59
2 119 794
1 714 758
2 73 752
2 88 767
1 605 221
2 89 280
2 433 245
1 37 648
2 685 219
1 593 755
2 119 97
2 753 318
1 754 343
1 813 255
1 88 211
2 6 81
1 346 259
2 691 654
1 220 565
2 491 215
1 337 641
2 426 60
1 471 171
2 699 635
1 34 510
2 555 375
1 369 522
2 810 397
1 555 277
2 31 742
2 345 392
1 799 77
1 437 383
2 207 716
2 203 445
2 547 65
1 54 640
2 792 375
2 110 190
2 593 355
1 64 189
1 138 565
2 824 439
1 319 794
2 669 108
2 403 574
1 654 538
2 203 68
1 798 117
2 425 169
2 198 259
2 658 14
1 347 155
2 354 127
2 742 391
2 431 583
1 534 581
2 238 466
1 762 429
2 661 582
2 610 573
1 422 282
2 441 240
2 104 403
2 657 755
2 517 294
2 227 637
1 356 450
1 601 466
1 355 282
2 663 796
2 232 283
1 313 764
2 62 71
1 171 405
2 42 212
2 568 794
2 693 514
1 386 572
1 181 61
2 580 558
2 187 505
2 187 417
2 65 308
2 132 462
2 493 286
2 701 417
1 747 634
2 698 713
2 697 612
2 652 635
2 627 277
2 374 702
1 551 558
2 625 573
2 799 405
1 126 437
1 355 545
1 133 500
1 565 510
