554 870
2 206 448
2 279 277
2 83 503
1 81 331
2 161 120
2 402 389
2 458 482
2 193 93
2 262 27
1 249 119
2 236 356
2 471 331
1 475 123
2 387 520
2 481 243
2 170 202
2 99 136
1 61 98
1 485 403
1 479 437
2 417 244
2 535 369
1 302 88
1 45 548
1 388 259
2 47 426
1 529 541
2 306 532
2 297 96
1 549 219
1 298 381
1 302 452
1 225 202
2 41 548
2 198 32
2 110 240
2 333 31
2 179 146
1 106 520
1 92 437
1 164 231
2 507 34
2 64 105
2 227 355
1 10 548
1 266 218
1 148 261
1 255 24
2 83 327
1 21 271
1 140 18
2 333 501
2 552 43
2 25 322
2 384 90
2 128 281
2 76 53
2 315 227
1 360 81
2 515 529
2 361 379
2 405 521
2 296 475
1 337 12
2 445 460
1 404 529
2 196 54
2 232 523
2 286 217
2 309 246
1 475 1
1 27 496
1 459 456
1 31 241
1 182 374
1 378 354
1 521 1
2 76 282
2 259 493
1 239 186
1 337 321
2 12 75
1 206 212
2 71 300
2 124 348
2 75 128
2 192 77
2 355 37
1 416 295
2 491 311
2 493 210
1 421 362
1 455 329
1 354 14
1 202 165
1 446 388
1 201 533
1 2 422
2 190 546
2 79 242
2 457 102
2 107 84
2 242 462
2 342 466
2 481 473
1 408 102
2 288 125
2 384 108
1 429 147
2 77 279
1 234 286
1 362 514
1 389 129
1 287 474
1 268 190
1 27 404
1 431 220
2 304 354
2 65 35
1 197 382
1 331 327
2 217 359
1 518 422
1 405 363
1 532 496
1 80 26
1 392 428
2 430 88
2 298 227
1 138 304
2 53 328
2 222 339
1 539 305
2 515 231
1 95 484
1 426 110
2 454 149
1 20 272
2 61 4
2 554 92
2 131 60
1 373 416
2 552 200
2 46 63
2 253 172
2 168 229
1 438 233
2 428 133
1 86 408
2 535 201
1 510 117
2 464 357
2 288 119
1 414 154
1 294 290
2 506 480
1 132 314
1 321 541
2 14 38
1 170 138
2 369 405
1 176 456
2 249 423
2 353 248
1 202 108
1 508 136
1 457 274
2 140 153
2 322 228
2 22 59
1 1 543
1 68 279
1 48 307
1 32 484
2 330 187
2 503 380
1 130 237
2 144 223
1 81 240
2 160 128
1 20 553
1 130 280
1 43 530
2 355 389
1 88 262
2 50 350
2 545 126
1 10 474
2 501 403
1 21 257
1 39 201
2 219 119
2 299 361
1 424 173
1 395 488
2 526 302
1 139 104
2 267 549
2 85 18
1 193 364
2 154 453
2 123 320
1 490 477
1 11 246
1 349 173
1 46 53
1 96 495
2 1 76
1 525 34
1 100 501
2 169 187
1 126 525
1 295 549
2 115 251
2 81 318
2 526 138
2 109 396
2 175 554
2 431 411
1 263 548
1 232 8
1 156 378
1 318 145
1 31 322
1 324 88
2 523 125
2 125 435
2 373 443
1 251 372
1 496 189
1 468 514
1 355 325
2 14 60
2 135 143
2 21 244
2 505 24
1 490 41
2 249 236
2 344 544
2 136 242
1 53 314
1 453 176
2 115 335
1 285 98
1 506 61
1 526 296
1 151 96
2 249 342
2 552 149
2 170 287
2 243 404
1 331 125
1 508 392
2 266 19
1 478 294
2 356 377
2 441 236
2 502 154
1 10 85
1 489 476
1 496 243
1 536 99
1 221 322
2 129 91
2 505 91
1 250 518
2 126 326
1 371 56
1 171 186
2 539 524
2 248 179
1 524 362
2 257 191
1 526 502
1 275 469
1 429 153
1 66 227
1 414 407
2 70 457
2 164 5
2 188 282
1 46 105
2 501 523
1 452 84
2 460 515
1 333 485
2 103 398
1 429 300
1 315 477
2 189 142
1 283 219
2 332 263
2 494 284
1 137 36
2 509 195
1 476 440
1 167 547
2 269 57
1 343 233
2 512 73
2 380 209
1 2 247
1 140 153
2 554 88
1 220 390
1 464 126
1 193 366
2 61 204
2 369 316
2 195 447
2 226 257
2 308 227
2 25 224
2 88 105
1 414 344
1 279 313
2 316 205
1 208 331
2 279 239
2 9 223
1 63 213
1 440 207
2 186 337
2 540 243
2 305 292
1 323 549
1 8 272
2 135 8
2 42 550
1 235 300
1 308 188
2 542 527
1 178 203
1 141 375
2 439 195
2 477 247
2 256 538
2 184 197
2 396 498
2 292 78
2 305 304
1 35 296
1 414 331
2 51 516
1 359 92
1 445 374
2 199 414
2 510 258
1 538 55
1 288 530
1 114 236
1 57 394
1 400 552
1 351 245
2 148 459
2 446 461
2 446 8
1 19 208
1 111 546
1 102 451
1 457 173
1 455 400
1 255 163
1 86 375
1 23 524
2 219 433
2 46 238
1 553 90
2 56 276
2 383 371
1 438 236
2 430 34
2 334 155
2 483 275
2 381 290
2 420 102
1 38 480
1 488 140
1 88 377
1 386 494
2 517 402
1 124 25
1 467 418
2 53 449
2 2 87
1 32 239
2 526 184
1 434 332
1 319 177
1 407 552
1 290 241
2 323 406
1 23 321
2 89 513
1 39 448
1 23 34
1 546 391
2 459 367
2 168 78
1 269 458
1 513 461
1 249 291
1 411 392
1 494 517
2 191 69
2 157 66
2 271 145
1 216 147
1 231 47
1 260 56
1 45 543
1 279 32
2 179 174
1 428 248
1 356 370
1 106 318
1 527 174
2 298 240
1 32 5
1 219 152
2 266 84
2 311 46
1 307 404
1 437 44
2 425 294
1 403 399
2 311 476
2 67 104
2 497 228
2 436 225
2 430 247
2 104 254
1 472 218
1 14 243
2 469 140
1 100 426
1 246 94
2 238 238
2 304 515
1 472 195
2 501 463
1 441 445
1 179 518
1 330 42
2 474 186
2 324 11
2 219 173
1 187 194
2 166 243
2 335 141
1 478 331
2 512 357
2 340 409
1 370 402
1 168 255
2 24 194
2 455 253
2 159 266
2 383 229
1 247 89
2 304 174
2 540 176
1 104 222
1 498 201
2 440 196
2 496 484
1 511 454
2 429 368
2 273 432
1 335 234
1 493 468
1 390 19
2 412 511
1 494 151
1 522 1
2 31 245
1 126 300
2 373 486
2 445 349
2 37 143
1 446 190
1 245 502
1 120 426
2 19 99
2 553 124
1 357 90
2 386 266
2 59 548
2 450 36
2 449 312
2 171 401
1 131 317
2 215 82
2 22 504
2 360 341
1 458 507
1 114 524
2 438 402
2 430 120
1 354 347
1 245 501
2 400 12
2 354 223
1 375 149
1 77 269
2 464 529
1 277 250
1 359 51
1 201 398
1 201 408
2 175 514
2 77 164
2 131 365
1 81 264
2 377 110
1 388 219
1 178 384
1 149 546
1 304 82
1 46 288
2 466 425
1 147 215
1 29 42
1 245 182
2 415 253
2 123 490
1 135 143
2 192 518
1 420 160
1 74 109
1 533 72
2 499 79
1 5 52
1 83 382
2 30 273
1 251 304
1 39 553
1 554 240
2 55 312
1 100 478
1 451 476
2 489 114
2 533 100
2 67 348
2 177 400
1 165 369
1 390 232
2 55 450
1 441 245
2 27 169
2 396 326
2 109 513
1 479 285
1 205 41
2 454 419
2 17 30
1 266 469
2 173 23
2 156 275
1 501 203
1 19 461
1 414 386
1 446 72
2 163 55
1 460 233
2 56 245
1 143 114
1 95 107
1 16 149
1 204 148
2 201 461
1 85 391
2 25 336
1 97 311
2 341 251
1 299 404
1 553 216
1 208 542
2 522 202
1 30 323
2 296 401
2 73 316
2 168 527
1 80 312
1 65 533
2 168 44
2 31 82
1 252 540
1 167 349
2 440 75
1 524 459
1 28 449
2 527 197
1 136 30
2 49 258
1 342 276
1 21 97
1 114 117
2 36 177
2 425 113
1 303 148
2 46 541
1 402 132
2 285 473
1 547 400
2 16 37
2 312 522
2 152 395
2 28 392
2 197 524
1 378 452
2 7 447
2 370 496
1 83 343
1 459 477
2 27 435
1 161 377
1 165 113
1 548 234
1 512 508
2 394 406
1 63 415
1 223 268
2 347 121
1 63 525
2 55 59
2 310 234
2 8 288
1 212 433
1 365 375
2 216 496
2 322 326
1 58 489
1 307 486
2 381 165
1 457 183
1 236 135
1 411 335
2 45 157
1 435 458
1 398 492
1 443 463
1 207 343
1 234 453
1 517 148
1 260 463
1 430 436
2 218 505
1 66 14
1 74 430
2 200 423
1 190 192
2 151 549
2 422 466
2 251 240
2 15 77
1 265 397
2 287 395
2 195 49
1 184 124
1 381 299
1 332 457
2 250 93
1 354 349
1 4 366
2 525 489
2 54 160
2 344 218
1 396 220
1 283 448
1 489 491
2 312 340
1 502 525
1 321 234
2 98 137
2 247 398
2 267 426
2 33 18
1 304 377
1 351 369
2 534 457
1 118 109
2 374 135
1 510 415
1 491 339
2 120 259
1 42 413
2 231 317
2 350 324
2 29 275
1 498 440
1 397 277
1 404 123
1 131 18
1 503 264
1 83 134
2 72 123
1 456 91
2 388 548
1 471 138
1 356 167
2 221 62
2 14 299
2 315 87
2 49 427
1 455 6
2 87 404
1 420 215
2 38 356
1 220 87
1 55 51
1 161 471
1 10 301
2 200 347
1 372 312
2 60 143
2 156 161
2 188 46
1 289 72
2 153 379
1 131 443
1 94 262
2 99 227
2 461 44
2 486 338
1 263 244
1 254 223
1 341 80
1 163 507
1 67 141
1 398 495
2 54 440
2 29 381
1 107 24
1 292 188
2 75 69
2 385 12
1 34 128
2 242 541
1 105 297
2 282 518
2 278 446
1 21 420
1 271 471
1 123 332
2 276 521
1 482 3
1 43 498
2 433 34
2 358 269
1 341 134
2 524 104
2 88 504
2 158 34
2 118 108
2 90 109
1 468 367
1 432 146
1 279 367
1 331 535
1 90 413
1 122 404
1 549 135
2 407 257
2 252 143
2 78 18
2 47 540
1 30 260
2 491 438
2 182 160
1 87 469
2 419 535
2 190 320
1 104 132
2 462 395
1 137 234
1 486 194
2 345 467
2 274 354
1 340 42
1 309 24
2 304 39
2 138 325
2 366 429
1 389 100
2 249 226
1 388 302
1 476 243
2 381 262
2 397 506
2 60 199
2 552 351
1 165 305
2 532 140
2 53 273
2 8 5
2 303 25
1 170 63
1 455 386
2 162 250
2 507 458
1 252 62
1 79 468
2 407 481
2 96 126
1 217 273
1 492 310
2 457 286
2 173 515
1 398 224
1 117 461
1 521 304
1 472 221
2 406 394
2 156 330
1 280 294
2 367 467
2 197 289
1 398 112
1 401 515
1 128 181
2 410 21
1 526 282
2 213 524
2 494 26
2 261 257
2 144 77
2 327 91
2 223 125
1 375 246
2 113 216
1 488 280
1 125 371
2 210 239
2 237 82
1 36 343
1 234 13
2 239 257
2 367 269
2 12 367
2 462 101
2 160 214
2 68 306
1 214 250
1 175 292
1 534 428
2 117 432
2 507 170
2 534 483
1 438 387
2 386 553
2 350 384
2 553 155
1 467 399
1 544 169
1 430 175
1 134 446
1 365 377
2 140 275
1 417 352
2 494 75
1 258 152
2 347 350
2 216 475
1 272 111
2 374 353
1 484 138
1 59 386
1 337 229
1 27 380
