715 347
1 10 487
1 159 589
2 248 175
1 614 499
1 326 178
1 212 316
2 703 267
2 622 9
1 661 438
1 521 405
1 698 247
2 270 117
2 47 700
2 163 83
2 91 392
1 394 438
1 179 108
2 673 69
1 442 133
1 404 338
2 424 91
2 615 478
2 137 395
2 236 296
1 412 452
2 36 489
1 56 466
1 320 392
1 182 516
2 511 141
2 615 291
2 259 3
1 482 693
1 122 2
1 270 513
1 266 619
2 423 356
2 376 350
1 120 121
1 45 227
1 700 602
2 112 58
1 238 431
2 500 375
2 90 642
2 592 535
1 385 60
2 118 178
2 118 666
1 345 268
2 288 273
1 201 522
1 539 282
2 376 255
1 102 380
1 696 711
1 220 88
2 60 269
2 595 14
1 528 630
2 3 144
1 83 649
1 565 705
1 185 166
1 580 303
2 162 583
2 275 355
1 304 591
1 469 395
1 40 338
1 323 174
2 95 648
1 484 338
2 398 254
1 597 698
1 378 488
2 651 288
2 159 271
1 442 5
2 428 71
2 634 187
2 630 199
2 353 533
1 204 302
2 44 394
2 386 346
2 147 575
1 407 11
1 20 168
2 416 256
1 463 520
2 657 488
1 215 188
1 26 256
1 567 632
2 530 530
2 340 569
2 166 327
2 109 506
2 59 72
1 516 468
1 75 629
2 457 656
2 283 104
1 475 449
1 560 543
2 545 462
1 689 466
2 138 673
2 116 271
1 121 385
1 512 529
1 135 567
2 456 609
1 421 171
2 106 591
1 703 508
1 63 261
2 36 551
1 96 11
1 591 564
1 334 590
2 696 629
1 618 135
2 465 328
2 556 676
2 396 202
1 696 332
2 397 95
2 107 197
2 457 689
2 171 147
2 456 475
1 529 700
2 495 253
2 244 80
1 684 615
2 174 37
2 247 458
1 391 186
2 710 313
1 163 200
1 663 321
2 87 487
1 49 337
1 582 696
2 517 50
1 419 466
1 342 363
2 209 276
2 569 449
1 441 485
1 250 644
2 431 2
2 684 382
2 13 441
2 299 649
2 573 31
2 433 276
1 473 132
2 118 85
1 693 221
2 429 471
2 292 94
2 696 355
1 382 464
1 71 270
2 499 595
2 398 578
2 198 2
1 608 629
1 184 64
2 6 622
1 641 631
2 278 147
1 292 44
2 461 138
1 604 615
1 700 562
2 210 631
1 24 601
1 11 154
2 200 534
2 580 368
2 666 362
2 295 325
1 92 465
1 66 454
1 82 685
2 162 267
2 568 426
1 88 353
1 511 402
2 377 470
1 155 668
2 147 342
2 634 448
2 105 399
2 246 474
1 515 147
2 44 591
1 449 190
2 314 558
2 127 714
1 55 181
1 190 227
1 440 339
1 81 356
1 673 170
1 277 450
1 480 144
1 262 41
2 298 697
2 626 425
1 348 534
2 671 538
1 555 370
1 468 438
1 158 673
2 268 100
1 303 713
2 568 84
2 347 508
1 341 205
1 668 142
1 340 3
1 313 173
2 77 650
1 482 352
2 349 427
2 703 480
2 395 535
2 538 116
2 586 182
2 145 113
1 380 183
1 337 361
2 389 438
1 218 289
1 462 205
2 340 347
1 444 593
1 349 677
1 543 202
2 611 377
2 469 599
2 607 711
1 337 517
1 410 152
2 652 342
2 594 195
2 552 351
1 665 578
2 708 661
2 376 425
2 196 605
2 677 604
2 695 514
2 393 230
2 597 260
1 510 73
1 529 467
2 247 431
1 197 408
2 278 96
1 659 617
1 424 384
1 599 322
1 127 396
2 708 514
2 78 665
1 273 359
2 495 113
2 556 4
1 313 482
2 220 460
1 288 374
1 465 583
1 570 689
2 525 681
1 445 66
2 528 138
1 516 140
2 22 275
2 657 365
1 207 158
1 712 471
1 684 456
2 344 362
2 603 38
2 335 364
2 239 143
1 589 135
1 222 517
2 240 393
1 408 504
2 302 538
2 715 394
2 446 93
2 290 178
1 257 113
1 11 183
1 553 243
1 238 22
2 706 261
1 563 176
2 507 267
1 251 558
2 524 381
2 596 411
1 683 103
2 367 409
2 191 445
2 564 105
1 670 82
1 572 436
1 604 579
2 346 22
2 437 291
1 321 671
1 572 5
1 32 346
1 113 66
2 441 668
1 257 544
1 340 708
2 409 194
2 390 415
1 599 499
2 611 177
1 469 639
2 641 474
1 54 213
2 201 273
1 706 219
2 138 571
2 91 150
2 655 79
1 319 84
1 251 130
1 239 149
1 366 197
1 399 399
2 414 172
2 401 14
2 521 664
2 667 62
