886 237
1 758 526
2 120 400
1 580 464
2 85 487
2 274 97
1 230 799
2 113 427
2 7 221
1 543 467
2 730 701
2 176 765
1 161 291
1 171 373
1 407 289
1 503 561
1 255 156
2 572 272
1 65 565
1 395 879
2 221 841
2 538 265
1 347 877
1 676 126
1 4 152
1 530 864
2 721 780
2 144 713
2 77 361
1 355 517
2 216 193
2 832 532
2 336 549
2 288 289
1 101 152
2 657 626
1 610 644
1 562 828
2 518 450
2 126 621
2 300 543
2 560 309
1 315 701
2 167 338
1 638 701
1 76 406
1 481 325
1 116 364
2 83 49
2 249 226
1 157 809
2 881 568
1 41 67
2 53 704
2 688 273
2 819 319
2 18 768
2 849 19
1 31 402
2 767 780
1 859 190
1 184 798
1 117 485
1 688 387
1 376 676
1 843 498
1 536 184
2 276 622
2 462 65
1 883 555
1 505 647
2 21 50
1 779 397
1 25 582
2 193 321
1 605 547
2 626 516
2 258 47
1 690 667
2 92 245
1 606 687
1 35 328
1 270 505
1 786 525
2 616 814
2 548 348
2 134 254
2 554 163
1 682 171
2 161 140
1 70 293
2 782 51
2 494 304
1 277 585
1 792 857
2 137 250
2 120 147
1 217 441
1 288 706
1 174 119
1 644 298
1 522 747
2 315 119
2 244 474
2 75 453
1 815 545
1 713 547
2 823 278
2 745 679
1 612 515
1 176 91
1 549 879
1 610 510
1 853 97
1 702 229
2 175 620
2 164 269
2 455 25
1 697 511
1 542 365
2 834 576
1 77 364
2 499 700
1 427 254
1 569 840
1 300 571
1 376 35
2 34 45
1 700 152
2 9 728
2 616 254
2 545 506
1 631 404
2 582 832
1 508 349
1 670 139
1 49 634
2 9 629
2 102 413
1 397 143
1 398 574
1 241 386
2 682 156
1 302 507
2 598 785
2 375 509
1 169 692
1 321 314
2 619 199
1 618 708
2 475 823
1 626 635
2 131 388
1 687 643
2 510 729
1 519 124
2 577 405
1 624 419
2 505 523
1 283 156
2 192 22
1 808 834
2 279 576
2 234 523
1 792 250
1 748 867
2 302 312
1 441 50
1 858 408
2 831 584
1 768 419
1 97 756
2 313 64
2 784 309
1 480 10
2 106 253
1 852 555
2 248 156
2 535 64
2 475 386
2 345 380
1 134 204
2 443 452
2 163 465
1 211 793
1 494 743
1 876 860
1 562 642
1 311 222
2 820 390
2 71 265
1 578 24
2 454 111
1 813 369
2 373 631
1 204 33
1 716 40
1 808 819
1 559 793
2 859 105
2 75 450
2 794 317
2 26 313
2 194 708
1 841 396
2 162 854
2 278 544
1 628 536
1 318 855
1 449 17
1 45 499
2 428 841
1 808 796
1 381 764
1 664 521
2 321 794
1 308 841
2 212 129
1 53 172
1 443 810
2 624 532
2 425 64
2 643 595
2 475 661
1 733 79
1 367 843
2 401 666
1 524 20
2 526 62
1 64 497
1 665 839
1 564 117
2 811 98
1 505 428
2 561 207
2 297 50
1 307 806
2 413 679
