976 252
2 392 958
1 163 953
2 506 697
1 660 134
1 798 688
2 38 692
1 828 275
2 714 410
2 374 477
2 805 329
2 94 200
2 271 957
2 943 743
2 15 792
1 53 640
1 632 296
1 315 7
1 848 699
2 237 862
1 640 554
2 435 267
1 200 385
1 841 653
2 72 471
1 133 753
2 682 897
2 423 285
1 129 915
2 316 529
1 842 615
2 714 283
2 517 255
1 211 35
2 342 421
2 464 344
1 692 800
2 321 954
1 447 105
1 395 370
2 500 548
2 232 558
1 656 130
2 280 316
2 934 641
2 876 401
1 670 720
2 179 15
2 427 365
2 962 32
1 264 70
1 818 427
2 170 407
2 536 870
2 425 674
2 73 873
2 727 410
2 59 760
1 77 246
2 176 835
2 821 646
2 659 821
1 694 106
2 618 653
2 627 319
2 886 559
1 843 9
1 902 586
1 37 239
2 867 94
2 839 428
1 671 286
2 519 249
1 706 218
1 544 893
2 271 803
1 715 270
1 571 439
1 506 205
1 565 765
1 593 111
1 721 422
1 424 250
1 123 508
1 776 842
2 164 932
2 937 246
2 630 828
1 134 251
2 681 256
2 315 118
1 264 90
1 649 699
1 452 85
1 899 579
2 250 593
2 42 73
1 755 286
2 493 160
1 880 711
1 756 116
2 636 794
1 973 81
2 295 935
1 5 455
2 523 77
1 739 291
1 216 867
2 611 628
1 754 857
2 734 489
1 713 34
1 813 256
2 282 822
1 656 309
2 94 955
2 697 619
2 638 688
1 81 525
1 113 947
1 521 679
2 597 827
2 595 931
2 55 438
2 553 730
1 17 447
2 540 218
1 231 640
2 634 400
2 715 234
2 329 83
1 93 75
2 296 374
1 178 663
2 730 797
1 902 872
1 605 266
2 975 447
2 714 338
1 349 540
2 807 361
1 405 722
2 168 365
2 356 566
1 450 336
2 834 771
2 776 827
1 601 771
1 506 384
1 526 32
1 147 684
2 174 543
1 905 310
2 390 174
1 202 501
1 198 723
1 761 347
2 898 487
2 451 609
2 119 512
2 370 858
1 600 281
2 161 505
1 34 744
2 456 487
2 555 347
1 461 768
1 850 809
2 906 190
1 901 334
1 328 718
2 331 876
2 970 292
2 669 953
2 945 680
2 63 956
2 117 958
1 663 152
2 318 569
1 146 123
2 748 789
2 605 787
2 303 382
1 808 933
1 137 734
1 587 326
2 812 317
2 200 912
1 753 167
2 644 487
2 371 523
2 943 11
2 289 665
2 902 10
1 887 446
2 329 638
2 259 59
2 45 732
1 211 749
2 87 607
2 928 140
1 289 744
2 538 652
2 713 477
2 971 463
2 484 559
1 579 815
1 967 30
2 745 263
1 397 261
1 417 626
1 343 279
2 343 967
1 68 595
2 298 894
2 879 576
2 268 964
2 357 333
1 144 766
2 138 701
2 123 849
2 116 761
2 384 641
2 734 486
2 625 646
2 233 430
2 33 33
2 948 249
2 158 88
1 527 266
2 814 597
1 557 477
1 375 338
1 868 805
1 420 957
2 774 391
2 820 301
2 98 354
2 611 153
2 193 843
1 322 495
1 945 306
2 707 508
2 891 402
2 70 939
1 427 847
1 666 150
2 415 470
2 598 8
1 189 719
2 848 774
1 898 907
2 969 778
