320 127
1 142 261
2 147 32
1 201 37
2 91 118
2 148 53
1 205 2
1 278 155
2 29 280
2 293 164
1 102 114
1 225 136
1 281 77
2 298 177
2 283 94
1 98 251
1 249 124
1 90 11
1 295 64
2 187 297
2 258 162
1 288 97
1 135 132
1 225 314
2 162 18
1 202 133
2 2 138
2 315 260
2 198 40
2 148 197
1 48 225
2 153 152
1 189 39
2 32 58
2 149 318
1 22 109
2 265 197
1 110 136
2 2 2
2 211 70
2 244 136
1 80 165
1 98 97
2 228 29
2 223 141
2 196 65
2 209 200
1 120 280
2 187 191
2 235 310
1 49 106
1 51 195
2 36 251
2 44 14
1 264 60
1 105 127
1 308 61
2 79 215
1 201 96
1 107 110
1 154 186
2 215 47
2 256 223
1 273 259
2 231 291
2 246 270
1 234 5
1 135 68
1 305 305
2 94 101
1 120 208
2 158 238
1 126 76
2 290 153
1 286 12
1 129 18
1 10 312
2 8 150
1 157 226
1 263 213
2 308 114
1 77 96
2 30 49
1 122 302
2 244 259
1 268 150
2 149 19
1 11 256
1 285 212
2 34 186
1 269 310
2 195 181
2 242 281
1 288 159
1 290 30
2 182 282
1 101 177
2 201 104
2 57 291
1 203 96
2 49 171
1 103 24
2 167 66
2 313 187
2 110 135
2 36 286
2 139 27
2 203 17
1 211 25
2 219 216
1 237 228
2 71 73
1 123 55
1 209 238
1 212 245
1 298 108
2 103 120
2 290 4
1 161 210
1 115 280
2 109 241
2 143 247
2 213 111
1 297 279
1 61 219
1 5 162
2 118 78
1 218 148
