496 813
1 260 365
1 410 452
1 459 276
2 83 241
1 160 342
1 210 487
2 270 351
1 246 369
2 338 142
1 22 160
1 397 338
1 425 66
2 399 213
1 462 27
2 155 279
1 161 109
1 62 385
1 250 75
2 470 187
2 209 444
2 358 41
1 172 470
2 173 425
1 292 236
1 114 444
2 493 230
2 195 172
2 11 90
2 353 363
2 6 288
2 321 405
2 218 270
1 376 82
2 278 84
1 135 139
1 87 103
1 25 328
1 421 75
1 121 220
1 231 426
2 487 247
2 158 18
2 299 41
2 373 175
2 121 262
1 112 258
2 70 144
1 330 288
1 436 396
1 71 173
2 41 363
2 456 291
1 216 496
2 229 467
2 283 76
2 92 287
2 381 198
2 173 442
1 312 304
2 191 399
2 194 306
2 52 467
1 401 300
2 160 69
1 251 323
1 26 384
2 33 423
1 167 1
2 27 374
2 111 480
1 474 331
1 74 303
2 47 63
1 67 221
2 176 179
1 365 204
2 244 438
2 435 407
2 136 438
2 214 53
1 88 37
1 316 274
1 49 423
2 454 52
2 273 108
2 270 259
2 92 327
2 225 126
2 312 113
2 277 256
1 29 429
2 287 369
1 256 479
2 393 13
1 314 18
1 311 147
1 244 439
2 46 134
1 249 237
1 467 86
1 366 139
1 401 328
1 487 173
1 101 225
1 174 107
2 480 443
2 246 158
2 228 376
1 138 403
1 315 83
1 104 85
1 415 343
2 285 425
2 406 128
2 115 101
2 29 196
1 13 60
2 323 301
1 121 252
1 280 360
2 448 85
2 127 294
2 300 232
1 228 232
2 422 420
2 300 144
1 350 343
1 227 370
2 482 321
1 368 141
1 75 378
1 338 153
2 87 179
1 430 235
2 49 492
1 454 421
2 300 80
1 411 351
1 430 399
2 257 369
1 219 210
1 205 105
1 404 294
1 49 420
1 395 275
2 58 427
2 52 358
1 216 119
1 78 97
1 93 63
2 397 258
1 404 354
2 450 480
1 451 76
2 161 182
1 389 164
1 376 78
1 345 232
1 185 97
1 157 474
1 166 479
1 206 110
1 356 150
1 478 387
1 228 76
2 389 243
2 103 357
1 476 494
2 2 126
1 21 390
1 465 344
1 341 74
2 234 142
2 465 451
2 188 88
1 461 107
1 143 107
1 154 458
2 214 287
1 188 209
1 354 421
2 162 358
2 79 129
2 169 488
2 311 333
2 408 8
2 473 448
1 220 369
1 413 478
2 137 57
1 64 102
1 281 426
2 204 350
2 464 47
2 19 267
1 280 282
1 190 255
2 164 377
2 131 374
1 425 208
1 68 245
1 120 127
1 96 484
1 410 69
1 452 294
2 249 12
1 397 386
2 73 437
2 322 84
2 110 392
1 56 354
1 212 481
1 252 386
2 279 181
2 9 110
1 124 436
2 222 328
2 55 327
2 207 439
1 396 84
2 96 315
1 19 441
1 246 334
2 41 98
1 324 259
2 99 434
2 290 342
1 27 408
2 289 32
2 130 469
2 39 236
1 132 273
1 230 326
1 474 370
1 221 362
2 483 222
1 431 66
1 374 313
1 303 242
2 35 141
2 89 118
1 120 340
2 122 151
1 88 116
1 286 470
2 98 89
1 303 41
2 129 80
1 288 360
2 309 45
1 165 486
1 399 401
2 441 496
2 392 168
1 292 354
1 178 190
2 350 128
2 36 274
2 171 145
1 103 274
2 171 360
2 134 467
2 363 195
2 315 378
2 44 105
1 43 160
1 321 268
1 148 133
2 376 479
1 20 395
1 474 87
1 194 313
1 208 430
1 423 324
1 390 185
1 285 54
1 431 228
1 419 344
1 103 398
1 97 433
2 169 122
2 5 132
2 93 204
1 318 482
1 150 496
2 183 30
2 222 176
1 18 399
2 333 331
2 32 62
1 153 131
2 270 268
1 229 79
1 309 437
2 7 120
1 7 182
1 443 141
1 41 290
2 10 124
1 105 488
1 130 273
2 295 94
1 181 245
1 153 237
1 462 257
1 20 348
2 46 419
2 272 426
2 158 272
2 53 475
2 11 223
2 36 1
2 86 162
1 332 393
2 207 189
2 113 145
1 116 45
1 154 486
2 313 238
1 491 328
1 179 367
1 140 208
1 344 165
2 403 352
2 353 60
1 394 111
2 237 362
1 488 421
2 397 287
2 267 284
1 415 40
2 181 400
2 200 56
1 233 484
1 157 387
2 180 489
1 203 183
2 363 348
2 419 246
1 448 137
2 277 229
2 456 370
1 22 67
1 162 490
1 225 426
2 452 403
1 440 31
1 72 470
2 265 243
2 199 483
1 62 318
1 461 406
1 98 64
2 380 332
1 284 244
2 159 460
1 432 329
2 184 270
1 13 227
1 1 205
1 471 255
2 488 366
2 334 431
2 293 72
1 351 64
2 308 494
2 37 305
1 306 10
2 453 78
1 85 428
2 86 238
1 404 420
1 56 387
1 447 152
2 398 404
1 16 71
2 150 259
1 118 360
2 338 172
1 57 386
1 231 273
2 75 481
2 171 463
2 377 71
2 403 308
1 51 186
2 118 208
2 123 371
2 491 274
2 491 125
2 486 149
1 386 102
2 423 220
2 319 273
1 195 328
2 222 299
2 218 141
2 475 447
2 35 384
1 222 81
1 62 467
2 346 408
2 82 115
2 282 386
1 296 44
2 210 29
2 58 383
1 323 50
2 64 298
2 311 130
1 135 1
1 430 452
1 11 344
2 205 149
2 198 317
1 283 198
1 46 405
1 298 496
2 91 458
2 241 65
2 280 167
1 218 119
2 188 133
1 72 68
1 93 121
1 213 246
2 439 96
2 459 479
1 378 390
1 340 53
1 433 474
2 452 319
2 382 29
1 490 493
2 29 453
1 281 58
1 282 328
1 108 496
2 384 125
1 43 383
2 432 192
1 155 282
1 403 384
2 294 484
2 388 435
1 25 166
2 399 185
2 291 318
2 24 387
1 42 345
1 99 251
2 494 127
1 34 3
1 328 299
1 288 165
2 206 78
2 166 276
2 24 444
1 306 256
1 372 278
1 189 7
2 303 126
1 3 151
1 414 280
2 493 362
1 410 166
2 287 101
2 379 330
2 165 3
1 431 176
2 270 83
2 478 73
2 348 182
1 325 256
1 283 162
1 308 463
1 444 249
2 61 82
2 110 123
2 421 102
1 241 393
2 172 12
2 321 90
1 149 13
2 431 338
1 65 101
1 100 166
1 100 102
2 287 191
1 276 52
1 410 188
1 365 392
1 46 339
1 455 343
2 357 234
1 268 143
2 386 398
1 202 280
1 14 151
2 258 259
2 290 478
2 420 479
2 395 420
2 186 309
2 370 487
1 466 384
1 380 226
2 405 64
2 190 6
1 253 438
1 141 138
2 276 479
2 471 400
2 212 127
1 449 470
1 220 316
2 99 323
2 285 470
2 339 64
2 57 182
1 434 104
1 492 263
1 239 341
2 311 247
1 211 261
1 336 309
1 418 481
2 286 380
2 378 10
1 373 455
1 483 432
2 450 82
2 80 489
2 354 59
1 17 342
2 95 419
1 399 82
1 431 468
2 200 74
2 33 209
2 260 115
2 148 158
2 69 166
1 191 240
1 31 475
2 15 38
1 406 131
2 341 213
1 478 268
1 75 325
1 400 325
2 359 313
2 419 48
1 77 296
2 425 483
1 201 205
1 340 424
1 67 378
1 270 187
2 411 14
1 356 444
2 327 220
1 128 138
1 241 439
1 473 232
2 231 447
2 85 315
1 453 41
1 387 235
2 471 323
2 11 162
2 495 102
1 178 495
2 164 311
2 176 432
1 345 414
2 133 114
1 349 365
1 88 160
1 162 80
2 194 470
2 340 247
1 158 385
2 228 137
1 235 146
1 202 233
2 144 293
2 267 200
2 193 202
2 146 223
2 311 94
1 211 216
1 442 227
2 495 473
2 305 160
2 139 301
2 5 26
2 91 8
2 462 230
1 250 329
2 334 396
1 343 124
2 234 189
1 69 118
2 475 25
2 252 158
2 344 18
1 168 334
1 457 215
2 271 411
2 214 202
1 224 306
1 54 159
2 2 240
2 181 344
1 492 222
2 308 442
2 466 417
1 45 252
1 79 83
1 59 181
1 191 180
1 132 62
1 492 126
1 360 408
1 139 322
1 15 2
2 107 87
2 63 192
2 302 383
1 210 272
2 40 424
2 422 264
2 460 296
1 9 321
1 116 177
2 141 96
1 321 196
2 353 254
2 451 494
2 419 322
2 319 286
1 71 92
2 131 417
2 302 494
1 208 440
2 207 346
2 152 92
2 206 468
1 369 109
2 433 112
2 92 151
1 142 420
1 377 7
2 265 472
2 62 445
2 314 212
2 451 174
2 314 40
2 483 21
2 452 349
1 82 375
1 392 478
1 199 437
1 146 309
1 187 348
1 486 459
2 241 298
1 206 141
2 57 239
1 249 49
2 281 387
1 42 246
2 409 459
1 338 129
1 66 237
2 491 335
1 379 163
2 314 274
2 16 75
2 253 188
2 58 301
1 443 64
2 239 481
1 382 260
1 458 263
2 484 393
2 212 306
1 95 285
2 84 162
2 89 16
2 476 426
2 135 192
2 373 330
1 388 258
1 482 13
1 409 478
2 267 475
2 53 232
2 129 267
2 433 375
1 261 328
1 116 401
2 419 22
1 299 59
1 135 251
2 121 274
1 119 68
1 472 441
1 242 427
1 55 165
1 153 43
1 386 50
2 52 151
2 352 114
2 282 156
1 421 480
2 43 446
1 453 378
1 23 171
2 357 176
1 381 225
1 262 211
2 410 372
2 174 161
1 49 304
2 320 484
2 391 413
1 394 467
2 21 308
1 23 69
2 11 405
2 474 120
2 186 69
1 237 390
2 275 206
1 400 207
2 119 331
1 491 157
1 379 111
1 295 441
2 451 463
2 9 334
1 359 98
2 338 184
2 361 87
1 15 442
2 315 69
2 32 453
1 333 71
2 380 263
1 357 371
1 356 118
2 458 122
2 244 387
2 412 422
2 440 264
1 52 332
2 249 288
2 373 221
2 2 285
2 21 482
1 455 80
1 170 69
1 432 376
2 426 165
1 474 392
1 102 275
2 302 266
1 277 7
1 208 349
1 69 233
1 127 131
2 25 458
2 414 371
1 415 174
2 428 445
2 311 81
2 405 210
2 191 134
1 437 233
2 198 440
1 10 391
1 313 42
2 426 153
1 213 304
2 53 281
1 69 171
2 347 453
1 158 429
2 221 10
1 102 474
2 123 169
1 282 376
1 493 435
1 110 356
1 215 395
2 1 48
2 6 80
2 225 414
1 150 292
2 251 18
1 180 361
1 169 383
1 17 477
1 371 161
2 63 257
1 239 263
2 379 337
2 41 172
2 333 142
2 370 443
2 427 96
