621 821
1 330 372
1 589 534
1 102 301
2 488 263
2 76 168
1 308 357
1 280 408
1 419 443
2 356 573
1 609 404
1 49 545
1 509 9
1 494 410
1 395 489
1 336 161
1 166 535
1 2 33
2 233 189
2 538 243
1 405 132
1 575 418
1 206 456
2 610 545
1 488 266
1 340 306
2 473 228
2 194 473
2 546 115
2 393 143
1 79 40
1 296 305
1 492 586
2 108 559
2 599 83
2 201 236
1 452 353
1 287 361
2 217 328
2 620 105
2 441 448
1 595 57
2 135 404
1 491 66
1 607 620
1 77 354
1 248 419
1 56 130
2 263 96
2 190 577
1 339 470
2 56 522
1 466 270
1 161 18
2 338 282
2 278 184
1 394 16
1 426 1
2 512 424
2 449 22
2 55 416
2 193 315
1 214 175
1 535 392
2 286 546
1 4 30
2 586 483
2 446 504
2 436 100
2 614 356
2 479 293
1 573 526
1 34 448
1 600 76
1 612 326
2 187 222
1 514 48
1 226 486
1 603 89
2 36 391
1 313 318
2 583 66
1 481 528
2 298 267
1 450 440
1 127 357
1 258 339
1 233 95
1 191 12
1 372 447
2 172 142
1 531 208
1 465 220
1 500 240
2 482 255
2 104 118
1 562 582
2 259 344
1 259 60
1 130 395
2 548 509
1 540 552
1 488 401
2 610 306
2 194 527
2 123 97
2 384 133
1 241 91
1 422 144
1 217 171
1 493 37
2 26 392
1 191 619
2 36 609
2 268 586
1 92 163
1 13 291
1 273 235
1 356 175
1 396 170
2 441 169
1 454 242
1 269 276
1 399 180
1 365 384
2 71 425
2 242 301
2 464 326
1 464 333
1 480 514
2 71 196
1 68 51
2 85 343
1 595 385
2 149 222
1 486 271
1 302 111
2 371 270
2 519 30
1 448 197
1 403 9
2 242 233
2 137 387
1 585 586
2 107 607
2 250 70
2 119 201
1 198 132
1 357 407
1 359 219
2 181 108
2 323 392
1 465 558
2 616 618
1 232 592
2 448 267
1 610 138
2 410 544
1 568 476
1 14 535
2 181 68
2 401 601
1 570 411
1 135 332
1 211 27
1 448 516
2 343 467
1 457 435
1 524 562
1 313 27
1 577 398
2 486 122
1 236 417
2 525 594
2 454 189
2 21 103
1 512 564
2 504 228
1 306 572
1 47 320
1 604 355
2 407 552
2 460 196
2 276 586
1 178 504
1 577 257
1 102 259
2 94 88
1 85 502
2 564 247
1 118 246
2 492 11
1 224 600
2 517 126
1 431 61
2 454 54
1 556 69
1 129 526
1 544 148
1 268 457
1 181 538
2 318 512
2 280 423
1 434 119
1 28 221
2 281 11
1 43 22
1 82 607
2 181 493
1 66 98
2 37 532
1 598 133
1 57 475
2 277 87
1 359 339
2 196 486
2 116 210
1 214 31
2 302 318
2 332 243
2 503 353
1 368 338
1 277 121
2 321 252
2 1 574
2 118 477
2 259 326
1 161 513
1 43 107
2 499 39
1 148 116
2 117 239
1 214 600
1 373 440
2 283 179
2 339 411
1 477 279
2 588 264
1 165 553
1 18 32
1 342 165
2 281 365
2 148 173
1 166 29
2 222 268
1 492 261
2 504 166
2 72 359
2 439 486
1 519 116
1 571 43
1 174 199
1 524 139
1 189 94
2 249 187
1 261 604
2 293 273
1 278 236
1 36 308
2 335 109
1 58 435
1 244 17
2 291 267
2 375 122
1 507 579
2 177 451
2 14 159
2 437 447
2 207 246
2 439 568
1 605 411
2 75 99
2 17 41
2 616 481
1 3 621
1 161 54
1 176 13
1 19 450
2 206 337
1 300 291
1 484 490
2 316 366
2 541 278
1 204 171
1 268 612
1 423 459
1 342 16
2 509 31
1 134 540
1 108 545
2 111 145
1 529 68
2 316 95
2 592 161
2 232 472
2 147 489
2 271 481
1 270 129
2 83 273
2 316 258
2 529 121
1 515 160
1 111 118
2 128 558
1 95 237
2 153 195
1 483 33
2 530 188
1 496 422
1 371 36
2 532 542
2 516 70
2 610 468
1 293 427
2 488 279
1 235 595
1 620 61
1 143 380
1 437 272
2 196 155
1 35 197
2 388 468
2 561 406
2 325 587
2 591 175
2 53 592
2 599 296
2 448 140
2 591 324
1 317 177
2 372 141
2 61 13
2 56 544
1 58 618
2 265 73
1 262 142
2 431 106
2 372 322
1 328 302
1 345 84
2 160 540
2 468 174
2 417 210
1 114 13
1 212 169
1 502 309
1 597 284
1 290 226
2 119 150
2 578 201
2 70 20
2 253 504
2 274 391
2 83 488
1 599 149
2 98 377
1 230 395
1 197 34
2 63 30
1 347 387
2 434 63
2 551 13
1 111 372
1 311 449
1 497 158
2 577 138
2 213 159
1 312 336
2 376 368
1 328 433
1 206 237
1 186 66
2 428 481
1 612 368
2 95 433
1 305 58
2 403 399
1 479 172
1 181 136
2 180 230
2 583 88
2 410 207
1 145 586
1 82 606
2 230 28
1 278 537
2 245 82
2 11 399
2 143 238
1 267 19
2 39 607
2 68 129
1 241 55
2 621 163
1 56 529
1 101 302
1 134 587
1 372 138
1 112 375
2 186 86
2 506 284
2 113 429
1 365 182
2 604 215
2 52 359
1 49 548
1 127 229
1 247 482
2 120 568
1 308 452
1 4 384
2 506 589
2 371 517
1 75 540
2 151 228
2 453 420
2 510 250
2 447 332
1 69 379
2 127 542
2 565 59
2 135 242
1 388 558
1 278 49
2 406 576
1 170 503
1 614 257
2 223 376
1 294 68
2 428 297
2 499 83
1 60 290
1 377 614
2 132 437
2 486 221
2 476 232
1 167 583
1 309 4
2 213 372
1 175 191
2 265 111
1 374 299
1 252 20
1 253 553
2 387 285
1 102 48
2 209 284
1 259 170
2 421 41
1 88 214
1 120 385
1 390 156
1 222 15
1 253 52
2 244 431
2 231 141
2 321 575
1 37 586
1 365 439
1 390 585
2 403 420
1 151 232
2 442 291
1 195 422
2 487 520
1 311 426
1 227 340
1 1 2
2 498 149
2 328 423
1 80 552
1 213 558
1 557 304
1 265 512
1 181 342
1 340 531
1 469 425
1 13 440
1 49 518
1 515 77
2 315 558
1 315 305
2 361 187
1 608 556
1 142 394
2 503 100
2 431 231
2 598 435
2 159 127
1 436 544
2 240 50
1 500 400
2 154 355
1 498 69
2 488 76
1 361 63
1 360 391
1 357 587
1 117 265
1 233 247
2 29 411
1 467 287
2 550 487
1 495 29
1 12 468
1 313 433
2 414 576
2 1 10
1 212 347
2 267 587
2 445 443
2 19 6
1 346 33
1 447 144
2 260 471
2 407 218
2 263 495
1 118 146
2 615 35
2 107 301
1 17 217
2 581 530
1 215 213
1 588 2
2 139 615
2 126 528
2 278 280
2 421 188
2 213 539
1 617 161
1 365 518
2 112 271
2 11 531
2 167 70
1 346 345
2 262 104
1 538 548
1 521 591
1 32 272
2 510 611
1 568 208
1 613 208
1 608 544
2 192 257
1 541 495
1 334 153
2 257 324
2 379 214
1 310 134
1 203 461
1 465 460
2 528 482
2 38 255
2 69 206
1 490 70
1 280 74
1 598 260
2 453 465
1 592 123
2 284 335
2 249 523
2 91 613
2 488 617
1 344 285
1 296 429
2 403 611
1 530 140
2 50 193
1 479 242
1 339 181
2 83 481
1 188 106
2 145 537
2 132 216
2 309 116
1 494 566
1 469 201
2 451 495
1 52 469
1 362 400
1 107 441
1 3 158
2 10 106
2 316 505
1 408 389
2 451 164
2 424 433
1 414 312
1 210 63
2 318 561
2 157 563
1 95 470
2 616 432
2 250 527
1 294 365
1 445 435
2 425 436
1 300 553
2 396 223
1 126 181
1 512 402
1 360 16
1 110 555
1 200 95
2 92 348
1 24 418
1 475 601
2 192 327
1 421 597
2 439 476
2 24 171
1 251 116
1 89 142
1 121 96
1 571 330
1 113 484
1 306 249
2 176 289
1 509 181
1 8 258
2 283 488
1 160 310
2 479 525
1 527 352
1 479 37
2 416 496
2 516 475
1 448 205
2 334 568
2 98 139
1 367 607
2 90 498
2 534 276
1 8 429
2 19 534
1 345 282
1 259 71
1 379 480
2 527 262
2 460 507
2 132 260
1 291 540
2 364 261
2 53 172
2 160 504
2 392 529
2 191 161
2 357 321
2 340 244
1 105 429
2 120 426
2 131 76
2 229 208
2 571 319
2 184 431
1 333 370
2 432 190
1 390 221
2 398 126
2 541 226
2 230 342
2 289 123
1 51 196
1 601 574
2 81 94
2 348 441
2 361 459
2 22 185
2 313 25
2 235 329
2 113 37
1 417 283
2 365 608
2 367 279
2 115 351
2 295 213
1 261 545
1 306 389
2 514 456
1 203 312
2 183 92
1 239 97
1 507 617
2 523 304
1 288 237
1 55 282
2 268 266
2 582 66
2 28 305
1 474 581
1 227 533
1 466 406
1 161 488
1 431 533
1 86 455
2 598 207
1 477 313
1 410 33
2 582 461
2 449 539
2 527 49
2 94 414
1 331 508
1 479 587
1 191 435
1 165 225
1 107 406
1 477 391
1 400 371
1 283 227
2 461 184
1 394 563
2 276 329
2 173 426
1 356 89
2 595 40
2 248 175
1 253 56
1 493 303
1 432 347
1 472 393
1 48 375
1 187 306
1 500 465
2 90 529
2 357 11
1 193 377
2 187 106
2 561 95
2 499 567
2 621 464
1 597 115
1 349 130
2 371 213
2 80 147
2 522 447
2 304 162
1 506 478
1 390 129
1 90 575
1 467 272
1 584 11
1 292 607
2 79 415
2 301 89
2 454 244
2 611 135
2 475 593
1 324 31
2 373 437
1 232 228
2 298 79
1 233 585
1 312 272
1 524 46
1 114 471
1 214 268
2 375 386
2 111 351
1 139 209
2 404 401
2 497 586
2 28 420
2 109 465
2 600 18
1 444 188
2 144 586
1 313 24
1 603 115
1 457 66
1 383 381
2 159 561
2 543 269
1 214 545
2 174 601
1 232 550
2 28 119
1 190 259
2 248 525
1 192 284
1 324 269
2 140 306
1 539 54
1 452 203
2 260 472
1 615 478
1 384 337
2 566 338
1 549 244
1 87 421
1 510 94
2 481 133
1 440 493
1 478 582
1 506 547
1 164 393
1 449 250
1 230 74
1 595 71
2 279 422
1 188 563
2 410 103
2 202 342
2 530 202
2 106 523
2 125 421
1 552 299
2 362 257
2 603 6
2 237 130
2 604 114
2 133 275
2 419 59
2 437 256
2 320 515
1 470 31
2 605 109
2 435 127
1 164 422
2 549 125
1 197 532
1 384 289
