524 874
2 346 363
1 135 219
2 397 270
2 374 465
1 210 134
1 33 90
1 451 248
2 385 97
1 81 443
2 482 328
1 366 223
2 145 353
1 467 220
2 427 332
1 420 418
1 84 373
1 46 471
1 404 473
2 407 33
1 439 404
2 445 69
1 110 80
2 414 493
2 467 103
2 3 133
2 143 312
1 44 235
2 94 25
2 133 206
2 182 501
2 39 232
2 469 461
1 252 40
2 361 295
1 204 21
1 224 386
2 63 486
2 156 472
2 78 98
1 484 197
2 196 236
2 304 152
2 131 30
2 89 174
2 254 11
2 316 44
1 116 22
2 235 33
2 277 520
2 8 160
2 401 388
1 460 508
1 2 436
2 517 458
2 55 211
2 271 152
2 479 184
1 118 10
1 30 23
2 192 230
2 34 163
2 108 513
2 363 350
2 420 462
2 372 101
2 388 15
1 358 171
2 62 439
1 378 262
2 353 152
1 54 97
1 166 204
2 318 29
2 488 493
2 82 379
1 308 312
1 247 453
1 240 403
2 279 272
2 278 415
1 461 422
1 19 177
2 137 375
2 233 83
2 96 270
1 213 424
2 9 273
2 317 407
2 292 414
2 519 303
2 294 365
1 286 492
2 107 251
2 165 512
1 504 84
2 193 272
1 102 387
1 328 411
1 275 100
2 353 93
1 43 493
2 239 215
1 2 189
2 499 215
1 361 65
1 506 359
1 315 411
1 393 458
1 1 283
2 87 504
2 216 354
2 520 297
1 146 223
1 336 300
2 333 78
2 35 516
2 452 144
2 367 355
1 492 475
1 304 510
2 375 367
1 297 92
2 45 179
1 181 44
2 399 399
2 123 330
2 256 241
2 362 234
2 501 515
1 92 410
2 283 329
1 362 305
1 445 246
1 253 69
1 331 182
1 195 475
2 269 199
2 276 5
1 266 43
2 477 340
1 404 396
2 334 58
1 361 272
1 4 441
2 276 483
2 54 219
2 457 473
1 332 243
2 7 489
1 12 341
1 258 371
1 173 365
1 277 156
1 439 88
2 251 187
2 272 451
1 237 237
1 54 181
2 236 230
2 517 246
2 259 82
2 210 344
2 348 283
1 446 416
1 506 445
2 56 348
1 28 66
1 398 512
2 435 470
2 366 504
2 130 26
1 161 319
1 177 269
2 483 448
2 138 132
1 411 71
1 224 370
2 12 205
2 104 197
1 15 222
2 151 380
1 154 173
1 247 159
2 45 298
2 145 40
2 518 111
2 79 247
2 495 282
1 31 521
1 354 151
1 257 68
1 442 106
2 169 520
2 361 319
2 203 275
2 348 510
2 511 290
1 383 21
1 288 340
2 371 357
1 305 182
2 201 418
2 347 116
1 315 49
1 453 448
2 320 205
2 421 21
1 157 147
2 165 77
1 444 206
1 71 272
1 223 417
2 124 367
1 138 416
1 228 159
1 285 69
2 132 329
1 180 478
2 471 486
2 369 140
2 126 388
1 168 465
1 119 321
2 413 178
1 371 336
1 42 152
2 328 346
1 124 512
2 15 450
2 168 331
1 121 126
1 339 267
1 133 281
2 235 234
2 250 429
2 194 259
2 62 394
2 453 193
2 108 61
2 455 68
2 356 461
2 512 171
2 435 425
2 22 301
2 288 429
2 271 89
2 409 465
1 74 111
2 115 289
1 204 488
1 67 75
1 218 261
2 43 225
1 4 291
2 143 39
2 165 430
2 169 426
1 405 411
2 352 130
2 438 208
1 522 187
1 102 2
2 88 306
1 251 183
1 183 223
1 300 522
1 410 180
1 47 335
1 39 346
2 181 356
1 150 333
2 443 454
2 261 436
1 271 318
1 495 398
1 165 61
2 129 54
1 152 144
2 229 294
1 60 490
1 143 52
1 6 396
1 349 114
1 274 297
2 84 467
1 97 515
1 456 310
2 500 383
2 354 177
2 70 260
2 46 203
1 487 113
1 165 250
2 428 217
1 376 55
1 430 406
2 318 163
1 212 392
1 434 88
1 135 247
2 416 270
1 114 454
1 209 283
1 265 89
1 308 9
2 358 245
1 18 514
2 435 395
2 431 82
2 110 76
2 155 94
1 185 233
2 438 471
1 490 171
1 311 522
2 367 419
1 56 102
1 25 514
2 58 446
2 517 354
1 74 417
2 82 219
1 118 404
2 230 415
1 195 469
2 504 18
1 199 171
1 109 429
1 380 519
1 284 356
2 116 506
1 523 334
1 366 223
1 433 479
2 76 145
2 53 409
2 237 34
2 125 387
1 235 253
2 178 470
1 262 172
2 190 274
2 44 33
1 40 176
1 314 98
2 307 176
1 214 15
2 25 486
1 258 210
1 166 80
1 424 104
2 55 508
1 351 345
2 408 86
2 359 118
2 75 471
1 317 17
2 313 121
2 10 333
2 167 380
1 307 113
2 108 444
1 50 293
1 43 66
2 329 89
2 55 156
2 340 143
2 412 307
1 411 142
1 129 71
2 35 237
1 270 314
2 302 381
1 13 395
1 9 322
2 256 373
2 473 366
2 231 281
1 200 494
2 206 63
2 328 144
2 413 425
1 36 188
1 392 17
2 141 418
1 7 251
2 62 473
1 3 139
2 520 234
2 424 419
1 1 150
2 338 150
1 513 76
2 276 303
2 299 125
2 40 10
2 105 265
1 318 188
1 248 271
1 288 417
2 72 295
1 249 446
2 407 327
2 507 302
1 234 130
1 286 150
2 374 287
2 277 5
2 364 211
2 516 282
2 221 8
1 377 442
1 166 63
2 505 418
1 518 204
1 73 458
1 260 449
2 405 347
2 283 371
2 65 289
1 428 493
2 316 405
2 378 363
1 89 333
1 88 14
2 257 179
1 319 123
2 509 130
2 503 84
1 518 267
1 387 153
1 290 215
2 131 15
1 340 122
1 367 76
2 287 1
1 96 61
1 250 320
1 258 202
2 26 454
2 463 473
1 50 336
2 129 259
1 130 195
1 486 35
1 401 93
1 251 70
2 101 435
2 122 276
1 399 198
1 153 396
1 43 321
2 88 167
2 328 431
1 517 16
1 127 496
1 319 509
1 278 212
2 240 428
1 385 191
2 1 251
1 318 239
2 25 59
2 141 250
1 126 376
1 392 446
1 6 287
1 243 38
2 375 288
2 122 7
1 176 57
2 108 391
2 399 451
2 82 149
2 10 347
1 379 62
1 156 41
2 293 200
2 145 4
2 231 361
2 422 113
1 124 191
2 48 492
1 421 181
2 49 420
2 56 360
2 224 475
1 426 471
1 338 519
1 473 178
2 240 465
1 316 302
2 107 40
2 247 19
1 276 159
2 239 89
2 368 21
1 245 73
2 237 230
2 338 18
1 98 188
2 101 492
2 102 168
1 122 230
1 465 241
2 253 510
2 374 385
2 252 473
1 293 91
2 356 83
1 426 28
1 101 366
2 335 314
1 346 505
2 407 69
2 391 78
2 401 407
2 259 426
1 315 381
2 3 98
1 397 64
2 93 504
2 435 3
1 483 123
2 466 277
2 457 293
2 183 56
1 284 342
1 418 197
1 302 227
1 73 95
1 420 443
1 309 508
2 7 78
1 199 456
1 464 304
2 395 59
1 203 344
1 395 485
1 27 409
1 517 312
2 266 388
2 449 1
1 258 301
2 66 389
2 356 375
2 399 499
1 339 278
2 440 132
1 390 343
2 457 271
2 484 54
1 505 460
2 475 133
1 69 361
2 26 181
1 269 97
2 56 427
2 236 489
2 361 15
1 391 483
1 231 494
2 171 517
1 451 367
1 52 458
2 153 270
2 29 307
1 18 113
1 377 254
2 95 45
2 473 366
2 82 207
2 233 250
2 284 142
2 240 29
2 390 222
2 437 51
1 401 488
2 45 398
2 166 116
1 80 428
1 302 360
1 102 153
1 326 263
2 75 15
1 332 482
2 223 472
2 220 277
2 517 405
1 470 216
1 10 94
2 513 119
1 341 183
1 11 381
2 2 20
1 44 185
1 407 275
2 121 46
1 193 50
2 323 482
2 144 61
1 477 315
2 37 12
2 74 90
1 255 438
1 353 111
1 454 202
2 20 337
2 150 86
1 518 266
1 436 279
2 214 37
1 72 432
1 204 317
1 490 246
2 524 67
2 139 111
1 337 210
2 235 267
2 234 27
1 408 239
1 301 57
2 104 363
1 57 174
1 122 334
2 453 501
2 508 207
1 490 305
1 429 66
1 233 169
1 328 324
1 205 422
2 473 135
2 478 96
1 522 96
2 302 242
1 522 267
2 172 186
1 168 140
1 14 46
1 424 265
1 188 252
1 435 162
2 19 289
1 515 75
1 466 34
2 480 142
1 210 331
2 117 508
1 77 315
1 232 48
2 123 398
1 309 158
1 505 30
1 244 120
2 444 180
2 351 20
2 138 3
2 18 504
2 254 20
1 159 496
2 422 61
1 402 194
2 7 303
1 219 77
1 134 342
1 57 500
1 299 449
2 449 97
2 11 407
2 386 191
1 34 131
2 249 95
1 465 232
1 519 8
2 278 258
2 505 71
2 328 298
1 396 104
2 136 221
2 352 496
1 168 302
2 329 201
1 518 383
1 149 324
1 104 377
1 252 337
2 126 78
2 405 321
2 192 160
1 49 30
2 22 341
1 346 255
1 483 470
1 72 287
1 93 228
1 207 440
2 396 227
1 510 446
2 480 31
2 305 442
2 358 444
1 508 413
2 192 356
1 68 513
1 519 119
1 199 324
2 351 435
2 98 301
2 277 77
2 413 355
1 364 485
1 282 436
2 516 365
1 109 42
1 293 456
2 174 231
1 479 217
1 453 486
2 68 143
1 5 433
2 377 401
2 414 313
1 395 6
1 97 214
1 82 484
1 51 427
1 193 132
2 420 134
2 218 422
2 409 501
1 64 49
1 517 405
2 109 292
1 481 78
2 442 422
2 332 27
2 283 280
1 211 460
2 128 398
2 229 379
1 449 225
1 159 505
1 30 397
2 368 179
1 451 384
1 507 516
2 184 294
2 485 18
1 279 86
2 269 69
2 372 82
1 341 173
1 277 340
2 463 50
1 190 335
2 16 7
1 336 180
2 275 145
1 94 347
2 146 275
1 62 211
1 265 341
2 183 435
2 27 287
1 72 250
2 368 396
2 30 98
1 73 309
1 122 395
2 314 106
1 209 176
1 337 155
1 206 76
1 241 268
2 237 327
2 281 371
2 54 515
1 419 249
1 10 296
1 196 349
2 334 282
1 151 86
1 180 22
2 328 338
1 443 7
1 391 5
2 187 125
2 262 293
2 216 276
2 382 84
2 368 371
2 120 481
2 423 299
1 255 90
1 54 204
2 359 476
1 396 438
2 74 289
2 57 162
2 119 357
1 403 517
1 124 322
1 104 413
2 513 432
2 136 124
2 65 436
2 2 343
2 190 54
2 428 441
1 286 495
2 173 460
2 259 362
2 342 112
2 313 396
2 201 123
1 52 153
2 493 178
1 366 305
2 255 267
1 260 351
1 503 503
2 82 347
1 73 290
1 361 1
1 427 303
1 308 429
2 349 214
1 170 465
1 90 462
2 114 2
1 124 432
1 447 391
1 447 253
2 379 189
1 413 248
1 30 271
2 346 80
2 246 420
2 435 55
1 327 367
1 162 120
2 28 72
2 428 359
1 500 260
1 101 58
1 253 81
2 57 62
1 78 117
2 79 39
1 522 62
1 451 331
1 382 248
1 432 257
2 441 138
2 169 76
2 52 176
1 101 311
1 33 38
1 412 366
1 256 27
2 189 379
2 207 481
1 232 224
2 438 374
1 5 135
2 131 414
2 53 284
2 486 501
1 515 480
1 347 501
2 193 301
2 478 308
1 454 48
