894 661
2 814 592
1 630 803
1 497 196
1 464 374
1 435 833
2 117 535
1 258 652
1 481 401
2 296 673
1 83 382
2 744 362
1 874 201
2 826 663
1 844 754
1 765 396
1 401 486
1 385 313
1 463 881
2 439 884
1 225 426
1 758 626
1 773 596
1 742 110
2 432 366
2 604 295
1 172 388
1 612 845
2 119 25
1 121 719
1 810 596
1 731 599
2 893 552
2 650 717
2 764 157
2 139 62
2 8 754
1 614 809
2 365 893
2 156 688
1 483 424
1 815 12
1 356 511
2 1 403
2 198 734
1 500 588
2 31 782
1 642 366
2 340 682
1 21 27
2 428 203
1 282 126
2 745 517
2 726 754
1 487 781
1 22 642
2 594 15
1 680 709
2 468 291
1 284 187
1 421 525
2 644 330
2 240 873
1 671 471
2 567 707
2 15 772
2 134 134
2 644 822
2 890 301
1 288 524
2 346 462
1 189 649
2 123 313
1 835 66
1 59 780
2 310 620
2 174 491
1 155 9
2 622 894
1 501 741
2 188 631
1 360 241
1 116 556
1 539 27
2 488 809
2 592 862
2 883 114
1 873 417
1 25 164
1 396 43
1 274 655
2 133 422
2 525 871
1 217 685
1 663 210
1 503 448
1 602 76
1 87 312
1 660 841
1 182 796
2 191 546
2 407 229
2 412 749
2 755 722
2 443 767
1 827 568
2 122 785
2 595 219
1 264 49
2 167 359
2 143 679
2 441 802
2 21 152
2 734 250
1 264 779
1 283 738
2 725 589
1 312 824
2 151 181
2 325 644
2 318 834
1 147 805
2 457 893
1 46 585
2 855 257
2 486 731
2 283 138
2 305 92
1 151 591
2 515 569
1 505 399
2 767 403
2 217 444
1 691 534
1 333 260
2 425 140
1 608 219
1 256 416
2 302 240
2 270 132
1 879 429
2 771 435
1 830 788
1 818 521
2 477 57
1 4 866
1 298 802
1 527 616
2 417 261
2 747 860
2 584 545
1 378 483
1 843 752
1 891 872
2 857 657
1 242 34
1 27 453
2 635 765
2 796 125
2 277 831
1 280 140
1 309 261
2 334 180
2 626 113
1 815 192
1 249 10
1 534 782
1 485 784
2 445 808
2 10 683
2 837 358
1 43 634
1 667 778
1 520 113
2 627 489
1 253 314
2 703 152
1 328 60
2 430 484
2 231 812
2 191 803
2 718 472
2 666 735
1 671 753
2 274 145
2 656 593
1 791 409
2 405 522
2 460 703
2 422 735
1 726 851
2 473 165
1 352 68
1 283 1
2 223 522
1 180 364
1 784 264
1 803 38
2 419 627
1 624 810
2 166 493
2 644 59
2 579 35
2 608 251
2 615 89
1 114 429
2 483 186
1 16 182
2 305 694
2 94 239
1 200 371
1 410 641
2 740 293
1 802 252
1 638 140
2 603 824
1 603 652
2 180 639
1 409 373
1 207 884
2 569 191
2 748 130
1 869 758
1 317 537
2 170 49
2 517 765
2 360 225
1 875 668
1 686 782
2 850 266
1 243 306
1 804 661
1 191 881
1 469 695
2 551 429
1 420 320
2 825 535
1 514 772
1 651 500
1 702 512
1 54 25
1 805 54
1 217 422
1 748 842
1 58 212
1 365 636
1 366 884
2 714 773
1 492 718
2 151 408
2 445 808
1 131 866
2 402 359
1 94 538
2 120 85
2 317 285
1 155 137
2 219 27
2 48 29
1 444 153
2 868 730
1 706 580
1 353 568
2 514 94
1 418 809
2 588 533
1 225 98
1 582 661
2 611 560
1 667 496
2 58 13
1 162 436
2 47 178
1 231 112
2 86 58
1 517 553
2 241 692
1 603 121
1 205 567
2 314 625
1 101 642
1 56 574
2 293 791
1 258 529
2 547 2
1 360 427
2 876 640
2 48 250
2 25 164
1 467 831
2 442 595
1 643 239
2 827 35
1 809 801
2 646 827
1 110 541
2 442 16
1 443 20
1 678 873
1 406 693
1 662 281
2 206 28
1 435 393
1 198 617
2 584 452
2 788 500
1 456 754
1 787 21
1 138 87
1 253 248
2 583 572
2 329 379
2 613 544
1 381 176
2 522 753
2 746 114
1 104 156
1 408 232
2 864 544
1 808 326
1 274 571
1 735 411
2 293 350
1 481 472
2 180 112
2 560 631
1 257 584
1 659 859
2 771 734
2 794 119
2 170 111
1 609 245
2 534 6
1 645 499
2 88 227
2 679 892
2 508 347
1 428 335
2 725 127
2 512 668
2 197 186
1 329 319
1 744 689
2 808 405
1 62 635
1 689 96
2 703 29
2 552 30
2 480 133
2 776 53
2 157 824
2 562 360
1 751 392
2 743 592
2 716 180
1 500 500
2 160 338
2 286 126
1 341 335
1 534 46
2 260 337
1 349 131
2 464 446
2 783 388
2 168 862
2 600 620
1 779 294
1 603 280
1 814 569
2 702 857
2 797 406
1 376 761
2 43 536
2 240 708
2 289 229
2 663 463
1 267 731
2 832 107
2 582 890
1 604 78
1 861 653
2 832 42
2 608 643
1 388 179
1 747 883
2 621 666
1 546 700
1 599 678
2 11 121
2 619 455
2 682 639
1 429 60
2 517 143
1 587 599
2 210 213
2 529 269
2 251 513
2 568 860
2 612 849
1 235 869
1 99 31
1 146 205
2 158 852
2 448 78
1 736 765
1 68 709
2 413 514
1 173 249
1 101 241
2 112 205
2 673 360
1 501 5
1 650 355
2 639 226
2 213 325
2 716 557
2 28 804
2 267 363
1 286 740
1 711 589
1 129 447
2 40 709
1 717 154
2 291 793
1 683 222
1 620 386
2 119 779
1 9 89
1 121 861
2 870 465
2 45 513
2 42 851
1 320 221
1 481 725
1 568 234
1 559 190
1 445 649
1 651 653
2 18 179
1 369 203
2 550 558
2 549 392
1 188 201
1 723 861
2 804 858
2 466 477
1 702 30
1 809 696
1 139 109
1 155 323
1 161 353
2 114 17
2 669 441
1 853 329
2 32 427
1 707 301
1 661 619
2 644 412
1 803 98
1 202 621
2 653 855
1 149 607
1 35 471
1 830 333
2 746 238
2 674 594
1 792 388
1 293 246
1 621 686
1 610 212
2 634 245
2 716 207
2 178 893
1 680 407
2 180 357
1 719 216
1 149 63
2 843 695
2 622 755
2 610 799
1 116 252
1 632 254
2 274 74
1 23 68
1 13 574
2 631 618
1 235 681
2 397 129
2 653 662
1 242 838
1 52 387
1 69 472
1 164 145
2 98 606
2 649 839
1 261 589
2 781 316
2 17 379
2 40 832
2 317 544
1 324 591
1 877 813
2 848 858
1 390 355
2 151 491
1 729 560
2 102 750
2 343 428
1 301 249
2 349 284
2 410 142
1 411 786
2 39 312
2 822 792
2 798 718
2 714 754
2 279 833
2 631 713
2 512 873
1 127 602
2 349 196
1 305 390
1 247 469
2 764 619
1 555 807
1 852 106
2 594 847
2 244 264
2 65 792
1 404 642
2 722 476
2 57 495
1 894 461
1 778 445
2 439 354
1 738 731
2 331 497
2 293 581
1 717 63
1 725 427
2 102 738
1 15 174
1 764 743
1 311 352
2 553 724
2 83 21
2 389 766
2 733 548
1 629 440
1 162 52
2 579 141
1 187 342
2 34 852
2 368 290
2 193 859
1 458 187
1 685 327
1 206 434
2 288 416
1 372 665
2 448 376
1 484 708
2 651 605
1 137 383
2 717 61
1 497 520
1 337 187
2 778 818
2 498 88
2 263 446
2 291 680
1 158 558
2 48 286
2 557 595
1 19 76
2 387 875
1 111 32
2 98 173
2 793 123
1 468 331
1 199 276
1 328 316
2 198 461
2 664 65
1 174 292
2 490 30
2 837 30
1 517 789
1 123 635
1 808 281
1 737 426
1 722 269
1 366 511
1 762 837
2 395 168
1 323 248
2 790 120
2 685 373
2 634 552
1 277 79
2 724 83
1 72 641
2 595 302
2 626 797
1 476 549
2 274 881
2 468 93
2 248 264
1 642 259
2 328 880
2 707 363
1 516 437
1 548 260
1 486 328
1 494 834
1 879 405
1 323 640
2 255 45
2 647 332
1 795 52
1 323 77
2 266 467
2 309 171
1 882 407
1 721 447
1 460 270
1 702 714
2 506 223
2 798 377
2 322 675
2 793 721
2 670 780
1 603 789
1 374 237
2 252 553
1 201 254
1 620 43
1 47 489
1 153 500
1 366 816
1 725 771
1 669 31
2 751 351
2 225 68
1 665 598
1 200 330
1 91 779
1 629 151
1 407 163
1 378 346
2 454 187
2 90 679
1 894 364
2 619 55
2 624 828
2 651 59
2 390 830
2 744 892
2 807 487
2 673 860
1 195 886
1 663 735
