454 436
1 70 239
2 320 111
2 221 33
1 35 429
2 338 451
1 376 369
2 253 326
2 232 310
2 394 203
1 323 128
2 22 136
1 394 302
2 149 177
2 329 451
1 68 313
2 122 349
1 101 383
1 43 405
1 6 270
2 215 89
2 27 271
1 200 109
1 301 377
2 231 143
2 355 15
2 301 120
2 294 66
1 374 35
2 422 345
2 87 242
1 287 247
2 296 316
2 342 367
1 355 420
2 359 112
2 70 90
1 452 453
1 86 191
2 371 315
2 1 143
2 109 121
2 436 68
2 223 341
1 250 203
1 414 185
2 181 6
2 51 221
1 225 15
2 299 261
2 315 384
2 98 53
2 428 99
2 11 438
1 79 378
1 343 123
1 224 288
2 281 343
1 60 409
2 302 395
1 313 396
1 134 228
2 215 15
1 280 131
1 101 115
2 165 1
1 235 149
2 332 170
2 10 436
1 93 9
1 353 309
1 113 176
1 414 405
1 369 427
2 236 204
1 446 183
2 389 452
1 72 123
2 12 452
2 383 288
1 155 153
2 293 297
2 141 134
2 236 434
1 387 125
2 257 430
1 320 395
1 372 438
2 268 17
1 412 213
1 313 161
1 429 8
1 180 80
2 300 409
2 416 313
2 432 192
1 236 95
2 233 5
2 10 399
2 179 377
1 215 149
1 345 170
2 421 404
2 12 417
2 40 334
1 123 410
1 243 420
1 161 205
2 240 253
1 167 436
1 266 318
1 111 174
1 192 84
1 338 128
2 34 423
1 267 222
2 425 38
2 53 362
2 250 328
1 278 101
2 100 167
2 172 160
1 267 77
1 228 386
1 95 339
1 102 119
1 308 416
1 276 378
1 117 178
2 213 109
2 85 224
2 112 352
1 327 63
1 428 50
1 422 361
1 88 306
2 233 78
1 176 97
1 334 454
1 24 395
2 354 327
2 247 153
1 97 388
1 437 65
1 318 256
1 135 325
1 385 196
1 290 22
1 110 392
2 7 65
2 104 15
2 361 85
1 327 258
2 363 338
1 425 289
2 202 220
2 326 145
2 120 159
1 446 312
1 204 321
1 282 119
2 371 116
2 377 73
2 433 101
2 240 268
2 405 42
1 123 357
2 20 221
1 76 295
1 405 325
2 200 232
1 96 423
2 247 252
2 158 136
1 214 324
1 101 233
2 420 368
1 355 330
2 366 93
1 107 287
2 154 381
2 98 178
2 99 230
2 282 210
2 141 189
1 169 94
1 109 332
2 29 219
1 348 421
2 299 333
2 147 72
1 74 249
1 142 184
2 220 273
1 370 15
1 207 120
2 275 33
2 224 414
1 428 214
1 180 394
2 42 123
1 114 137
2 147 73
1 58 177
1 451 339
1 421 283
1 78 127
2 147 240
1 323 154
2 335 427
2 430 387
2 13 222
2 170 370
1 311 402
2 16 38
2 54 88
2 164 95
1 250 231
2 215 118
2 380 131
2 221 312
2 96 266
2 66 245
1 311 229
2 429 56
2 220 82
1 57 297
1 267 345
1 224 191
2 365 361
2 185 276
1 145 188
1 400 399
2 266 127
1 148 10
2 378 411
1 56 28
2 96 153
2 450 314
1 382 336
1 14 307
2 152 399
2 164 292
1 370 435
2 250 379
2 297 300
1 126 1
1 11 25
1 192 75
2 310 217
1 211 376
2 348 24
1 81 225
1 78 78
2 381 433
2 435 443
1 290 388
1 451 341
2 197 8
1 185 266
2 160 212
1 55 419
1 408 23
2 126 270
2 199 443
2 234 61
1 211 12
1 90 276
2 321 63
1 210 420
1 399 329
1 190 169
1 331 109
1 95 68
1 199 266
1 366 117
1 355 289
1 320 110
2 46 432
2 272 330
2 200 220
1 47 241
1 305 239
1 370 333
1 253 227
2 415 32
1 257 410
1 109 60
1 21 426
1 306 114
1 399 396
2 335 50
2 326 60
2 260 336
1 397 319
1 75 177
2 319 302
1 445 159
2 251 164
1 198 112
1 410 55
2 426 321
1 110 343
2 376 245
2 24 447
2 323 94
2 65 143
2 134 444
1 329 34
2 265 145
1 164 62
2 304 379
2 100 411
1 358 13
2 434 404
1 275 189
2 414 4
2 420 127
2 184 243
2 170 290
2 354 149
2 124 163
1 153 370
2 210 282
2 75 280
1 26 1
2 154 332
2 33 156
1 396 291
1 166 156
1 257 214
2 318 86
2 427 86
2 127 16
2 259 309
1 350 267
2 289 174
2 33 190
1 54 166
2 189 164
1 208 121
1 20 440
2 98 13
2 415 345
2 79 223
1 423 270
2 287 7
1 416 181
2 435 452
1 415 250
1 270 192
2 247 279
2 425 414
1 224 300
2 359 282
2 320 285
1 332 199
1 351 53
2 304 447
1 63 45
1 166 121
2 264 368
1 284 331
2 61 199
2 417 103
1 427 57
2 357 42
2 383 390
2 138 186
1 101 309
2 331 398
1 136 195
1 434 127
1 49 138
1 8 104
2 113 18
1 446 325
1 83 133
1 27 387
1 326 295
1 359 97
2 377 265
1 103 288
2 124 115
1 91 339
2 394 32
2 193 434
2 433 453
1 80 330
2 186 438
1 351 92
1 222 228
2 375 292
1 310 104
2 313 151
1 97 411
2 285 106
2 206 60
2 107 157
1 283 60
1 412 2
1 168 41
1 173 33
2 405 169
2 19 338
1 118 108
2 440 347
1 224 17
2 100 262
2 454 217
2 92 356
2 195 362
2 283 20
1 155 310
2 449 359
2 223 51
1 48 420
1 367 319
1 15 11
1 332 141
2 309 262
1 350 2
1 172 194
2 216 264
1 345 38
2 139 34
1 16 215
2 176 56
2 209 359
2 388 247
1 336 64
1 368 90
1 10 229
1 141 385
1 163 385
2 4 267
2 438 90
