601 644
1 471 352
1 546 103
1 300 405
1 140 340
1 39 297
2 491 519
1 47 316
2 319 427
2 372 319
2 118 54
1 412 52
2 118 139
2 530 424
1 291 137
1 535 26
2 333 581
1 437 58
2 75 496
2 132 237
1 426 147
1 541 93
2 502 422
2 352 328
1 538 152
1 51 166
1 80 52
2 274 519
1 85 540
1 459 173
2 26 91
1 178 458
2 45 138
1 76 258
1 2 436
2 280 544
2 341 344
2 142 213
1 337 437
1 416 45
1 349 153
2 432 181
1 24 128
2 436 465
1 303 585
1 239 425
2 487 232
2 493 584
1 320 282
1 356 215
1 258 479
1 198 471
2 233 529
1 62 500
1 379 193
1 320 332
2 286 85
2 300 591
1 305 424
1 312 230
1 255 62
2 340 497
1 89 104
1 397 32
2 326 531
2 248 413
1 411 6
2 487 427
1 364 334
1 160 37
1 158 96
2 10 184
2 124 60
1 188 61
2 420 455
2 457 571
1 128 455
2 144 369
2 54 571
2 42 291
2 532 588
2 406 91
1 381 53
2 99 283
1 512 161
2 40 548
2 326 48
2 296 153
1 493 274
1 227 493
1 84 158
1 487 64
2 372 434
2 367 505
1 437 438
1 510 492
1 201 487
1 61 166
1 94 217
1 306 383
1 59 353
2 565 450
1 157 67
1 1 411
1 232 283
1 139 71
2 166 132
2 487 578
1 483 201
2 65 102
2 285 573
2 416 99
2 261 456
1 45 209
1 277 217
2 290 241
1 326 554
2 202 37
2 309 300
1 305 513
2 293 225
2 500 492
1 415 264
1 251 318
1 230 498
2 255 441
2 196 159
1 576 246
1 94 549
2 491 190
1 516 226
2 46 250
1 274 167
2 437 152
1 581 569
2 267 7
1 227 39
2 50 490
2 502 508
2 119 294
2 492 162
2 205 487
2 216 457
2 152 253
1 558 290
2 586 485
1 4 469
2 76 310
1 559 402
1 172 420
2 9 471
1 300 505
2 217 69
2 593 579
1 215 172
1 91 461
1 317 331
2 310 561
2 199 321
1 230 65
1 364 136
2 283 471
2 375 517
1 188 258
1 480 383
1 437 511
2 508 284
1 371 542
1 500 371
1 371 457
2 115 147
2 535 30
1 311 357
1 364 289
1 569 245
2 245 182
1 370 437
1 257 548
2 216 69
2 394 209
2 453 366
1 543 183
1 63 313
2 99 218
1 166 370
1 56 90
2 98 167
2 177 239
2 93 313
1 197 234
1 7 196
2 313 174
1 509 159
2 521 502
1 79 173
1 496 333
2 169 308
2 587 336
2 485 211
2 51 9
1 383 382
1 161 334
2 548 273
2 347 9
2 129 420
2 6 350
1 550 547
1 192 160
1 167 58
2 230 424
1 566 103
2 27 556
2 229 327
1 417 425
1 166 207
1 435 110
2 555 304
2 252 425
2 171 22
1 362 27
1 540 184
2 203 225
2 175 591
2 168 168
2 157 505
1 423 596
1 103 531
2 517 398
1 429 18
2 300 42
1 419 506
2 192 461
1 217 322
2 67 325
1 218 236
1 410 362
2 532 357
1 250 155
1 367 237
2 21 592
2 515 160
1 34 394
1 222 396
2 451 207
1 138 405
1 221 477
2 59 103
1 76 591
1 566 178
2 242 65
1 80 405
2 301 53
1 433 283
1 414 59
2 33 228
1 320 493
2 360 443
1 90 196
2 163 208
1 538 148
1 172 51
1 393 233
2 342 316
1 305 499
2 293 493
1 116 262
2 361 546
2 199 120
2 315 399
1 436 377
1 139 383
1 397 597
2 57 388
2 75 592
1 232 52
1 582 221
2 459 155
1 72 522
1 517 164
1 123 148
1 202 259
1 221 297
1 260 33
2 498 556
1 326 306
1 382 182
1 240 105
1 202 124
1 356 389
1 437 352
2 7 317
1 144 475
2 239 169
1 26 397
2 26 76
1 445 495
2 47 296
2 532 550
2 182 227
2 61 16
1 279 91
2 102 110
1 274 186
2 241 401
1 222 416
1 89 188
1 506 414
2 128 130
2 477 537
2 161 281
1 397 121
1 169 1
1 585 74
1 205 41
2 143 460
2 507 74
2 112 590
1 478 564
2 32 342
1 363 376
2 238 585
1 30 523
2 45 106
1 518 114
1 353 225
1 309 329
2 251 162
1 358 354
2 559 32
2 177 178
1 543 484
1 255 475
1 277 247
2 269 574
2 491 220
2 374 388
1 325 197
1 195 159
1 218 391
2 452 270
2 132 107
1 325 435
2 19 441
2 355 414
2 22 601
2 155 528
2 92 83
1 437 541
2 411 282
1 397 234
1 542 353
2 189 308
1 242 445
1 362 356
2 549 369
1 547 34
1 180 202
2 449 392
2 383 7
1 197 177
2 196 372
2 159 240
2 518 191
2 451 489
2 272 72
2 198 514
1 35 254
1 286 468
2 578 271
2 214 186
2 407 16
2 414 547
2 235 295
1 553 580
2 343 222
2 188 340
2 96 348
2 599 428
1 184 352
2 340 50
2 322 487
2 163 247
2 393 448
1 259 65
1 178 454
1 444 314
2 421 212
2 14 260
2 554 222
1 235 463
1 601 391
2 352 205
1 23 171
1 591 334
2 120 275
1 533 180
2 579 144
2 25 112
2 161 584
1 401 113
2 231 70
2 51 361
2 61 534
2 232 166
2 25 80
2 345 162
1 176 388
2 285 596
2 468 521
2 166 487
2 69 591
1 19 39
1 89 231
2 495 201
2 61 24
2 191 218
2 280 349
1 325 432
2 81 486
1 242 491
2 361 137
1 101 241
2 90 530
2 500 184
1 317 322
2 194 154
1 578 352
1 552 424
1 365 179
1 564 421
1 370 289
1 117 376
1 475 111
1 192 123
2 592 23
1 402 152
2 363 525
2 30 426
2 292 573
2 487 210
2 118 441
1 550 148
1 10 104
2 13 159
2 71 40
2 374 27
2 113 463
2 246 119
1 555 70
2 384 412
2 233 94
1 244 562
2 393 127
2 183 186
2 20 421
2 452 497
2 205 480
1 37 527
2 544 482
2 560 504
2 350 398
1 224 294
1 592 590
2 354 248
2 383 401
1 118 133
1 155 560
2 407 526
2 556 323
1 52 231
2 167 233
1 235 353
1 159 24
2 328 437
1 51 177
1 208 176
1 253 353
1 159 17
1 578 424
2 286 75
1 186 569
2 511 31
2 482 274
1 525 476
1 451 95
1 511 287
1 417 115
2 490 246
1 177 330
2 134 130
2 450 479
2 251 19
1 427 25
1 49 313
1 217 420
2 78 492
1 495 41
1 29 520
2 548 125
1 46 553
1 588 48
1 351 106
2 399 203
1 293 572
2 324 155
2 252 239
2 340 251
2 470 168
2 340 350
2 278 124
2 266 595
1 175 17
1 569 56
2 552 505
1 278 435
1 454 410
2 370 531
2 257 540
2 214 293
1 427 174
2 335 506
2 322 146
1 352 458
2 226 40
1 60 398
2 454 110
1 241 67
1 552 53
2 304 52
1 323 546
1 74 333
2 182 574
2 275 29
2 387 385
2 384 546
1 482 426
1 231 455
1 352 229
1 597 530
1 224 346
2 366 63
1 285 12
2 322 344
2 347 370
1 46 408
1 477 96
1 545 479
1 462 397
2 178 140
1 17 388
2 356 257
1 250 142
1 116 165
1 387 552
2 68 289
1 496 158
2 186 8
2 277 285
2 381 556
1 118 104
2 151 574
1 200 437
2 281 288
2 141 241
2 447 315
1 516 175
2 62 596
2 534 367
2 502 229
1 551 14
1 175 594
2 354 304
2 67 530
1 561 373
1 574 170
2 411 569
2 215 447
1 562 411
1 373 432
1 415 305
2 17 78
1 324 522
2 519 138
2 273 489
2 333 31
1 591 585
2 303 448
2 365 114
2 73 587
2 14 29
2 401 218
1 48 141
2 176 562
2 141 275
1 21 573
1 489 532
2 370 6
2 1 5
1 316 6
1 216 350
2 103 331
2 25 211
1 522 345
2 126 537
1 12 577
2 152 40
2 221 357
1 63 96
1 201 200
2 298 509
2 92 56
1 449 168
2 58 82
1 232 217
1 15 65
2 424 564
1 129 154
2 23 552
1 518 9
2 529 259
1 271 454
1 242 585
1 413 269
2 147 225
1 193 72
1 255 58
1 250 4
1 425 496
2 157 550
1 464 502
2 242 474
2 504 302
1 454 354
1 241 463
1 121 29
1 414 548
2 197 151
2 553 14
2 257 150
1 384 112
2 60 490
2 417 68
2 275 571
2 40 38
2 542 303
