235 230
2 187 221
2 168 148
1 30 212
2 27 35
2 149 200
1 125 196
1 54 52
1 43 105
2 40 28
2 195 49
1 69 67
2 196 216
1 97 191
2 155 229
2 105 31
1 106 120
2 123 232
2 230 196
1 5 33
2 34 106
1 158 2
1 52 19
1 136 80
2 98 211
2 136 36
1 22 140
2 232 145
1 126 154
2 115 180
2 111 230
2 4 171
1 54 61
1 191 179
2 209 36
2 179 112
2 14 68
1 81 110
1 96 89
2 165 99
2 125 137
1 213 208
2 204 107
2 87 144
2 76 81
2 175 105
2 102 205
1 52 98
1 5 197
2 112 194
2 166 132
1 230 190
2 68 221
2 97 33
1 66 130
1 110 209
1 149 107
2 227 167
2 116 17
2 7 200
1 80 65
1 63 3
2 225 43
2 36 101
2 25 216
1 156 181
1 179 189
2 16 118
2 13 78
2 9 140
1 97 110
1 98 115
1 224 125
1 44 76
2 65 60
2 64 219
1 162 208
2 115 29
1 52 67
1 59 15
2 210 183
1 9 141
2 152 132
2 146 197
1 141 182
2 79 4
2 161 153
1 206 128
2 42 205
2 38 220
1 150 228
2 133 59
1 124 195
1 96 99
2 84 100
1 60 18
2 30 70
2 139 228
2 209 135
2 205 154
1 212 216
2 187 48
2 235 4
1 122 167
2 192 12
1 227 63
1 44 200
2 225 62
2 30 150
2 108 135
2 70 35
1 128 159
2 166 33
2 9 209
2 23 171
2 20 46
2 230 85
2 53 24
2 179 67
1 71 147
1 228 139
1 136 85
2 8 150
2 54 7
2 101 27
1 15 35
2 11 180
2 40 109
2 37 121
2 69 186
1 208 205
2 126 185
1 135 169
2 86 15
1 104 15
1 53 111
1 232 216
1 91 14
2 99 62
2 98 68
2 14 27
2 188 141
2 89 21
2 28 85
1 170 18
2 128 212
1 195 216
1 207 19
1 81 84
1 15 225
1 112 24
1 85 165
2 161 185
1 28 94
2 129 37
2 138 42
1 226 69
2 125 48
2 174 234
2 81 182
2 127 230
2 55 148
1 41 214
2 17 7
2 29 25
1 192 140
2 234 159
1 56 126
1 1 221
1 97 12
1 135 144
2 141 161
2 196 109
1 201 201
1 202 201
2 17 201
1 146 169
2 212 233
1 104 16
2 157 122
1 222 218
2 222 59
1 136 66
1 165 214
1 146 230
1 72 89
1 55 33
2 101 60
1 92 81
1 102 137
2 130 134
1 35 41
1 28 221
1 175 32
2 187 199
2 232 117
2 40 87
1 72 199
2 191 96
1 61 89
1 52 183
1 5 176
2 19 132
2 60 97
2 144 91
2 158 68
1 190 66
2 55 37
2 64 32
2 16 187
2 218 234
2 173 129
2 218 78
1 12 192
1 2 142
1 190 154
2 230 110
1 53 136
2 12 211
1 199 50
1 30 13
1 123 197
2 99 227
2 211 34
2 144 68
1 139 185
1 29 64
1 205 216
1 77 112
2 160 229
2 107 31
