808 548
1 493 170
1 222 36
2 648 83
2 404 83
1 345 473
1 270 257
1 39 524
2 177 516
1 333 647
2 215 625
1 32 260
1 457 728
2 647 500
1 75 473
1 438 718
2 616 781
1 542 80
2 160 584
2 467 184
2 317 313
1 372 315
1 615 168
2 661 720
2 119 615
1 111 769
2 291 302
2 403 633
1 610 616
1 450 586
1 168 247
2 497 138
2 796 646
2 358 59
2 328 212
2 94 704
2 252 225
2 436 32
1 607 753
2 81 563
1 132 490
2 411 456
2 574 756
1 67 6
1 702 578
2 360 115
2 68 127
1 556 229
1 435 228
2 248 23
1 217 310
1 196 16
1 406 549
2 696 166
2 741 306
1 291 602
1 772 28
1 345 440
1 756 315
2 281 229
2 356 682
2 650 180
1 127 724
1 643 620
2 213 306
1 43 716
1 474 72
2 430 406
2 386 87
1 275 361
1 712 435
2 147 589
2 11 359
1 681 548
2 784 215
1 106 278
1 389 209
2 370 732
2 673 371
2 693 111
1 686 400
2 80 399
2 491 489
2 636 737
2 36 3
1 96 707
1 247 785
2 294 765
1 472 687
1 519 763
1 565 790
1 668 420
2 759 364
1 505 158
2 591 506
1 320 557
1 565 127
1 174 421
2 731 565
1 147 99
2 358 548
2 380 32
1 456 522
2 683 19
1 201 350
2 376 653
1 711 313
1 311 21
2 787 105
2 687 241
2 142 697
2 45 705
2 264 583
2 496 50
2 597 467
2 763 637
2 752 100
1 504 514
2 210 37
1 187 202
2 506 349
2 224 519
2 606 762
2 222 732
2 190 283
1 102 355
2 424 660
2 97 791
2 309 808
2 197 551
2 35 208
1 244 743
2 527 607
1 604 729
2 595 16
1 474 749
1 31 12
2 217 447
2 331 273
1 696 578
1 750 332
1 448 354
1 194 121
1 52 165
2 773 193
2 506 611
1 147 636
2 566 247
1 6 85
2 437 481
1 250 488
1 167 676
1 94 585
1 459 450
1 59 440
1 27 406
2 27 169
1 97 409
1 402 170
1 101 683
1 241 402
1 716 36
1 346 346
1 547 248
2 454 735
1 382 47
2 574 138
1 224 667
2 234 126
2 92 6
1 652 510
2 73 122
1 663 462
1 638 805
1 735 357
2 282 614
2 207 375
2 755 796
1 433 128
1 98 188
2 718 724
2 446 19
2 159 737
2 641 146
2 38 10
1 419 701
2 93 343
2 578 528
1 335 680
1 253 330
1 253 446
2 480 79
2 224 690
2 763 62
2 754 4
2 449 498
2 275 141
2 72 680
1 658 159
1 303 696
1 70 723
2 544 417
2 389 801
1 378 192
1 764 265
2 732 216
1 303 120
1 738 655
2 346 169
1 564 47
1 6 164
1 596 582
2 62 397
1 431 649
2 502 555
2 638 90
1 436 43
1 474 699
1 47 232
2 685 452
1 376 601
2 115 210
2 57 487
2 45 550
1 36 507
1 790 28
1 366 782
1 386 274
2 601 728
2 787 340
1 722 211
2 554 692
1 772 23
2 642 453
1 460 146
1 85 238
1 200 128
2 562 317
1 727 159
1 398 487
1 45 514
2 807 412
1 81 220
1 447 442
2 720 726
2 202 728
1 54 460
1 202 430
1 276 575
1 46 374
2 771 319
2 516 61
2 288 586
1 678 456
2 708 500
2 300 155
2 599 285
2 680 485
2 261 530
2 731 476
1 651 221
1 620 619
2 9 195
2 29 626
2 354 436
1 162 12
1 470 152
2 737 132
2 147 545
2 44 192
1 438 685
2 505 345
1 475 692
2 401 68
2 39 704
1 614 409
2 797 14
2 480 173
1 136 85
2 410 449
1 671 706
2 804 73
2 693 10
2 243 370
1 763 238
2 577 18
2 696 240
1 677 21
1 26 557
1 790 10
2 469 218
1 586 246
1 189 542
1 190 427
2 707 721
1 798 329
2 792 21
2 491 419
1 308 259
2 700 341
1 203 528
2 615 521
2 582 456
1 53 281
2 480 187
2 461 76
2 608 340
2 498 668
1 159 230
2 433 68
2 699 39
1 532 431
2 347 166
1 45 701
2 245 217
1 651 296
2 482 795
2 113 386
1 737 321
1 514 93
1 694 590
2 772 266
2 57 346
1 807 123
2 19 557
1 113 523
2 469 454
2 632 502
2 140 90
1 337 242
2 618 471
1 308 417
1 209 73
2 513 505
1 463 196
1 98 676
2 661 227
1 757 736
2 384 521
2 367 253
2 790 78
2 173 391
2 401 233
2 148 156
2 385 389
1 421 327
1 173 415
2 507 121
1 628 674
1 77 466
1 634 518
1 443 333
2 490 436
2 48 637
2 742 455
2 686 293
1 60 57
2 487 137
1 52 772
2 621 565
1 510 619
2 567 110
1 191 736
1 706 545
1 269 756
1 180 411
2 317 476
1 73 91
1 354 565
1 461 489
1 322 556
2 739 247
1 252 476
2 546 542
1 744 540
1 521 510
1 77 778
1 415 688
1 623 547
2 696 135
1 596 403
2 320 686
1 550 460
1 773 205
2 76 565
2 692 315
1 59 766
2 700 333
2 154 212
1 462 703
2 102 301
1 186 582
2 177 294
1 219 529
2 184 134
1 117 525
1 443 597
1 367 52
1 220 653
1 723 51
2 606 141
2 461 756
1 351 641
1 610 63
1 110 5
2 669 285
1 476 45
1 725 374
1 7 137
1 768 361
2 50 400
1 220 141
1 191 523
2 499 248
2 455 92
1 421 69
1 451 368
2 343 503
1 356 298
2 228 737
1 649 797
1 328 63
2 15 671
2 8 338
2 596 604
2 638 518
2 797 410
2 169 577
1 744 158
1 635 38
2 329 194
2 265 404
2 580 741
1 264 684
2 536 629
2 328 808
1 229 153
2 186 696
2 166 527
1 560 773
2 374 566
1 454 263
2 207 106
2 298 235
2 531 740
1 455 241
2 297 793
1 53 207
2 442 525
2 786 222
1 770 395
1 62 456
1 761 469
1 731 621
2 547 529
2 135 548
2 485 744
1 237 257
1 566 594
2 445 280
2 753 94
1 483 625
1 92 666
1 269 169
1 764 193
1 731 709
1 601 266
1 216 801
2 757 704
1 99 804
2 147 345
1 760 321
2 769 398
2 199 344
2 239 714
1 595 268
2 124 682
1 618 649
1 131 635
2 668 603
1 638 77
1 738 211
1 522 82
2 774 317
2 652 429
1 580 406
1 478 244
1 681 481
1 193 291
1 222 294
1 251 617
2 345 476
1 638 545
1 450 314
1 543 584
2 774 274
1 321 544
1 778 451
2 9 92
1 788 571
2 183 376
2 144 761
2 83 285
1 636 303
2 497 48
1 307 530
1 269 432
2 183 39
1 155 158
2 87 796
2 121 788
2 55 466
2 182 88
2 526 378
2 243 515
2 217 296
1 434 357
2 266 662
1 288 346
2 103 482
2 645 638
1 529 424
2 262 329
2 468 422
2 195 788
1 23 253
2 676 178
1 742 742
1 399 266
1 266 477
1 558 314
1 30 216
2 741 526
2 283 609
1 21 403
1 438 344
1 256 362
1 452 539
1 204 520
2 418 208
1 124 416
1 180 396
1 121 125
1 229 492
2 202 536
2 239 616
2 724 584
1 56 389
1 191 291
