179 952
1 171 89
2 90 21
2 105 92
2 132 116
1 119 85
1 112 145
2 90 49
2 102 108
1 145 137
1 118 113
2 117 112
2 41 100
2 32 80
1 63 53
2 14 37
2 129 25
1 96 161
1 58 92
2 61 153
2 91 32
2 103 71
2 70 16
1 50 53
1 62 177
1 76 87
1 166 117
2 155 41
2 139 146
1 20 54
1 63 44
1 145 163
1 169 54
1 50 163
2 95 76
1 69 2
1 72 151
1 156 107
1 143 114
1 142 71
2 165 174
1 162 12
2 54 96
2 117 117
1 31 141
1 174 143
1 53 50
1 133 136
2 50 45
1 61 45
1 56 161
2 33 10
2 121 161
2 70 9
1 119 61
1 21 29
2 117 50
1 91 53
1 13 119
1 124 80
2 118 11
1 143 134
1 168 153
2 113 163
1 34 21
2 173 71
2 111 138
1 41 11
2 121 124
1 14 156
2 101 93
2 125 72
1 89 89
2 122 148
1 101 142
2 172 6
2 138 155
2 3 177
1 98 112
1 162 138
2 109 102
1 72 30
1 155 12
2 36 121
1 95 2
1 2 130
2 18 62
2 64 28
2 170 14
2 77 18
2 120 9
1 138 18
2 62 93
2 95 47
1 77 39
2 168 158
2 44 30
1 165 109
2 22 27
1 24 166
1 1 13
2 115 107
1 176 70
2 139 75
1 146 126
1 26 104
2 148 119
2 51 122
2 15 20
1 84 72
2 73 8
2 163 79
1 26 169
1 26 97
1 175 38
2 87 152
2 24 152
1 124 71
2 142 127
2 34 163
2 136 50
1 152 172
2 16 169
2 144 16
1 67 64
2 89 49
2 142 59
2 14 69
2 168 21
2 167 40
1 99 56
1 30 12
1 179 177
1 152 140
2 42 56
1 174 86
2 101 32
1 114 67
2 14 2
2 149 131
2 162 13
1 21 136
1 99 85
2 31 38
1 95 38
2 42 70
1 53 68
1 162 147
1 99 150
1 109 129
2 47 147
1 145 143
2 69 44
2 25 44
2 66 101
2 2 99
2 79 4
1 164 115
2 62 20
1 115 79
1 90 139
2 167 116
2 77 109
2 40 143
1 113 36
2 88 4
1 60 179
1 60 166
2 8 22
2 144 87
2 159 136
1 46 29
1 73 34
2 25 102
2 135 77
1 59 165
1 179 42
2 85 105
2 47 107
1 58 34
2 77 69
1 75 177
2 123 6
1 83 173
1 175 176
1 56 151
1 179 117
1 51 43
1 40 50
1 41 142
2 90 120
1 3 158
1 140 15
2 148 40
1 130 1
2 17 89
2 52 129
1 59 3
2 131 90
1 94 105
1 42 39
2 119 128
1 159 56
2 38 92
2 81 172
2 178 46
2 38 62
2 114 143
2 74 98
1 14 179
2 131 76
2 11 98
2 23 167
1 165 142
2 34 103
2 83 47
1 34 87
1 45 14
1 77 131
1 155 3
1 102 87
1 114 9
1 80 123
1 164 116
2 171 92
2 105 88
1 5 134
1 136 121
1 50 88
2 64 149
2 142 3
2 15 126
2 49 149
2 164 80
1 14 41
2 179 6
2 58 54
2 77 108
2 95 148
2 132 150
2 32 64
1 58 155
2 58 23
1 122 174
2 114 102
1 143 46
1 84 167
2 131 125
1 105 170
2 59 81
2 155 73
2 64 59
1 13 103
1 109 80
1 40 78
2 22 17
2 65 142
1 27 108
1 102 137
1 9 89
1 150 14
1 141 82
1 110 107
1 18 41
1 144 47
1 126 154
1 1 84
2 62 136
1 179 80
2 61 66
1 57 159
2 3 3
1 69 159
2 84 94
2 128 109
2 58 160
1 166 106
2 34 88
1 166 57
2 63 121
2 160 124
2 86 60
2 107 46
2 76 48
1 108 59
2 149 61
1 49 28
1 147 95
1 96 104
2 169 110
1 171 62
2 73 131
1 75 119
1 64 49
2 58 169
1 108 80
1 17 4
2 58 18
1 135 134
1 101 117
1 136 121
1 18 100
1 158 21
1 15 97
1 19 64
1 50 120
2 114 126
2 118 123
1 70 72
2 61 32
2 157 8
1 129 87
2 104 28
2 41 178
2 164 25
1 59 31
2 4 123
1 54 147
1 96 31
2 117 155
2 49 172
2 113 23
2 142 163
2 98 75
1 139 103
2 162 166
2 34 162
1 41 38
1 52 11
1 130 16
1 12 122
1 30 92
1 10 138
2 111 102
2 55 125
1 143 129
2 178 91
2 35 67
1 34 68
1 3 174
2 175 62
2 37 162
2 61 64
2 90 164
2 49 78
1 13 59
2 75 142
2 164 158
2 24 75
2 25 24
1 84 107
1 169 71
2 88 127
1 107 131
2 74 7
2 45 73
2 179 113
2 101 163
1 21 107
2 128 150
2 95 8
1 80 79
2 149 128
2 20 138
2 145 142
2 118 93
1 9 3
1 32 78
2 26 15
1 118 148
1 165 126
1 1 23
2 52 123
1 161 148
1 120 52
1 117 70
1 121 108
1 48 144
2 114 52
1 127 92
2 96 15
2 36 126
2 5 118
2 148 13
1 173 66
1 135 110
2 72 121
1 98 74
1 79 133
1 170 110
2 144 42
2 91 74
2 137 7
2 112 156
1 7 85
1 112 150
1 36 175
2 94 119
1 40 160
1 27 116
1 17 117
1 90 146
2 56 40
1 33 30
2 92 19
1 52 142
2 162 97
1 86 75
1 13 50
1 75 118
1 129 105
1 178 52
2 17 9
2 103 93
1 143 33
1 129 167
1 148 171
2 20 35
2 152 167
1 55 16
2 43 18
1 17 30
1 128 164
1 162 139
2 63 17
2 95 41
1 110 132
1 36 50
2 175 58
2 170 32
2 12 11
2 33 49
1 179 30
2 134 151
2 64 30
2 143 5
1 105 175
1 72 63
2 144 34
1 160 36
2 134 155
1 141 146
1 2 28
2 59 164
2 15 123
2 140 90
2 103 59
2 177 158
2 40 125
2 28 55
2 154 142
2 83 42
2 58 113
1 42 78
2 98 106
2 23 130
2 110 138
2 146 45
2 159 175
2 63 83
2 4 129
2 144 8
1 39 99
1 178 169
1 121 36
1 68 39
1 103 1
2 174 66
1 145 117
2 169 176
2 162 78
1 39 1
2 174 119
1 5 118
2 79 81
1 149 144
2 49 98
1 76 62
2 6 60
2 74 94
2 62 55
2 47 20
1 29 175
1 1 76
2 90 54
2 123 62
1 117 147
1 105 113
1 134 19
1 84 85
2 65 79
2 161 141
2 37 96
1 130 140
2 128 126
1 25 147
2 67 88
1 41 53
1 167 115
1 81 39
2 75 57
1 44 147
1 26 179
1 49 60
2 140 10
1 176 157
1 172 20
1 178 103
1 134 119
1 142 138
1 116 104
1 159 136
1 26 40
1 150 127
1 133 78
2 19 82
2 132 150
2 2 76
2 30 157
2 179 45
1 25 108
2 142 11
2 148 7
2 178 90
1 85 27
1 79 129
2 102 68
1 88 9
2 113 73
1 160 128
1 155 82
2 83 100
2 67 179
2 9 65
2 26 162
1 125 170
2 94 82
1 100 102
2 25 158
2 36 144
2 17 167
2 18 46
2 93 128
2 32 41
2 122 67
2 164 158
1 163 121
2 85 165
1 142 109
2 156 42
1 136 4
2 50 116
2 5 67
1 70 151
2 83 34
2 177 129
2 97 161
1 139 178
2 21 28
1 124 148
1 129 44
2 139 173
2 142 7
2 72 34
2 13 123
1 6 40
1 27 177
2 66 167
2 37 166
1 83 32
1 14 30
2 16 95
2 82 160
1 82 10
1 9 29
1 89 123
2 21 76
2 40 19
2 132 4
1 21 171
1 171 89
1 53 160
2 66 178
2 16 73
1 22 140
2 127 124
2 41 33
1 146 128
1 12 97
2 38 100
1 23 63
2 116 89
2 123 117
1 176 21
1 148 58
2 163 129
1 130 117
2 142 147
1 179 127
2 166 53
1 150 45
2 142 11
2 30 62
2 116 41
2 122 109
2 149 162
1 10 15
2 177 153
2 98 170
2 7 21
2 47 141
2 21 28
1 139 149
2 105 17
2 95 165
1 113 14
1 14 156
1 179 44
1 70 35
1 55 67
1 100 64
1 114 135
1 52 76
2 133 5
1 81 12
2 56 127
1 60 80
1 44 118
1 147 24
2 100 24
2 87 104
2 161 87
2 85 122
1 5 85
1 101 126
1 60 99
2 44 97
1 122 83
2 124 131
1 86 20
1 52 89
2 172 129
2 129 62
1 12 128
2 125 6
2 42 62
1 18 1
1 45 81
2 63 40
1 80 33
2 93 82
1 137 55
2 4 39
2 82 100
2 133 42
2 165 28
2 17 38
2 166 19
1 174 120
2 1 108
1 121 25
1 165 133
1 149 144
1 79 173
2 112 26
2 19 130
2 95 154
1 78 30
2 174 15
1 20 140
2 4 52
1 162 164
1 129 29
2 23 76
2 112 123
1 73 146
1 3 107
1 134 159
1 33 48
2 12 51
1 5 71
2 65 42
1 9 15
1 103 152
1 55 148
1 130 22
2 108 27
1 50 64
2 29 156
2 51 155
2 86 144
2 174 18
1 99 24
1 74 9
1 1 140
1 162 55
2 96 100
2 41 57
1 4 65
2 154 96
2 75 119
1 13 60
1 19 165
1 8 21
1 19 80
1 97 125
2 155 138
2 49 128
1 32 86
1 151 42
2 6 110
2 51 29
2 4 178
1 83 152
1 53 145
2 178 13
1 83 109
2 58 34
2 178 102
1 4 150
2 89 59
2 76 17
2 94 57
2 115 98
1 120 85
2 127 86
2 1 129
1 41 88
1 113 170
1 168 1
1 83 44
1 25 69
1 28 118
2 92 164
1 72 71
1 112 73
2 63 54
1 12 105
1 118 153
1 136 143
2 148 69
1 71 52
2 65 58
2 17 41
2 99 58
1 35 33
1 46 67
2 95 172
1 101 50
1 127 145
1 105 64
2 21 14
1 106 90
1 127 167
2 22 84
1 15 44
1 97 65
2 108 70
2 176 73
1 76 27
1 39 79
2 118 12
2 142 106
1 57 155
1 12 31
1 114 174
1 171 173
1 152 14
1 74 92
1 86 28
1 91 32
2 3 163
2 3 149
2 177 29
1 166 149
2 83 110
2 80 17
2 152 161
2 112 156
1 119 86
1 87 167
1 172 119
2 46 151
2 93 33
1 107 60
1 66 164
1 154 66
1 169 2
1 6 99
1 153 114
2 69 153
2 6 8
1 68 72
2 13 108
1 13 50
2 22 47
2 33 42
2 132 112
2 39 22
1 62 106
1 155 14
2 149 120
2 41 131
1 152 171
2 94 147
1 156 96
2 23 23
2 18 40
1 118 46
1 166 120
1 60 79
1 132 91
1 2 1
1 168 125
2 171 26
2 58 127
1 35 105
1 73 15
1 107 155
1 74 174
1 76 122
1 141 130
1 119 3
1 94 78
2 171 169
1 121 152
1 14 60
2 80 52
1 51 159
2 11 22
1 157 8
1 106 120
1 121 142
2 53 85
1 64 176
2 43 22
2 68 106
1 28 114
1 20 42
2 134 90
2 65 153
2 155 49
1 161 30
2 8 168
1 149 8
1 162 57
1 29 131
2 176 105
2 151 3
1 94 145
2 107 88
1 38 45
1 84 107
1 44 145
1 171 48
2 79 35
2 138 140
2 40 159
2 71 112
2 147 38
1 79 105
2 47 58
1 103 115
2 41 169
2 57 168
2 173 100
1 34 23
2 59 91
2 173 65
2 51 161
1 67 134
2 76 42
1 155 136
1 102 85
1 134 114
2 168 24
2 21 100
2 37 44
2 1 69
2 42 33
2 81 174
2 178 127
2 130 177
1 69 168
2 165 173
1 82 64
2 19 55
1 173 9
1 75 93
1 172 125
1 112 55
2 21 148
2 144 9
1 35 150
2 110 156
2 125 137
1 127 176
1 139 124
2 97 96
1 24 41
1 28 93
1 23 39
1 132 108
1 157 54
1 39 151
1 158 110
1 154 128
1 123 169
1 62 29
1 141 116
1 3 114
1 161 175
2 178 106
2 164 45
2 22 139
2 167 126
1 57 174
2 125 74
1 3 82
1 35 179
2 54 26
2 58 62
1 121 22
1 87 66
1 111 88
2 74 59
2 3 119
2 28 172
1 124 41
2 17 32
1 167 72
2 103 107
1 170 110
2 35 26
2 30 9
1 57 94
2 14 151
2 129 149
1 3 42
1 133 87
2 148 21
2 34 147
1 97 146
2 161 128
1 62 114
2 44 69
2 35 18
1 80 67
2 85 16
1 40 76
2 132 20
2 6 51
2 95 38
