534
1 503396
3 
2 
3 
4 
3 
3 
4 
2 
4 
1 973723
4 
2 
4 
4 
4 
4 
2 
3 
3 
4 
1 834981
3 
3 
4 
1 654255
3 
4 
2 
3 
1 396142
4 
3 
3 
1 248180
4 
3 
2 
4 
2 
3 
1 418501
1 402816
3 
1 923554
3 
1 780850
4 
4 
3 
2 
3 
3 
1 257753
4 
4 
1 771669
4 
2 
2 
1 763371
2 
4 
1 673987
2 
2 
2 
4 
2 
2 
3 
2 
1 136682
1 954806
2 
3 
2 
4 
3 
4 
4 
4 
3 
1 210926
2 
1 865103
3 
3 
3 
1 819087
2 
1 978242
3 
1 844203
2 
1 882521
4 
1 589000
2 
2 
3 
3 
1 372706
3 
4 
1 356808
2 
2 
2 
2 
1 623415
1 871874
2 
1 429979
1 56000
3 
3 
2 
1 983679
3 
3 
3 
3 
1 883063
2 
2 
4 
1 514247
2 
3 
2 
1 228381
4 
3 
1 214332
1 912273
3 
3 
4 
1 853089
4 
2 
4 
4 
1 51648
1 488212
2 
1 683323
2 
3 
4 
3 
3 
4 
2 
1 221774
2 
2 
1 846157
3 
1 829093
4 
1 784749
1 500539
2 
3 
1 612675
1 102217
2 
1 970708
1 308028
3 
2 
4 
3 
4 
1 673546
4 
3 
2 
4 
4 
3 
1 693016
1 920112
4 
4 
2 
2 
3 
4 
1 292488
2 
4 
4 
2 
4 
3 
2 
2 
2 
3 
1 996330
4 
1 609579
1 674249
2 
4 
1 881631
2 
2 
4 
4 
2 
2 
4 
3 
3 
3 
4 
4 
2 
1 816562
1 123169
4 
4 
4 
2 
2 
2 
2 
3 
1 95859
3 
1 648351
3 
1 503938
3 
2 
2 
2 
1 829774
2 
3 
4 
3 
4 
3 
1 711144
4 
4 
3 
1 512979
1 117632
2 
1 568346
2 
4 
2 
3 
1 773948
2 
1 739814
4 
4 
3 
1 264258
2 
1 971149
2 
2 
4 
3 
3 
4 
2 
4 
1 495390
1 894828
2 
3 
4 
4 
3 
1 931297
4 
4 
2 
4 
3 
1 163988
4 
2 
4 
1 826050
4 
4 
1 294867
2 
1 719851
3 
2 
1 241213
3 
2 
4 
3 
3 
3 
4 
4 
1 56038
2 
2 
2 
2 
1 723702
4 
3 
4 
3 
3 
3 
4 
1 562818
3 
1 834454
4 
4 
4 
2 
1 116952
4 
2 
2 
1 925569
1 938281
2 
3 
4 
3 
3 
3 
2 
3 
1 928946
2 
2 
2 
2 
3 
3 
1 777910
4 
1 657458
4 
2 
3 
1 898289
3 
4 
1 157808
1 267474
3 
2 
1 620481
3 
2 
4 
4 
1 392079
1 658341
2 
4 
4 
2 
1 980750
4 
4 
3 
2 
2 
4 
4 
4 
4 
1 665843
4 
3 
3 
4 
1 713298
1 288677
3 
3 
1 391315
1 998533
1 919828
4 
4 
3 
2 
2 
2 
2 
1 331490
2 
3 
4 
3 
4 
2 
2 
1 24829
4 
4 
3 
2 
3 
2 
2 
3 
1 840702
3 
2 
4 
4 
4 
1 747846
1 447233
1 251114
2 
1 757954
1 221787
3 
4 
1 790704
3 
4 
4 
4 
3 
3 
1 757952
3 
2 
4 
3 
2 
2 
2 
1 744929
4 
2 
3 
1 465454
2 
1 146708
4 
1 724875
2 
4 
2 
4 
3 
4 
1 506579
2 
3 
3 
4 
4 
4 
1 514959
3 
4 
2 
2 
3 
3 
2 
1 243660
1 531199
1 737637
4 
1 301914
3 
4 
1 655309
3 
2 
3 
4 
3 
1 4717
2 
2 
4 
3 
2 
3 
4 
2 
3 
4 
2 
4 
3 
1 766219
4 
2 
2 
4 
3 
1 37348
2 
2 
4 
4 
2 
2 
4 
2 
3 
4 
1 564304
3 
2 
1 144174
1 282527
3 
1 587442
3 
2 
