804
2 
2 
4 
3 
1 948747
3 
4 
1 251099
2 
1 124949
4 
3 
1 159212
1 784591
1 352605
4 
3 
4 
4 
4 
4 
1 542890
3 
3 
4 
3 
1 908192
4 
2 
2 
1 188094
4 
3 
3 
2 
1 851451
4 
3 
1 819737
4 
2 
2 
2 
2 
2 
1 121376
1 352418
3 
2 
3 
3 
1 665809
1 167438
3 
1 663652
1 796077
3 
4 
1 171052
1 188389
4 
4 
2 
4 
3 
1 711114
4 
1 581867
4 
2 
3 
1 171030
2 
1 689221
3 
1 411774
2 
3 
2 
1 364839
4 
1 919524
2 
2 
4 
1 57545
4 
2 
4 
3 
4 
4 
2 
4 
1 554225
4 
3 
4 
3 
4 
3 
1 180802
2 
4 
3 
1 841657
2 
1 815802
1 887692
2 
1 327570
1 26233
4 
3 
2 
1 985605
2 
1 427835
3 
4 
3 
2 
1 980870
3 
1 912920
4 
4 
1 5768
3 
2 
4 
4 
2 
2 
1 753914
4 
3 
3 
3 
3 
2 
2 
1 805410
3 
1 574843
3 
1 500319
2 
4 
3 
2 
4 
2 
1 459270
2 
1 340812
2 
3 
2 
4 
3 
1 15805
4 
3 
1 925470
2 
4 
4 
2 
4 
2 
4 
3 
4 
2 
3 
4 
4 
3 
1 75846
1 324572
3 
3 
3 
4 
2 
3 
3 
2 
4 
1 900117
2 
3 
1 471310
1 808524
1 511208
3 
1 553151
1 101955
1 924676
1 826220
1 326541
4 
1 839938
3 
2 
3 
2 
4 
4 
2 
2 
4 
4 
3 
1 822374
4 
4 
3 
2 
3 
3 
3 
1 798667
3 
4 
1 931920
4 
4 
4 
1 312506
3 
1 995365
3 
3 
4 
4 
2 
4 
3 
1 13081
1 266692
1 963856
3 
2 
4 
4 
1 507753
4 
1 682664
3 
4 
3 
4 
4 
2 
4 
2 
4 
1 90222
1 374665
2 
1 948505
3 
3 
2 
4 
1 702832
3 
1 530087
4 
2 
2 
2 
2 
2 
1 366310
3 
3 
1 789434
3 
1 494538
4 
2 
4 
3 
1 572875
1 690974
4 
4 
2 
3 
4 
3 
2 
4 
2 
1 369142
2 
3 
1 345786
3 
3 
2 
4 
3 
3 
1 825375
4 
1 892499
4 
3 
3 
1 206835
1 63044
2 
2 
4 
4 
4 
3 
2 
4 
4 
3 
2 
3 
1 500325
4 
2 
2 
2 
2 
1 829962
2 
4 
2 
4 
1 648929
4 
2 
2 
2 
3 
1 389270
1 310863
1 180030
3 
3 
3 
1 354038
2 
3 
1 869607
2 
1 697045
4 
2 
4 
3 
4 
4 
2 
3 
2 
3 
1 25015
3 
4 
3 
2 
2 
2 
4 
4 
3 
2 
3 
1 723676
3 
4 
2 
3 
3 
4 
4 
3 
4 
3 
1 535714
3 
1 969024
3 
4 
2 
2 
2 
3 
1 229062
1 172018
3 
3 
4 
2 
4 
2 
2 
1 187477
3 
2 
2 
1 663288
3 
2 
4 
2 
1 523586
4 
2 
2 
4 
3 
2 
3 
1 315618
4 
2 
2 
2 
2 
3 
2 
2 
2 
2 
2 
4 
1 591901
2 
2 
1 891663
1 831011
3 
1 246436
1 276982
1 189656
2 
1 515424
4 
1 441770
2 
4 
1 879526
4 
4 
2 
3 
1 206933
3 
2 
4 
1 193352
2 
3 
4 
1 858588
4 
4 
4 
3 
2 
4 
1 593466
1 326551
3 
2 
3 
4 
4 
1 169790
1 409429
3 
3 
2 
4 
3 
3 
1 48328
2 
2 
3 
2 
4 
3 
3 
2 
2 
1 131097
3 
2 
1 196992
1 432119
1 242924
4 
2 
2 
3 
3 
4 
3 
1 855774
4 
3 
4 
3 
3 
1 594745
1 866959
2 
1 513357
1 207295
1 474467
4 
3 
4 
4 
1 17343
2 
2 
2 
2 
4 
2 
4 
1 666108
3 
1 645264
3 
4 
4 
4 
4 
1 759143
2 
2 
3 
4 
4 
4 
4 
1 915196
4 
1 727146
2 
3 
2 
1 341693
3 
3 
2 
4 
4 
2 
3 
3 
4 
2 
1 328211
3 
3 
4 
2 
2 
2 
1 611977
3 
2 
1 986319
1 332388
1 810257
3 
4 
3 
3 
2 
3 
2 
1 84936
4 
3 
1 967106
3 
1 690525
2 
3 
2 
4 
2 
4 
3 
1 413955
1 604192
3 
3 
1 146146
1 953959
2 
3 
3 
4 
4 
4 
2 
2 
4 
2 
4 
4 
3 
1 603121
1 908398
1 350642
4 
2 
2 
4 
4 
3 
3 
1 409016
3 
1 152533
3 
3 
3 
3 
1 546381
1 715052
1 604833
3 
2 
1 486828
1 687973
3 
2 
2 
2 
1 609662
1 33198
3 
1 103227
4 
2 
4 
4 
4 
4 
1 887528
4 
2 
4 
3 
1 368849
1 579765
2 
4 
4 
2 
1 985958
3 
4 
4 
2 
3 
1 731573
4 
3 
3 
2 
2 
4 
3 
2 
1 727606
4 
3 
1 426502
4 
3 
3 
1 529042
1 933703
2 
2 
4 
1 890654
3 
2 
2 
3 
1 409700
4 
1 61060
3 
2 
1 829935
3 
4 
3 
4 
4 
3 
2 
4 
4 
3 
1 329971
2 
2 
1 306828
1 12998
4 
3 
2 
4 
1 62892
2 
1 744754
4 
2 
3 
2 
2 
1 614003
3 
4 
4 
2 
2 
2 
1 351587
2 
1 803633
2 
3 
1 371599
3 
3 
4 
1 426799
1 159081
1 829035
4 
3 
4 
4 
4 
2 
1 535737
3 
4 
3 
4 
3 
2 
4 
2 
3 
2 
3 
4 
3 
2 
2 
1 397179
4 
2 
4 
3 
1 698705
2 
2 
1 14385
2 
3 
4 
4 
4 
2 
1 402302
3 
1 840557
3 
1 11779
4 
4 
2 
4 
2 
4 
3 
3 
3 
4 
