770
3 
4 
4 
4 
3 
1 734673
3 
3 
3 
2 
2 
3 
1 757237
2 
3 
4 
1 634772
1 802626
2 
2 
2 
1 58630
4 
4 
4 
2 
3 
3 
3 
4 
1 139959
4 
1 329914
2 
1 130459
4 
2 
2 
2 
1 659023
3 
2 
3 
3 
4 
4 
1 363040
2 
1 475783
4 
2 
3 
1 605973
4 
4 
4 
3 
2 
3 
4 
2 
2 
3 
2 
3 
3 
4 
2 
3 
2 
4 
4 
2 
1 147812
4 
4 
1 877178
3 
1 793144
1 720824
2 
2 
4 
2 
4 
3 
4 
2 
4 
2 
2 
3 
2 
2 
3 
4 
1 359620
1 748785
1 238033
2 
3 
1 924637
2 
2 
2 
2 
4 
4 
1 542273
3 
3 
1 132270
3 
2 
2 
3 
2 
4 
4 
4 
2 
1 368013
1 485762
1 344623
4 
2 
1 16727
4 
2 
2 
1 530855
3 
3 
3 
3 
1 608249
2 
2 
4 
4 
1 93482
1 582260
1 131638
1 381672
1 471918
4 
3 
3 
3 
3 
1 889906
3 
1 636504
2 
2 
2 
1 227727
4 
4 
3 
4 
4 
4 
2 
1 974240
3 
1 180762
1 70790
2 
4 
3 
4 
3 
1 714917
2 
2 
4 
3 
1 562104
4 
2 
3 
4 
1 706558
2 
2 
3 
4 
1 871550
2 
1 484119
2 
4 
1 914016
3 
1 559049
2 
2 
2 
4 
3 
1 790969
2 
2 
1 759555
4 
3 
1 312602
1 195233
2 
2 
4 
2 
4 
1 403192
2 
4 
3 
2 
2 
4 
3 
4 
4 
3 
3 
3 
4 
1 200786
3 
1 556583
2 
2 
3 
2 
2 
2 
2 
3 
4 
3 
3 
3 
4 
4 
2 
1 681644
2 
3 
2 
2 
2 
2 
3 
2 
3 
2 
3 
4 
1 478676
1 125929
3 
3 
1 288969
1 293045
3 
3 
4 
2 
4 
1 233677
3 
3 
1 865247
1 957344
2 
3 
1 916388
3 
4 
2 
2 
1 367308
2 
4 
2 
4 
2 
2 
3 
2 
2 
3 
1 578394
1 502959
2 
4 
2 
2 
3 
1 938565
3 
1 475715
4 
2 
3 
2 
1 649448
1 453059
1 409211
1 106052
1 665359
2 
2 
4 
4 
4 
2 
2 
3 
4 
1 7856
3 
2 
1 133057
1 289769
4 
4 
4 
4 
3 
3 
1 744867
2 
1 777040
2 
4 
3 
4 
4 
3 
1 365481
2 
1 894178
4 
2 
2 
4 
4 
1 628248
4 
2 
1 214665
3 
2 
4 
4 
3 
3 
3 
4 
2 
1 231833
3 
2 
3 
3 
1 143137
2 
1 387383
1 295298
2 
2 
4 
1 788476
3 
3 
1 198678
2 
2 
4 
3 
1 11840
2 
2 
2 
4 
2 
1 547122
1 550872
1 420409
2 
4 
2 
3 
2 
4 
1 251583
1 442261
4 
3 
4 
2 
2 
4 
4 
2 
3 
3 
1 691999
3 
4 
1 122204
1 599842
4 
2 
4 
4 
4 
1 772901
1 572046
3 
2 
1 314126
3 
1 225776
1 963049
1 799722
3 
1 721010
2 
4 
4 
1 449976
1 656162
4 
1 443366
4 
4 
3 
3 
3 
3 
1 322240
2 
3 
3 
4 
3 
3 
2 
2 
4 
2 
2 
1 623748
4 
3 
2 
1 698596
1 597185
1 754811
1 230250
3 
4 
3 
2 
1 501909
2 
1 327549
2 
1 443532
2 
2 
1 665571
1 990022
2 
4 
2 
1 747206
3 
1 171037
2 
2 
2 
3 
3 
1 685586
4 
1 610733
1 224206
4 
3 
4 
3 
1 647746
2 
3 
4 
2 
4 
4 
1 59253
1 762329
2 
3 
4 
3 
1 909960
1 714009
2 
4 
4 
4 
3 
1 16993
3 
3 
3 
4 
1 613189
4 
3 
4 
1 812796
2 
2 
3 
4 
3 
2 
3 
2 
4 
2 
1 205749
4 
3 
2 
2 
2 
1 99688
1 275825
3 
4 
2 
4 
1 101194
4 
4 
2 
3 
3 
4 
1 622368
1 833757
2 
2 
2 
3 
4 
1 805501
2 
1 330880
4 
4 
3 
1 440165
4 
4 
4 
1 953526
1 287217
3 
3 
3 
2 
4 
4 
3 
2 
1 512736
2 
4 
2 
2 
3 
3 
1 819766
1 843072
1 34853
4 
3 
2 
2 
1 822896
4 
1 86183
1 836771
2 
4 
4 
4 
4 
1 645068
3 
2 
2 
3 
2 
1 360220
4 
4 
3 
3 
4 
3 
2 
1 333297
3 
3 
1 184199
2 
3 
2 
4 
1 504076
3 
2 
2 
2 
2 
1 235715
2 
4 
4 
2 
2 
4 
4 
2 
3 
2 
4 
3 
4 
4 
4 
4 
1 428184
3 
2 
2 
2 
2 
3 
3 
4 
2 
3 
4 
1 903855
3 
1 957598
3 
1 120089
4 
1 844781
1 549447
1 370905
4 
2 
1 746763
4 
3 
3 
2 
1 239651
3 
2 
2 
3 
1 705149
1 297733
3 
1 911870
2 
1 805696
3 
3 
2 
4 
1 6915
4 
3 
2 
3 
2 
3 
2 
1 625467
2 
4 
1 353972
3 
3 
1 623225
1 910176
3 
2 
1 868530
2 
1 92417
2 
4 
4 
4 
3 
3 
1 979945
4 
3 
4 
1 963654
4 
2 
4 
3 
3 
2 
3 
3 
4 
3 
3 
3 
4 
4 
1 434142
1 330441
2 
3 
2 
3 
1 758452
1 379119
2 
1 511890
3 
3 
1 429989
2 
1 406437
1 719290
4 
2 
3 
4 
2 
1 605409
2 
4 
2 
1 624666
4 
1 427769
3 
3 
2 
3 
