536
2 
2 
2 
2 
4 
4 
3 
2 
2 
3 
1 308803
2 
2 
3 
2 
1 910767
1 232214
1 669786
2 
3 
4 
3 
2 
3 
3 
2 
3 
1 527443
4 
1 716111
3 
3 
4 
3 
4 
3 
4 
4 
3 
1 477012
1 270590
1 495582
3 
4 
3 
2 
1 896205
4 
2 
2 
1 808651
1 706335
2 
2 
1 388815
3 
4 
4 
2 
2 
4 
1 96584
2 
2 
1 139831
3 
3 
3 
3 
1 334884
3 
3 
2 
1 577457
3 
1 559865
2 
4 
3 
1 32266
1 219859
1 418577
1 195037
3 
3 
2 
4 
1 232020
4 
1 978737
4 
3 
4 
4 
2 
3 
4 
4 
2 
2 
3 
1 563257
4 
1 118331
1 81108
2 
4 
3 
4 
2 
3 
3 
4 
2 
4 
2 
3 
1 218898
3 
3 
1 742719
1 568699
1 947259
3 
1 47252
2 
1 826851
1 975157
2 
1 341683
1 883399
2 
3 
1 369004
1 260951
2 
3 
4 
4 
1 82666
2 
4 
1 860010
3 
3 
2 
3 
4 
3 
3 
2 
4 
2 
1 264721
4 
1 564181
3 
3 
2 
1 829065
4 
3 
2 
4 
4 
1 999455
2 
3 
4 
2 
4 
1 666359
1 714338
4 
3 
1 784208
4 
1 12825
3 
4 
3 
1 717527
3 
1 645215
3 
2 
3 
3 
3 
2 
2 
4 
3 
2 
4 
1 724385
1 481541
2 
1 559757
4 
1 651518
3 
4 
1 202931
2 
1 425909
4 
2 
3 
1 449480
2 
3 
1 131532
3 
4 
4 
4 
3 
4 
2 
2 
4 
2 
4 
1 276037
3 
3 
2 
2 
1 806148
4 
3 
4 
4 
4 
1 998989
3 
1 323354
2 
4 
3 
2 
1 640596
3 
1 889855
2 
1 439193
4 
2 
4 
2 
3 
2 
1 841549
1 1138
4 
3 
3 
1 477741
1 586224
3 
4 
2 
1 33700
1 756395
2 
3 
3 
1 7677
4 
2 
3 
4 
3 
3 
2 
2 
2 
1 9887
4 
3 
2 
1 451010
1 698339
3 
3 
4 
1 1008
3 
4 
3 
1 386334
3 
1 619543
1 579413
3 
3 
2 
2 
1 110556
4 
4 
3 
4 
4 
1 65423
3 
3 
4 
1 632918
1 339624
1 829138
4 
1 377824
4 
2 
4 
1 484304
4 
2 
1 5825
1 472067
3 
2 
3 
1 11082
1 804336
3 
4 
1 644427
1 670812
2 
3 
2 
3 
1 100923
3 
2 
3 
3 
3 
1 283151
4 
4 
2 
2 
2 
1 825959
1 894995
1 272616
1 161685
3 
4 
4 
4 
3 
3 
4 
3 
1 358863
3 
2 
1 18901
3 
1 914814
4 
2 
3 
4 
3 
4 
2 
1 596788
2 
3 
1 280997
1 563812
1 383097
2 
4 
3 
1 650676
2 
2 
3 
4 
1 268319
3 
3 
1 3551
1 105969
1 116441
3 
4 
1 60549
3 
2 
2 
1 567918
2 
3 
2 
1 196349
1 547681
2 
2 
1 174255
2 
1 402810
4 
3 
1 152534
1 881165
3 
4 
3 
2 
4 
1 149459
2 
1 196643
1 660616
4 
2 
3 
3 
2 
1 507384
1 691258
3 
1 768272
1 165238
2 
4 
2 
2 
3 
4 
1 874650
1 1585
4 
3 
1 448497
1 860402
1 649674
1 553502
3 
1 941492
2 
1 477920
4 
3 
2 
3 
3 
4 
1 356406
2 
1 425634
4 
3 
1 246318
1 174433
4 
3 
3 
1 504372
2 
4 
4 
4 
4 
4 
4 
2 
2 
3 
2 
2 
4 
2 
3 
2 
1 204981
3 
1 950959
2 
1 749846
2 
3 
3 
4 
1 602880
4 
2 
4 
3 
1 784661
2 
3 
4 
2 
2 
3 
1 8817
3 
2 
4 
3 
4 
1 70177
4 
2 
3 
1 149565
2 
3 
4 
3 
3 
2 
4 
1 885016
4 
2 
4 
3 
3 
4 
2 
3 
4 
4 
4 
2 
1 847711
