449
4 
2 
3 
4 
3 
4 
3 
4 
3 
3 
4 
4 
2 
1 837500
3 
2 
4 
1 782498
3 
1 396172
3 
2 
4 
4 
3 
3 
1 3905
2 
3 
1 435083
3 
4 
2 
2 
1 979357
2 
1 431999
2 
4 
2 
2 
4 
4 
3 
4 
3 
3 
2 
2 
2 
1 497829
2 
2 
2 
1 676433
1 678614
3 
2 
4 
2 
1 464076
2 
4 
2 
1 645869
4 
3 
3 
1 930226
3 
3 
2 
4 
3 
1 409817
3 
4 
1 607661
4 
3 
2 
2 
3 
3 
3 
2 
1 242735
4 
4 
2 
4 
4 
1 258583
2 
2 
3 
1 416139
1 7400
1 535671
4 
4 
1 818664
1 498163
1 44595
3 
1 82331
4 
2 
1 945994
3 
1 4618
4 
1 164905
3 
1 751693
1 811649
1 384231
2 
4 
1 812778
1 251375
1 703797
1 406340
1 584429
3 
4 
2 
2 
3 
3 
3 
1 57977
3 
4 
3 
2 
4 
3 
1 126051
1 626021
4 
3 
4 
2 
4 
2 
2 
1 838963
2 
2 
2 
3 
4 
2 
4 
2 
2 
2 
1 45924
3 
2 
4 
1 484278
2 
2 
3 
1 563832
1 255679
1 7809
2 
3 
1 897496
4 
1 735390
1 249666
1 732388
1 656612
1 543523
4 
3 
3 
4 
3 
1 215432
4 
1 33013
2 
4 
2 
3 
3 
3 
4 
3 
1 886809
4 
4 
4 
4 
2 
4 
1 809479
3 
4 
1 692041
1 179612
3 
2 
1 705640
1 155841
1 25851
4 
3 
4 
3 
1 501879
4 
3 
3 
3 
3 
3 
1 209742
3 
3 
1 745922
4 
3 
3 
2 
2 
4 
3 
3 
2 
1 87581
2 
4 
4 
2 
4 
1 301754
3 
3 
1 199991
3 
3 
2 
3 
4 
3 
1 831895
3 
3 
3 
2 
4 
1 489830
4 
1 48534
3 
3 
1 491560
4 
4 
2 
1 367734
4 
4 
1 494554
4 
4 
4 
4 
2 
3 
3 
3 
2 
2 
2 
1 464009
4 
4 
2 
4 
1 871263
4 
3 
2 
3 
1 74871
4 
1 207781
1 451158
1 548157
1 210736
2 
1 436642
3 
2 
4 
1 507610
3 
3 
3 
3 
3 
2 
1 150335
2 
1 953088
4 
3 
1 761231
1 341520
1 523612
1 540001
1 254501
2 
4 
4 
3 
2 
3 
2 
2 
4 
4 
3 
4 
4 
2 
4 
4 
1 494427
1 307181
1 39909
1 510149
2 
3 
1 121899
4 
2 
3 
1 120319
4 
4 
3 
2 
1 672553
1 17905
1 903396
3 
1 275791
4 
2 
4 
1 87123
3 
2 
4 
2 
2 
3 
4 
3 
4 
4 
1 701042
4 
2 
2 
2 
4 
2 
3 
2 
2 
4 
3 
1 959310
4 
2 
3 
2 
3 
3 
3 
3 
1 881972
3 
2 
1 812438
4 
2 
1 681184
4 
1 717169
4 
2 
4 
1 258596
1 519586
1 285300
2 
2 
4 
1 702299
4 
2 
4 
2 
1 96343
1 698048
3 
1 971322
4 
2 
3 
4 
2 
4 
1 63066
1 537942
4 
4 
4 
2 
1 672847
3 
1 58590
1 784279
1 180264
3 
3 
4 
3 
2 
3 
4 
4 
3 
3 
2 
2 
4 
2 
2 
