397
1 357212
4 
2 
2 
3 
2 
2 
1 723068
4 
3 
4 
1 902032
1 596795
4 
4 
4 
3 
1 128063
1 210344
4 
1 490082
2 
4 
2 
1 402595
1 868507
3 
1 562245
2 
1 905062
3 
4 
4 
4 
1 347364
1 203325
2 
3 
3 
3 
4 
4 
4 
2 
4 
1 841838
1 642185
3 
3 
4 
2 
3 
3 
3 
4 
4 
4 
4 
4 
2 
1 560110
2 
3 
3 
1 870354
1 78616
4 
4 
2 
2 
4 
4 
2 
1 498239
3 
1 302671
3 
1 851341
4 
1 318759
3 
1 610473
4 
3 
3 
3 
2 
4 
4 
3 
3 
4 
4 
4 
2 
3 
4 
1 959341
2 
1 801538
3 
2 
4 
2 
3 
3 
3 
4 
2 
2 
4 
1 465978
4 
4 
2 
3 
3 
2 
1 355756
1 7115
1 363886
2 
2 
3 
2 
1 588208
1 837411
2 
1 903273
4 
1 570560
4 
3 
2 
4 
1 720180
3 
4 
3 
2 
1 574525
1 873898
2 
4 
3 
4 
2 
4 
2 
2 
1 423192
4 
1 710162
3 
1 434487
2 
1 227775
3 
3 
4 
3 
4 
2 
1 961114
2 
3 
2 
3 
1 69825
2 
2 
2 
4 
4 
4 
1 903236
2 
2 
4 
3 
3 
4 
3 
3 
2 
1 481456
3 
4 
1 724839
1 51965
4 
1 582308
4 
1 889447
2 
3 
1 407682
2 
3 
1 548565
2 
1 134738
4 
1 654447
1 184601
3 
4 
4 
3 
3 
1 575151
4 
2 
2 
4 
2 
4 
3 
2 
4 
3 
2 
4 
2 
3 
1 731619
2 
1 335665
1 733047
3 
4 
1 186870
4 
2 
2 
1 511949
4 
2 
2 
2 
2 
1 924545
3 
3 
1 104660
3 
4 
3 
2 
1 524731
1 197863
1 396919
3 
4 
4 
1 577578
4 
2 
2 
4 
3 
4 
2 
3 
2 
2 
4 
1 685503
3 
4 
4 
1 405771
4 
2 
4 
2 
4 
2 
4 
1 35891
1 446483
4 
2 
3 
1 715185
1 83075
1 732821
1 897757
3 
4 
1 152021
3 
1 259000
3 
3 
3 
2 
3 
4 
1 861980
3 
3 
1 449378
2 
4 
4 
4 
4 
3 
4 
1 269825
3 
3 
2 
4 
3 
2 
3 
3 
2 
4 
1 219358
3 
1 5260
4 
2 
1 72740
3 
1 674208
1 405498
3 
3 
3 
1 808358
2 
4 
3 
3 
1 975061
2 
1 321095
4 
2 
1 751695
4 
4 
3 
4 
2 
3 
4 
3 
4 
4 
2 
3 
3 
4 
4 
3 
3 
3 
4 
4 
4 
3 
4 
2 
1 53281
2 
3 
2 
2 
4 
1 652021
3 
1 835252
2 
3 
3 
2 
4 
4 
2 
1 827106
1 454238
1 651920
2 
4 
1 452010
1 407924
3 
3 
4 
4 
1 396849
3 
