727
4 
4 
1 754273
1 422756
1 670428
2 
3 
4 
2 
2 
4 
2 
1 786765
4 
4 
4 
4 
1 184793
1 148221
1 730204
1 846480
1 477224
2 
1 916827
1 928541
1 18850
1 91210
2 
2 
2 
2 
2 
1 756322
3 
1 213733
1 129825
3 
1 561218
3 
1 103260
4 
3 
3 
4 
2 
3 
1 266289
3 
3 
4 
2 
2 
3 
2 
2 
1 383323
3 
4 
1 317369
4 
4 
3 
2 
1 122863
4 
3 
3 
2 
4 
2 
4 
2 
4 
2 
4 
1 616510
2 
4 
3 
4 
1 439117
4 
4 
4 
4 
3 
1 252235
4 
1 544581
2 
2 
1 870860
1 339873
1 53519
1 120019
1 962878
4 
2 
2 
2 
2 
1 35409
1 251098
3 
4 
2 
3 
1 158419
3 
4 
4 
4 
4 
3 
1 331536
2 
2 
4 
3 
4 
4 
2 
3 
4 
1 746815
3 
1 987490
3 
3 
1 862475
1 263129
1 598767
2 
4 
3 
4 
4 
4 
4 
3 
2 
4 
3 
1 501244
1 113498
3 
1 721194
2 
4 
4 
2 
2 
4 
4 
3 
1 62097
3 
3 
1 411410
4 
4 
2 
1 155422
3 
1 151742
2 
4 
2 
4 
4 
1 19711
4 
1 989232
1 65738
3 
4 
3 
1 703359
3 
1 884024
4 
2 
1 509685
3 
2 
1 655820
3 
2 
4 
4 
4 
4 
2 
2 
2 
2 
3 
4 
1 474315
2 
2 
3 
1 678905
1 668283
1 979517
4 
3 
2 
4 
3 
4 
4 
1 881885
1 799489
2 
4 
4 
3 
2 
1 295525
3 
3 
3 
3 
4 
4 
1 933690
3 
1 456950
2 
4 
2 
3 
4 
1 458040
1 630033
2 
2 
4 
1 733723
3 
3 
2 
1 180505
4 
4 
3 
3 
4 
1 907229
1 673985
2 
1 333602
1 111943
1 542614
4 
3 
1 647251
1 923284
2 
4 
3 
3 
1 103884
4 
2 
2 
1 688691
2 
2 
2 
3 
4 
3 
4 
4 
1 824625
4 
2 
2 
3 
2 
3 
4 
3 
2 
2 
2 
2 
1 546448
2 
1 676976
2 
1 431217
2 
1 715934
1 225649
2 
2 
1 92939
3 
2 
2 
4 
1 767787
1 239785
4 
3 
2 
3 
3 
1 157888
2 
3 
2 
2 
1 870784
1 241953
4 
2 
3 
2 
1 858614
1 179928
1 803155
4 
2 
2 
4 
3 
4 
2 
2 
4 
2 
3 
4 
4 
4 
1 789493
4 
4 
3 
1 111917
2 
2 
2 
2 
4 
1 368099
2 
2 
4 
4 
2 
2 
1 762405
4 
3 
1 57981
2 
4 
1 638082
4 
2 
2 
4 
1 412807
2 
4 
3 
1 870971
4 
3 
3 
3 
3 
1 504102
2 
4 
1 754828
1 569824
4 
4 
1 565536
3 
3 
1 619353
1 607076
4 
2 
3 
4 
4 
2 
4 
3 
4 
2 
2 
1 487373
4 
1 669531
4 
4 
1 424706
3 
2 
1 970454
1 332084
3 
1 683575
2 
1 230380
2 
1 456881
2 
1 196143
4 
2 
1 988199
4 
2 
4 
1 644090
3 
2 
1 916143
2 
1 670778
2 
4 
1 179568
1 485682
3 
3 
2 
4 
1 688645
2 
1 50251
1 89231
4 
1 326364
1 58557
2 
2 
1 396256
1 611072
1 358981
3 
4 
4 
2 
2 
1 598835
3 
1 169637
4 
3 
2 
1 908666
3 
1 765601
3 
4 
3 
3 
1 692227
3 
4 
3 
4 
1 630932
2 
3 
4 
2 
3 
3 
1 898742
1 416652
1 63290
2 
1 55606
4 
1 160893
1 834939
3 
4 
4 
3 
2 
2 
3 
3 
3 
3 
1 457370
1 69080
1 757245
4 
3 
2 
4 
2 
4 
1 759775
4 
4 
1 715985
2 
3 
2 
4 
1 252254
1 626889
1 925385
4 
3 
2 
3 
1 268199
2 
2 
3 
2 
1 944023
4 
2 
3 
3 
2 
3 
4 
1 482230
4 
4 
4 
1 203428
1 710304
1 421644
4 
2 
2 
4 
1 125571
3 
2 
4 
2 
2 
2 
4 
3 
1 688984
4 
2 
3 
2 
1 41849
1 969189
2 
1 745770
3 
1 807073
4 
2 
2 
3 
3 
3 
2 
2 
4 
2 
3 
1 567395
2 
2 
1 271108
4 
4 
3 
3 
4 
2 
3 
4 
1 234546
1 26295
2 
3 
3 
1 232972
3 
2 
2 
1 801278
4 
2 
3 
3 
3 
2 
1 654476
3 
4 
3 
4 
2 
4 
1 390728
4 
4 
3 
3 
3 
1 525586
3 
2 
4 
2 
3 
3 
2 
1 982045
1 871588
3 
1 360550
3 
1 381199
1 892094
4 
4 
1 454298
2 
2 
2 
2 
3 
4 
1 24975
1 315005
2 
3 
3 
2 
2 
4 
1 149107
2 
3 
3 
1 327002
4 
4 
3 
4 
1 350379
1 55002
4 
1 592823
2 
4 
3 
4 
2 
1 426761
1 62110
2 
1 574937
3 
2 
2 
4 
1 306272
3 
3 
2 
1 963958
3 
2 
4 
3 
1 172092
1 362167
4 
1 955367
4 
1 878488
2 
2 
1 706028
1 817929
4 
1 925208
3 
4 
1 430122
4 
4 
3 
1 201286
4 
4 
1 250807
4 
3 
3 
4 
2 
4 
4 
1 264777
1 337426
4 
4 
4 
3 
3 
1 948193
2 
4 
1 479344
4 
2 
