380
1 982552
2 
1 912796
1 960950
1 736581
4 
4 
4 
1 688789
2 
1 871775
1 138542
4 
1 391040
1 833996
1 822670
3 
1 604166
3 
2 
1 607486
3 
3 
2 
4 
4 
2 
3 
4 
4 
2 
4 
3 
3 
3 
4 
4 
2 
3 
4 
3 
3 
3 
1 740957
4 
1 589823
1 511689
1 376994
4 
3 
2 
4 
2 
1 883608
1 348342
4 
4 
4 
2 
1 522054
3 
4 
3 
4 
2 
3 
2 
1 212792
1 555467
4 
2 
2 
3 
2 
2 
3 
2 
1 924712
3 
4 
4 
4 
2 
2 
2 
2 
4 
4 
3 
1 729707
3 
1 636181
2 
1 212742
2 
3 
4 
1 147899
1 599270
3 
1 646026
3 
4 
4 
3 
3 
4 
2 
4 
2 
3 
2 
4 
1 197236
4 
3 
3 
3 
4 
4 
2 
2 
2 
1 569131
4 
3 
1 349714
2 
2 
1 307834
1 50486
2 
3 
2 
4 
4 
2 
3 
3 
2 
3 
1 88405
1 981940
3 
2 
2 
3 
3 
4 
4 
2 
1 525411
1 571594
3 
2 
3 
3 
1 63344
1 55849
4 
2 
2 
3 
1 569841
1 919180
2 
3 
3 
1 421810
1 40264
3 
1 175511
2 
2 
1 9244
3 
4 
3 
3 
2 
2 
3 
2 
4 
4 
1 216519
3 
2 
1 110248
2 
4 
3 
4 
2 
4 
2 
2 
2 
4 
2 
1 588650
3 
4 
1 134261
3 
3 
1 244751
3 
4 
2 
3 
1 203239
3 
1 948528
3 
3 
3 
2 
3 
2 
1 325413
3 
2 
3 
1 952179
2 
4 
1 623419
3 
2 
4 
3 
4 
3 
1 768342
2 
1 974010
3 
4 
4 
4 
3 
3 
2 
1 448259
2 
1 716163
4 
2 
2 
4 
2 
3 
4 
2 
3 
3 
4 
2 
3 
2 
1 335735
1 969235
2 
2 
1 969670
1 290749
3 
2 
4 
1 266379
3 
4 
3 
4 
4 
1 59116
4 
2 
2 
4 
1 887123
3 
3 
4 
2 
4 
1 63570
3 
1 871501
2 
2 
3 
4 
1 130349
2 
2 
3 
1 394495
3 
2 
1 190643
4 
2 
2 
4 
4 
1 601386
3 
4 
1 770748
1 878449
3 
2 
4 
4 
1 938867
4 
3 
2 
3 
1 7004
4 
3 
2 
3 
4 
3 
3 
2 
3 
1 28529
2 
2 
3 
3 
2 
1 135144
1 587374
1 259882
2 
2 
2 
3 
2 
4 
1 794477
2 
3 
4 
1 648042
2 
1 288527
1 752081
3 
3 
4 
1 249229
3 
3 
1 725512
4 
1 581635
1 81715
3 
1 59300
2 
3 
3 
1 438780
4 
1 508024
3 
3 
1 213226
1 340092
4 
4 
3 
1 837164
