764
4 
2 
3 
2 
1 323140
3 
2 
3 
3 
1 35276
1 462387
4 
4 
2 
3 
4 
3 
3 
4 
1 38576
1 335532
1 624669
1 444187
1 19721
3 
4 
3 
1 809294
2 
3 
1 586470
4 
4 
4 
3 
1 735689
4 
3 
4 
3 
2 
1 1233
4 
1 579831
1 709787
3 
3 
1 983992
3 
2 
3 
4 
3 
4 
4 
4 
2 
3 
1 439804
3 
3 
2 
1 669610
4 
3 
2 
3 
4 
4 
1 916556
3 
3 
1 256512
1 98458
4 
2 
2 
3 
4 
3 
3 
2 
1 802452
2 
2 
3 
1 185710
4 
2 
3 
4 
2 
3 
1 828838
4 
2 
1 153992
2 
4 
2 
2 
2 
4 
3 
2 
4 
2 
1 743498
1 149139
2 
4 
2 
2 
3 
3 
2 
4 
1 236842
3 
2 
4 
2 
2 
3 
2 
2 
3 
4 
1 841129
4 
3 
2 
2 
3 
2 
4 
4 
1 159171
4 
3 
3 
3 
3 
1 178637
3 
4 
4 
2 
2 
2 
4 
4 
4 
2 
4 
2 
4 
3 
4 
1 879752
2 
2 
4 
2 
2 
4 
1 618941
2 
3 
4 
1 224915
4 
3 
4 
3 
1 389675
3 
2 
3 
4 
1 838638
1 444834
4 
3 
2 
2 
4 
2 
1 831605
4 
1 439355
4 
4 
3 
3 
4 
4 
1 426154
4 
1 125141
2 
4 
3 
2 
3 
1 322504
4 
4 
1 818656
4 
3 
3 
4 
1 953660
4 
1 526203
1 855563
3 
1 859710
1 289054
3 
2 
3 
2 
3 
2 
3 
3 
3 
3 
1 113697
3 
4 
3 
4 
3 
4 
3 
2 
4 
4 
2 
3 
3 
4 
2 
4 
4 
1 32806
2 
2 
1 490925
4 
1 277180
1 527466
3 
3 
2 
4 
2 
3 
2 
3 
1 947431
1 488921
1 534503
3 
2 
2 
1 330431
2 
4 
2 
3 
1 92183
3 
3 
4 
1 418567
2 
3 
4 
4 
4 
2 
1 675524
4 
4 
2 
3 
4 
3 
3 
3 
3 
1 429977
4 
2 
2 
2 
3 
3 
3 
4 
3 
1 58589
4 
1 111718
2 
2 
1 722117
4 
1 962932
3 
3 
4 
2 
2 
3 
4 
4 
1 370707
3 
2 
1 64780
4 
3 
1 909833
1 683851
1 136497
1 324337
1 458574
2 
2 
3 
1 233408
2 
2 
1 601756
3 
1 398717
4 
3 
1 707617
2 
4 
2 
1 532378
1 368689
4 
1 291726
4 
3 
3 
3 
2 
3 
3 
1 727101
1 231110
1 321575
1 397398
4 
1 605373
4 
4 
3 
2 
2 
3 
1 565628
1 289740
3 
3 
3 
1 769924
1 139631
1 551998
2 
1 124639
3 
2 
1 120621
2 
3 
4 
3 
2 
4 
2 
3 
2 
2 
1 844963
3 
3 
3 
1 87283
4 
3 
1 726055
1 838764
1 39240
4 
3 
2 
2 
3 
1 158827
3 
4 
3 
3 
4 
3 
3 
2 
4 
2 
3 
3 
4 
1 951177
3 
4 
3 
3 
3 
4 
1 933808
1 865468
2 
1 196770
4 
1 67224
1 840970
1 642208
3 
3 
3 
4 
1 270426
1 156674
1 28202
3 
3 
2 
1 174741
1 319717
3 
1 861199
1 517222
2 
2 
2 
3 
1 67816
2 
1 710036
1 796623
4 
3 
3 
4 
1 624966
2 
3 
2 
1 71850
4 
2 
2 
2 
4 
3 
3 
4 
2 
1 886771
1 732632
3 
3 
4 
2 
4 
4 
2 
1 812368
4 
3 
4 
3 
3 
1 816595
2 
4 
2 
1 158173
3 
1 46328
4 
1 502059
2 
4 
2 
4 
2 
1 569964
2 
4 
4 
4 
4 
3 
2 
4 
1 310883
3 
4 
2 
1 832357
4 
2 
1 128400
4 
4 
1 712112
4 
4 
3 
2 
2 
3 
3 
2 
3 
2 
1 805922
4 
2 
3 
3 
4 
3 
2 
4 
2 
3 
3 
4 
4 
4 
4 
4 
3 
2 
2 
1 906861
4 
2 
3 
3 
3 
2 
3 
1 617475
3 
4 
1 310406
2 
2 
3 
3 
4 
4 
2 
3 
2 
1 616592
3 
4 
4 
2 
3 
4 
3 
1 466662
1 449840
2 
3 
1 276678
4 
3 
2 
1 125313
4 
4 
4 
4 
3 
2 
4 
4 
2 
1 639081
4 
2 
1 446378
4 
1 300503
3 
1 112494
4 
2 
2 
2 
4 
4 
3 
3 
3 
1 323035
1 536419
3 
3 
1 856873
1 412829
3 
3 
2 
2 
3 
2 
4 
3 
3 
4 
4 
4 
2 
4 
4 
2 
4 
3 
2 
2 
3 
4 
2 
2 
1 795260
3 
1 323445
3 
3 
3 
1 234416
2 
1 204486
4 
4 
1 558108
4 
2 
3 
3 
3 
4 
1 928905
3 
3 
1 423258
1 471122
4 
3 
4 
4 
4 
3 
1 130373
3 
1 59335
1 697453
4 
3 
3 
3 
3 
4 
3 
1 103489
1 148186
2 
4 
3 
4 
1 78835
2 
3 
3 
1 740545
4 
4 
4 
4 
3 
1 687733
3 
1 764645
2 
2 
3 
4 
1 230551
2 
4 
1 670366
1 393812
4 
1 669457
4 
2 
3 
4 
1 661002
3 
3 
1 754068
1 766235
4 
4 
1 944765
2 
2 
3 
2 
3 
4 
3 
1 725477
3 
2 
4 
4 
1 481350
3 
4 
3 
3 
4 
4 
2 
2 
1 232277
2 
1 229339
2 
4 
2 
1 741241
4 
2 
1 864939
