312
1 327963
3 
4 
1 916431
1 775400
2 
4 
4 
2 
4 
3 
4 
1 753165
1 570954
1 153993
1 341300
1 325576
1 28168
1 676761
3 
1 901752
2 
2 
1 343741
3 
4 
4 
3 
4 
3 
2 
1 755487
4 
1 269014
1 489868
4 
4 
2 
3 
3 
3 
2 
1 552668
4 
1 799418
2 
3 
2 
2 
2 
3 
1 703431
1 678804
4 
3 
1 432761
3 
1 671017
1 123230
1 639420
3 
1 891144
1 134904
1 552278
1 439235
4 
2 
4 
3 
1 278154
3 
3 
1 669064
2 
3 
4 
1 933659
3 
3 
4 
4 
1 151353
4 
4 
1 56423
1 496578
3 
3 
1 916843
3 
2 
1 208112
2 
1 486499
2 
4 
2 
3 
3 
2 
3 
2 
2 
2 
3 
3 
4 
2 
3 
4 
3 
3 
3 
4 
3 
3 
1 407201
1 493483
2 
1 446926
4 
1 809649
1 221983
1 493445
2 
4 
1 676680
4 
1 14890
3 
3 
1 494350
4 
3 
2 
3 
3 
3 
1 240520
3 
3 
2 
3 
1 567592
2 
3 
2 
2 
4 
1 60104
4 
3 
2 
3 
3 
2 
2 
2 
1 318203
4 
1 123467
3 
1 980704
3 
4 
4 
1 553763
3 
4 
4 
3 
2 
1 359036
4 
4 
4 
2 
2 
3 
1 288213
3 
1 236601
3 
3 
3 
2 
1 462298
3 
2 
4 
2 
1 956418
1 767275
1 977254
4 
4 
4 
3 
1 196198
3 
4 
2 
4 
3 
2 
4 
1 489435
2 
1 729641
3 
3 
3 
2 
4 
2 
2 
3 
2 
3 
3 
1 635889
1 108236
3 
1 661528
1 37194
4 
3 
2 
3 
1 588252
3 
3 
1 607493
2 
3 
1 67324
1 489521
4 
2 
2 
2 
4 
1 601907
1 922688
3 
1 942240
3 
1 166760
3 
2 
3 
3 
2 
1 574925
1 230113
1 230387
4 
4 
4 
3 
2 
1 631725
1 43128
1 826417
4 
3 
4 
2 
1 179535
1 928615
3 
4 
1 182497
2 
1 696776
4 
2 
2 
1 52559
3 
1 767465
2 
4 
4 
4 
2 
4 
2 
2 
1 261881
4 
4 
1 358488
3 
3 
1 2485
1 556629
1 49750
4 
3 
4 
1 602467
4 
2 
2 
1 36074
3 
1 235093
4 
2 
3 
4 
