332
4 
3 
4 
4 
2 
2 
2 
3 
1 540801
3 
4 
3 
2 
1 295841
4 
2 
2 
2 
1 135489
4 
4 
2 
3 
3 
4 
1 237314
1 830606
2 
2 
4 
4 
4 
4 
4 
2 
3 
3 
3 
3 
3 
3 
2 
3 
3 
3 
1 979786
4 
4 
3 
2 
1 766756
1 523551
3 
4 
2 
2 
2 
1 38386
3 
2 
4 
4 
3 
2 
4 
3 
1 644383
1 145482
2 
2 
2 
1 953657
4 
4 
4 
2 
1 195051
2 
2 
1 308263
4 
3 
3 
3 
1 302338
4 
2 
3 
4 
4 
3 
1 113670
4 
3 
3 
3 
2 
2 
2 
2 
3 
1 714204
3 
3 
2 
3 
4 
4 
3 
2 
2 
4 
3 
2 
4 
3 
4 
3 
2 
3 
1 872116
4 
1 749108
2 
3 
4 
1 833171
2 
1 280639
2 
3 
4 
4 
4 
2 
4 
2 
4 
1 640303
4 
3 
2 
1 897988
2 
1 426651
2 
2 
3 
1 914151
3 
1 352736
4 
3 
2 
4 
4 
4 
1 660974
4 
4 
3 
4 
3 
4 
2 
2 
3 
3 
3 
1 140415
3 
1 156510
1 380215
2 
4 
3 
2 
3 
4 
4 
3 
4 
1 659059
3 
3 
4 
2 
2 
2 
4 
4 
1 332896
3 
2 
1 111219
2 
1 646784
4 
1 492820
2 
4 
1 201824
4 
2 
1 338187
3 
3 
1 230864
3 
1 934089
1 385295
2 
3 
3 
2 
2 
1 812654
2 
3 
4 
4 
2 
3 
1 533639
2 
1 235387
1 645936
4 
1 496178
1 894600
3 
1 975654
3 
3 
3 
1 691549
2 
4 
1 637330
3 
3 
2 
4 
3 
4 
3 
1 995971
2 
4 
1 915029
4 
2 
3 
1 225837
1 722488
4 
1 698359
2 
1 239347
3 
2 
2 
3 
4 
3 
4 
2 
3 
3 
4 
3 
1 777446
3 
3 
2 
3 
2 
4 
1 539570
1 801311
4 
2 
4 
4 
1 318447
1 798031
2 
4 
3 
3 
2 
3 
4 
3 
1 221510
4 
1 639462
4 
2 
3 
2 
1 192693
1 996891
1 93473
2 
2 
2 
1 563336
3 
1 708276
1 427167
2 
3 
2 
1 717343
3 
1 871657
3 
1 778847
1 44169
2 
4 
2 
2 
1 687709
3 
2 
4 
4 
4 
3 
1 676913
