245
1 228182
3 
1 390150
1 738060
2 
4 
4 
2 
4 
4 
3 
1 83485
3 
3 
4 
4 
2 
1 200690
1 982556
1 651627
3 
4 
3 
1 642269
1 765430
4 
3 
4 
1 911019
4 
2 
4 
2 
2 
4 
3 
4 
4 
2 
1 7314
4 
2 
2 
1 456186
4 
4 
2 
2 
4 
1 424041
4 
1 302998
4 
1 797368
2 
3 
2 
3 
4 
1 392830
1 707072
4 
3 
3 
1 814444
2 
2 
1 675015
4 
2 
1 352849
2 
4 
3 
2 
1 267270
3 
4 
2 
4 
4 
4 
3 
3 
4 
2 
4 
1 34229
4 
3 
2 
4 
4 
1 755686
2 
3 
1 944016
1 97177
1 189509
4 
3 
4 
2 
2 
3 
4 
2 
2 
3 
4 
4 
2 
2 
2 
1 735981
4 
2 
4 
2 
1 141886
1 908401
4 
1 34779
1 988763
2 
3 
4 
4 
2 
3 
1 961339
2 
4 
3 
2 
1 561426
1 182285
3 
4 
1 647610
4 
2 
2 
3 
1 262147
3 
1 273475
2 
3 
1 239010
4 
4 
2 
3 
3 
2 
1 79070
2 
3 
2 
3 
1 621565
2 
1 991490
3 
4 
3 
4 
3 
4 
3 
2 
2 
4 
2 
3 
1 813548
2 
1 792787
3 
2 
3 
1 41274
3 
3 
4 
1 436130
4 
4 
2 
4 
2 
4 
1 782549
4 
1 317512
4 
1 784486
4 
2 
2 
2 
1 553215
3 
4 
3 
1 515345
2 
4 
2 
4 
4 
2 
4 
4 
2 
3 
4 
2 
3 
2 
2 
4 
4 
1 876454
4 
2 
2 
1 652367
2 
4 
4 
2 
1 87152
4 
2 
3 
1 654540
3 
1 90340
4 
1 600970
2 
3 
2 
