773
3 
1 682597
3 
1 993925
1 855259
3 
4 
4 
2 
1 223974
1 680814
4 
2 
2 
2 
1 375939
1 815026
4 
1 8021
1 605333
1 907078
1 480605
3 
2 
3 
4 
1 758295
1 829586
1 896034
3 
2 
1 42997
1 192150
4 
4 
2 
1 985412
1 798977
1 521946
1 877756
3 
3 
4 
3 
3 
2 
1 58924
3 
2 
4 
1 385163
1 834520
3 
2 
3 
3 
3 
4 
2 
4 
3 
3 
2 
2 
4 
4 
4 
1 669060
1 707685
1 682556
2 
1 78307
2 
3 
4 
4 
4 
2 
1 673596
1 556099
2 
3 
3 
1 63000
2 
1 583281
4 
2 
1 135601
2 
2 
4 
3 
3 
2 
3 
1 343406
1 372353
1 254350
2 
2 
3 
3 
3 
2 
2 
2 
4 
3 
4 
3 
1 177992
2 
4 
2 
4 
3 
3 
3 
2 
4 
1 199770
4 
3 
1 326600
3 
4 
2 
3 
2 
4 
3 
1 931596
1 523168
3 
3 
4 
2 
3 
3 
4 
4 
4 
1 771240
3 
2 
3 
1 35208
2 
2 
1 318418
3 
4 
2 
3 
1 472957
2 
3 
1 88709
4 
2 
2 
4 
4 
4 
3 
2 
4 
3 
4 
1 595436
1 81542
2 
3 
2 
1 541314
1 809393
4 
2 
2 
4 
2 
1 96050
3 
4 
3 
4 
4 
3 
1 273245
4 
3 
4 
1 760398
4 
4 
3 
4 
3 
4 
2 
1 706172
4 
3 
4 
3 
1 954477
4 
3 
4 
3 
3 
1 785438
2 
1 712918
2 
3 
3 
3 
4 
1 736940
3 
4 
4 
3 
3 
3 
2 
4 
1 926627
2 
3 
4 
4 
1 299248
1 133724
2 
1 121554
3 
2 
1 984291
1 489963
1 882001
1 100325
1 554538
2 
1 708344
4 
4 
4 
3 
1 742012
2 
3 
1 64289
3 
2 
4 
2 
1 653171
1 461384
2 
2 
2 
2 
3 
1 671999
4 
3 
3 
1 459883
3 
4 
1 430530
2 
2 
3 
2 
4 
2 
3 
4 
4 
3 
3 
2 
3 
4 
3 
2 
1 283515
1 898686
4 
2 
1 795332
2 
3 
4 
1 400895
2 
3 
4 
1 214526
1 196201
3 
4 
4 
4 
4 
3 
1 926520
2 
1 23066
3 
1 47037
3 
3 
2 
2 
2 
3 
2 
2 
4 
4 
4 
2 
1 174595
2 
1 756338
2 
3 
3 
1 946979
4 
3 
1 765501
3 
2 
3 
4 
1 616421
2 
4 
2 
1 31667
4 
2 
2 
1 144844
3 
2 
3 
4 
4 
4 
3 
3 
4 
2 
1 427715
4 
4 
4 
3 
2 
2 
1 14853
3 
4 
2 
3 
4 
3 
4 
2 
3 
2 
1 409774
4 
3 
4 
4 
3 
2 
2 
3 
4 
3 
2 
1 183465
3 
3 
1 942578
2 
4 
2 
2 
2 
2 
1 15649
4 
1 824440
4 
3 
4 
3 
2 
2 
4 
4 
3 
4 
1 732895
3 
4 
1 721504
2 
2 
4 
1 383010
3 
1 556008
1 816176
4 
2 
1 272952
1 88685
3 
2 
2 
4 
3 
3 
3 
1 955609
4 
2 
1 108038
1 224316
2 
1 666806
3 
2 
4 
4 
3 
2 
2 
4 
2 
4 
2 
4 
3 
3 
1 932160
1 721820
3 
4 
3 
4 
2 
4 
4 
4 
3 
4 
3 
1 256325
3 
4 
2 
4 
1 152289
2 
1 731915
3 
3 
3 
1 291771
3 
1 431993
3 
4 
4 
3 
1 499988
3 
3 
4 
4 
4 
4 
3 
4 
1 966511
1 496581
3 
1 745659
4 
2 
4 
4 
2 
2 
2 
4 
3 
4 
4 
2 
1 308304
1 28650
1 669521
1 874665
1 993796
1 396546
4 
1 687607
1 115366
1 703909
2 
3 
2 
1 400388
4 
4 
1 200666
4 
1 773911
2 
2 
3 
3 
4 
4 
2 
4 
1 134677
4 
2 
1 765788
2 
4 
3 
1 478745
3 
1 193496
1 22220
1 55167
2 
3 
1 609190
4 
1 38121
2 
4 
1 46761
4 
4 
1 298892
3 
3 
4 
1 801410
2 
3 
3 
2 
1 359851
1 337751
4 
3 
2 
4 
2 
2 
1 694816
4 
1 967342
2 
1 799362
3 
2 
2 
2 
2 
3 
2 
3 
1 892928
3 
1 700324
2 
2 
3 
4 
1 607224
2 
4 
4 
1 875830
3 
2 
2 
2 
3 
3 
4 
4 
4 
1 796389
1 23407
1 298224
3 
1 771626
1 191974
1 2930
1 723508
3 
4 
1 355572
2 
1 922279
4 
3 
3 
3 
1 943023
1 922196
2 
1 428081
1 435276
4 
1 969579
2 
2 
2 
2 
2 
4 
4 
4 
3 
3 
2 
4 
1 463480
2 
1 483298
3 
1 649087
4 
4 
3 
1 625785
2 
2 
1 472964
3 
4 
4 
2 
1 393747
3 
4 
1 681103
2 
4 
4 
2 
4 
3 
4 
1 330195
3 
4 
2 
3 
1 793402
4 
3 
2 
2 
1 15999
2 
4 
2 
3 
3 
1 445489
1 42886
2 
2 
2 
1 828371
1 517520
1 15134
4 
2 
2 
4 
4 
1 206342
2 
4 
1 782289
4 
3 
2 
4 
3 
3 
1 246482
4 
3 
4 
4 
4 
1 939801
1 131611
4 
2 
1 768094
4 
4 
2 
1 233890
4 
4 
1 982161
4 
4 
3 
3 
1 265094
2 
1 200043
4 
3 
2 
4 
4 
1 76657
1 566529
2 
3 
3 
4 
1 383665
4 
2 
4 
2 
3 
1 874654
2 
2 
3 
1 194236
3 
3 
3 
1 605349
4 
2 
2 
3 
3 
4 
2 
4 
