594
3 
4 
4 
2 
4 
1 667715
1 615010
3 
2 
4 
1 410808
1 271914
3 
3 
2 
2 
1 333367
2 
4 
3 
3 
4 
3 
1 942275
4 
2 
1 936840
2 
1 53817
4 
4 
3 
3 
2 
4 
2 
1 35462
4 
3 
2 
3 
3 
1 184160
4 
1 787919
1 519240
4 
4 
3 
3 
1 327620
4 
4 
2 
2 
1 680726
3 
4 
1 222068
2 
1 118148
3 
2 
2 
1 828638
2 
4 
3 
4 
4 
1 862723
3 
4 
1 939643
1 607077
4 
4 
3 
3 
3 
1 682446
4 
2 
2 
1 724912
2 
4 
4 
1 666144
4 
3 
2 
4 
2 
2 
4 
1 960765
3 
4 
3 
2 
1 839371
4 
1 116718
2 
3 
1 511416
4 
2 
4 
3 
3 
3 
1 23873
1 930417
4 
2 
4 
4 
4 
1 605573
4 
1 797896
1 342100
4 
1 118914
3 
2 
1 851891
4 
2 
1 944535
3 
2 
1 927858
4 
1 853888
4 
1 315780
3 
1 980392
4 
2 
2 
2 
2 
2 
3 
1 676566
1 832488
4 
1 324366
3 
1 734151
1 120788
1 868426
4 
2 
3 
3 
1 265216
3 
4 
3 
4 
2 
1 174271
3 
3 
2 
1 365234
1 145316
3 
4 
2 
2 
2 
3 
2 
1 948012
2 
2 
4 
3 
3 
3 
3 
1 324628
3 
4 
4 
3 
3 
4 
1 321626
2 
4 
3 
3 
4 
3 
3 
4 
2 
1 755932
1 237526
1 35567
2 
1 303237
1 539738
1 311154
1 974767
3 
2 
4 
3 
3 
1 178140
4 
4 
2 
2 
1 812352
4 
2 
1 871971
4 
4 
4 
2 
1 538054
1 963022
1 977688
2 
1 193898
4 
3 
2 
1 728467
4 
2 
4 
1 686861
1 370612
4 
4 
4 
3 
1 423327
3 
2 
2 
3 
3 
1 292368
4 
4 
4 
2 
1 925226
4 
3 
2 
1 831532
4 
4 
2 
1 603987
1 588574
4 
4 
3 
2 
3 
2 
4 
4 
3 
2 
3 
1 792295
1 731465
4 
4 
3 
2 
1 979915
1 377001
1 325695
2 
2 
1 974665
1 328177
4 
3 
3 
1 563754
2 
3 
4 
3 
1 153300
2 
3 
2 
1 118290
1 983852
2 
2 
2 
1 880382
3 
1 721337
4 
2 
3 
2 
2 
4 
3 
4 
2 
1 541615
4 
3 
4 
2 
3 
2 
4 
4 
1 927763
4 
3 
4 
3 
3 
1 403894
4 
1 638805
2 
4 
4 
1 835164
4 
3 
3 
4 
4 
3 
2 
3 
1 195833
1 611240
1 681504
3 
1 723070
4 
1 683689
4 
3 
4 
1 667781
3 
1 367687
4 
4 
3 
2 
3 
2 
4 
1 679934
2 
1 69302
3 
3 
2 
4 
1 205266
2 
1 227351
1 372265
4 
1 256040
2 
3 
2 
2 
1 455441
3 
1 372357
1 118104
4 
3 
2 
4 
1 372237
4 
1 794047
1 205318
3 
4 
4 
1 377216
1 468916
4 
4 
4 
4 
2 
3 
4 
1 324626
4 
1 345685
4 
1 771125
4 
4 
3 
2 
3 
3 
3 
3 
3 
1 63463
2 
4 
4 
3 
2 
2 
4 
3 
3 
1 887829
2 
2 
1 381350
2 
2 
2 
4 
3 
2 
3 
2 
1 87814
4 
4 
4 
1 254593
2 
2 
2 
2 
3 
1 891871
3 
4 
3 
2 
1 232734
2 
3 
1 649675
1 472765
3 
2 
2 
2 
2 
4 
3 
3 
4 
3 
2 
1 652228
4 
3 
2 
1 70186
4 
2 
3 
2 
1 85614
2 
1 248502
1 807796
1 155127
4 
3 
4 
1 712757
2 
3 
2 
3 
4 
2 
2 
4 
4 
2 
4 
2 
4 
4 
1 484981
4 
1 574720
2 
1 835411
4 
4 
2 
3 
4 
4 
4 
4 
3 
3 
1 757324
2 
4 
4 
2 
2 
4 
4 
1 699795
1 627012
1 229117
1 282365
2 
4 
4 
1 245920
4 
3 
2 
3 
2 
4 
1 99965
2 
4 
3 
1 266276
2 
4 
4 
2 
2 
2 
1 122728
3 
2 
4 
4 
1 525867
4 
4 
4 
1 427249
2 
3 
3 
3 
2 
4 
3 
1 517580
4 
2 
2 
3 
4 
2 
1 979123
1 184552
4 
2 
3 
3 
1 589183
3 
4 
1 688815
