989
4 
2 
1 118279
1 464263
3 
4 
1 35039
3 
4 
2 
1 636502
4 
4 
3 
4 
2 
2 
2 
1 209266
3 
4 
1 189234
1 10051
3 
3 
2 
3 
4 
2 
1 110064
3 
2 
4 
2 
2 
4 
4 
2 
1 298496
1 4978
1 263855
3 
3 
2 
3 
3 
2 
1 374404
4 
2 
4 
1 633419
1 967443
4 
2 
3 
4 
3 
1 824871
2 
4 
4 
1 463062
3 
2 
2 
2 
4 
1 649468
2 
2 
4 
1 574338
2 
3 
4 
4 
4 
3 
4 
3 
1 910105
1 750788
2 
3 
3 
4 
4 
2 
2 
3 
4 
4 
4 
3 
2 
2 
2 
2 
3 
1 58572
2 
3 
2 
1 771800
3 
2 
2 
1 675477
1 939003
1 52301
2 
4 
2 
2 
1 318488
1 486178
2 
4 
4 
2 
2 
3 
4 
3 
2 
3 
3 
3 
4 
1 863283
3 
3 
4 
3 
2 
4 
1 478126
4 
2 
4 
2 
1 667410
2 
3 
4 
3 
4 
4 
1 867091
1 808690
1 531916
2 
3 
4 
4 
4 
2 
1 5993
4 
4 
2 
3 
2 
4 
2 
1 521646
1 781189
1 381937
2 
3 
4 
1 116398
2 
2 
3 
1 861074
1 180644
3 
2 
3 
3 
4 
1 149166
1 521240
2 
2 
1 556913
4 
3 
1 868195
4 
2 
4 
4 
3 
4 
1 853750
1 459362
2 
1 758276
2 
1 771962
3 
2 
2 
3 
2 
1 754292
4 
2 
1 200260
2 
3 
1 578904
2 
3 
3 
2 
3 
2 
4 
2 
1 323117
1 655039
1 41923
2 
2 
3 
4 
1 581545
2 
1 43621
2 
1 925300
4 
2 
1 980719
2 
4 
2 
2 
1 294109
1 502207
2 
2 
1 761634
2 
2 
4 
3 
1 537723
2 
3 
4 
4 
1 355474
2 
3 
3 
1 825009
3 
1 980391
4 
2 
2 
4 
1 266016
1 594543
2 
4 
4 
2 
1 945244
3 
3 
3 
2 
2 
3 
3 
2 
4 
2 
3 
4 
4 
1 689547
1 831418
1 546808
2 
1 180657
3 
1 392095
2 
3 
4 
1 381610
4 
3 
4 
3 
4 
4 
4 
2 
2 
3 
4 
1 596931
1 666279
2 
1 728426
4 
4 
2 
2 
2 
4 
3 
1 734442
4 
3 
1 809597
3 
4 
2 
1 774711
4 
4 
2 
3 
1 356031
4 
1 300661
3 
1 610488
3 
3 
3 
3 
4 
1 429105
3 
2 
3 
2 
3 
3 
2 
3 
2 
3 
3 
1 887344
4 
4 
4 
4 
2 
1 409567
1 602741
1 956085
1 571732
2 
1 10835
3 
3 
2 
3 
3 
1 476339
3 
3 
1 430550
3 
1 863708
4 
3 
2 
1 337573
1 833368
1 426545
2 
4 
3 
1 294254
1 168629
1 863891
2 
4 
1 143754
2 
3 
2 
3 
3 
3 
1 882686
2 
1 952891
2 
4 
3 
3 
2 
2 
2 
1 423931
1 257535
1 574882
2 
4 
3 
1 341467
1 824668
4 
3 
3 
1 389038
2 
3 
1 903794
1 530557
1 230034
2 
1 436652
2 
4 
1 58235
1 189190
1 115312
3 
3 
3 
1 621701
2 
1 680254
1 95970
4 
4 
1 228425
3 
4 
4 
1 537041
1 526559
1 303526
4 
3 
3 
3 
1 493675
2 
3 
2 
1 337803
1 332166
4 
3 
2 
3 
1 39615
4 
2 
2 
2 
3 
1 285397
1 336966
4 
4 
4 
1 647693
4 
2 
4 
1 955592
3 
2 
1 195120
3 
1 700500
3 
3 
4 
2 
4 
2 
3 
2 
2 
2 
2 
1 10403
3 
4 
3 
4 
1 865146
4 
1 92923
3 
4 
2 
4 
3 
3 
4 
3 
1 463106
1 901799
3 
4 
2 
1 128684
1 506464
3 
1 888966
1 324574
4 
1 116705
1 647382
2 
2 
2 
2 
2 
4 
2 
3 
4 
1 552247
3 
2 
2 
3 
4 
2 
3 
1 150640
3 
3 
2 
4 
4 
2 
4 
2 
3 
1 113802
3 
3 
2 
2 
2 
4 
4 
3 
4 
2 
1 633349
4 
3 
1 981961
2 
3 
3 
4 
3 
2 
2 
3 
1 472473
2 
3 
2 
4 
4 
2 
1 105745
3 
3 
1 170473
1 743639
3 
2 
2 
2 
4 
3 
4 
1 625562
2 
3 
2 
1 968521
2 
4 
2 
3 
3 
4 
2 
4 
3 
3 
1 314869
2 
2 
1 314825
3 
1 985523
2 
2 
4 
1 447130
2 
3 
4 
1 45992
1 339628
1 147697
1 384445
1 952060
1 316455
4 
3 
3 
1 581524
4 
2 
2 
2 
3 
2 
1 612047
2 
2 
3 
4 
2 
4 
2 
3 
1 677376
3 
4 
2 
1 699986
2 
1 131180
3 
2 
3 
2 
3 
4 
2 
1 976725
4 
1 778180
2 
3 
4 
2 
2 
1 747459
4 
4 
4 
1 988004
2 
3 
2 
3 
2 
4 
2 
4 
1 37703
2 
1 557996
3 
4 
3 
2 
2 
3 
4 
3 
1 800786
1 103824
2 
1 124461
4 
3 
4 
2 
2 
3 
2 
3 
1 212640
4 
2 
3 
2 
4 
1 239524
3 
4 
2 
4 
3 
4 
4 
1 943125
4 
2 
3 
2 
1 320059
1 531010
1 931321
3 
3 
4 
3 
1 131194
3 
1 40285
3 
4 
1 189306
4 
2 
1 833292
1 252995
1 689064
1 534902
4 
2 
3 
2 
1 452401
2 
1 296216
4 
1 493146
2 
1 721562
1 182301
2 
3 
1 758503
1 434761
2 
4 
4 
1 439947
3 
3 
1 570971
3 
3 
2 
4 
3 
2 
3 
1 752525
1 889029
3 
4 
3 
4 
2 
2 
4 
1 217737
2 
3 
3 
1 617581
4 
4 
4 
3 
1 831680
3 
4 
1 878775
3 
3 
3 
2 
3 
3 
3 
2 
4 
3 
3 
1 82856
2 
3 
4 
1 291072
3 
3 
1 251809
4 
2 
3 
1 790678
1 668070
1 155516
3 
3 
2 
3 
1 326741
2 
3 
1 171524
1 789892
2 
1 514215
4 
1 422952
1 996484
2 
4 
2 
3 
1 177114
1 605716
3 
4 
2 
4 
1 477847
2 
2 
1 736967
4 
1 174462
2 
3 
3 
2 
1 505355
1 524979
1 943048
2 
2 
1 257372
1 63103
4 
1 136588
3 
2 
1 290648
2 
1 445350
1 526259
1 580965
2 
3 
2 
4 
4 
1 767036
2 
3 
1 55503
2 
4 
3 
3 
1 816922
3 
1 284879
2 
1 412217
4 
2 
3 
2 
1 487253
1 595920
3 
3 
4 
1 567001
1 240735
4 
3 
3 
1 106718
3 
4 
4 
4 
3 
1 446039
1 192978
1 28747
3 
4 
3 
3 
2 
4 
3 
3 
3 
2 
1 436710
4 
3 
3 
1 230220
2 
3 
1 957660
2 
2 
1 306569
4 
4 
2 
1 943088
4 
4 
1 555363
2 
3 
2 
4 
1 615394
1 865240
3 
2 
2 
1 184361
1 344262
4 
4 
1 98705
3 
4 
1 708740
2 
1 948103
4 
2 
1 37806
3 
2 
2 
3 
4 
1 163564
3 
4 
2 
2 
1 442703
1 220080
3 
1 451309
2 
4 
1 417975
1 806042
4 
3 
2 
2 
4 
3 
1 832045
3 
3 
4 
4 
2 
