265
4 
1 914557
2 
1 106093
1 946808
3 
2 
3 
1 195362
1 621589
3 
3 
1 218331
4 
4 
4 
4 
3 
4 
2 
2 
4 
1 415448
1 981039
3 
3 
3 
2 
1 796093
1 122663
1 729412
4 
2 
1 668404
2 
2 
3 
2 
3 
4 
4 
1 485728
3 
2 
4 
4 
4 
4 
1 440648
1 696660
2 
1 656239
4 
1 826147
1 421839
1 947482
4 
1 533654
3 
2 
3 
1 549016
4 
2 
4 
2 
2 
4 
3 
3 
2 
4 
1 643031
2 
2 
3 
2 
2 
2 
4 
2 
2 
1 494421
1 98392
4 
3 
4 
1 581564
1 775755
1 213558
3 
4 
4 
1 749181
2 
1 473902
3 
2 
2 
1 60752
3 
1 755217
1 913999
1 963527
2 
3 
4 
1 439932
2 
3 
4 
3 
2 
2 
3 
2 
1 81728
3 
3 
4 
2 
4 
2 
3 
2 
3 
2 
2 
1 816417
4 
3 
3 
2 
3 
3 
2 
2 
1 870681
2 
4 
1 696931
1 470310
1 978430
3 
4 
3 
1 596623
2 
3 
3 
4 
4 
4 
3 
1 971705
2 
3 
2 
2 
1 78754
1 324584
3 
1 918157
4 
4 
3 
4 
4 
1 605656
1 291975
4 
2 
1 168535
1 151954
4 
2 
2 
1 393000
2 
2 
3 
4 
4 
2 
4 
2 
1 241946
2 
3 
3 
3 
4 
4 
3 
1 59741
3 
2 
4 
3 
3 
3 
2 
1 843440
4 
4 
4 
3 
3 
1 117643
1 238753
1 965581
2 
3 
3 
2 
4 
2 
4 
3 
2 
4 
1 300715
1 475349
4 
1 285051
4 
1 251546
3 
1 890991
1 150291
1 506584
4 
4 
4 
3 
2 
3 
4 
1 852882
4 
3 
1 844939
1 147107
2 
2 
3 
1 27553
3 
3 
2 
2 
4 
1 294683
1 863921
4 
1 757669
4 
1 897902
2 
3 
1 551250
1 786647
4 
4 
2 
