595
3 
3 
4 
4 
1 851966
2 
4 
3 
1 116509
2 
3 
2 
2 
2 
4 
1 617501
4 
4 
4 
1 688308
3 
1 495618
4 
3 
4 
1 142348
4 
4 
1 79384
4 
2 
2 
1 203234
2 
3 
3 
2 
2 
4 
1 40979
3 
1 866826
2 
1 507127
3 
4 
4 
1 531105
4 
1 165015
1 664341
4 
2 
3 
3 
2 
1 82799
2 
1 204374
3 
3 
2 
1 672406
2 
1 208979
1 740807
1 331950
3 
3 
1 803531
1 407043
2 
4 
4 
2 
2 
2 
3 
3 
3 
4 
1 926128
2 
4 
1 848878
3 
3 
4 
3 
4 
4 
4 
1 524630
2 
4 
3 
3 
2 
1 582655
4 
1 584893
1 281617
2 
2 
4 
3 
3 
1 462893
4 
1 491175
4 
2 
3 
2 
3 
4 
1 26086
2 
3 
4 
3 
4 
1 310750
2 
2 
2 
2 
1 412103
4 
3 
4 
1 180915
4 
4 
1 438507
4 
1 486582
2 
3 
4 
2 
3 
2 
4 
1 557816
2 
3 
4 
4 
4 
3 
1 614157
2 
2 
1 137588
2 
1 65382
2 
4 
2 
4 
3 
3 
4 
4 
1 965184
3 
3 
3 
1 602229
2 
1 800127
3 
3 
3 
3 
4 
3 
1 854219
2 
3 
1 383131
1 296822
3 
4 
4 
2 
3 
1 952138
2 
3 
3 
2 
2 
1 119132
3 
1 776903
3 
3 
4 
4 
2 
2 
3 
3 
2 
1 542703
1 180539
1 851063
3 
4 
1 994245
3 
2 
1 106188
3 
4 
1 625541
4 
2 
4 
3 
1 763740
4 
4 
2 
4 
2 
2 
1 577155
4 
2 
2 
4 
2 
2 
4 
3 
1 191296
3 
2 
4 
1 92662
2 
3 
3 
3 
2 
3 
1 551496
4 
2 
1 547500
2 
1 198492
3 
1 427951
2 
4 
2 
4 
2 
1 649719
1 472404
2 
3 
3 
4 
1 539600
2 
4 
3 
4 
4 
4 
4 
2 
3 
1 589017
2 
1 655764
2 
2 
3 
2 
3 
2 
3 
2 
2 
3 
3 
4 
3 
1 494774
1 637960
2 
1 554006
4 
1 169941
3 
1 405907
1 532012
4 
3 
3 
4 
1 532006
4 
1 639763
3 
3 
3 
4 
2 
4 
1 840937
1 790064
4 
4 
2 
3 
1 409602
2 
3 
3 
3 
4 
2 
3 
1 847788
4 
1 419175
3 
4 
2 
3 
2 
1 583457
2 
2 
1 67547
4 
4 
2 
1 642521
2 
4 
3 
2 
4 
2 
1 13037
3 
3 
2 
4 
4 
2 
3 
1 823185
1 757030
1 823805
4 
1 974803
3 
4 
2 
4 
4 
1 330045
4 
2 
4 
1 985495
1 835937
4 
1 336797
2 
2 
4 
4 
1 450666
3 
1 734372
2 
2 
1 15472
3 
4 
1 602254
1 209038
1 123634
3 
3 
2 
4 
4 
4 
2 
1 492952
2 
3 
1 17980
2 
1 345006
2 
1 312358
2 
3 
1 450645
2 
4 
4 
3 
1 159311
3 
4 
4 
3 
3 
3 
2 
1 698955
2 
2 
4 
1 498311
1 400988
1 990147
2 
1 220136
1 727834
2 
1 778459
1 54715
3 
1 554779
2 
4 
2 
3 
3 
3 
2 
4 
4 
1 138552
1 122113
4 
2 
4 
4 
1 96698
2 
2 
3 
3 
3 
1 567196
1 11453
3 
1 367924
2 
1 235843
1 785372
4 
2 
3 
4 
3 
2 
3 
2 
3 
4 
1 930777
2 
3 
1 549425
2 
4 
3 
1 480187
2 
3 
3 
4 
1 864479
3 
2 
2 
4 
2 
4 
1 967700
2 
4 
1 885224
3 
1 228559
1 402280
3 
4 
1 467259
1 281068
2 
1 853138
3 
1 93576
2 
3 
4 
4 
2 
4 
3 
3 
1 549182
2 
2 
2 
4 
2 
1 669189
3 
4 
2 
1 173877
2 
3 
2 
3 
2 
2 
4 
1 370851
1 996771
2 
3 
4 
1 532880
4 
1 568516
2 
1 1890
1 444
3 
3 
4 
2 
2 
1 761759
1 664585
3 
1 905171
2 
1 633350
2 
2 
4 
1 773240
3 
2 
2 
4 
4 
2 
2 
1 590709
1 779456
1 629506
4 
1 506183
2 
1 762329
1 369238
1 566828
3 
2 
4 
3 
1 16438
4 
2 
3 
4 
1 387098
3 
1 999752
4 
2 
3 
2 
2 
