584
4 
2 
1 747734
2 
1 181923
3 
2 
4 
4 
1 832956
2 
1 149734
4 
3 
4 
1 149579
2 
4 
2 
2 
2 
2 
3 
1 620362
2 
2 
4 
4 
1 598186
4 
2 
4 
1 319279
2 
1 223516
3 
1 979980
1 842682
4 
2 
4 
3 
4 
3 
3 
2 
4 
4 
4 
3 
4 
1 469234
1 329952
2 
1 943884
4 
3 
3 
3 
2 
3 
1 576941
2 
2 
3 
4 
2 
1 314247
2 
4 
3 
1 795981
4 
2 
4 
1 982470
3 
2 
2 
4 
2 
4 
3 
3 
2 
3 
3 
4 
1 354586
2 
1 499569
1 951641
4 
3 
1 936092
3 
2 
4 
1 663794
3 
2 
3 
1 19163
2 
3 
4 
4 
4 
3 
1 396693
1 836738
4 
2 
1 785027
2 
2 
2 
3 
3 
2 
4 
2 
3 
1 178177
2 
2 
4 
4 
2 
1 531706
3 
1 888347
4 
1 58467
3 
4 
2 
3 
4 
3 
4 
3 
4 
3 
3 
3 
3 
3 
3 
2 
3 
1 539389
4 
2 
1 646111
4 
2 
2 
1 846935
4 
3 
3 
3 
2 
3 
1 740261
4 
1 546713
2 
4 
1 324969
4 
1 256288
1 83764
2 
3 
1 751054
4 
4 
2 
4 
4 
2 
4 
2 
2 
3 
4 
3 
4 
1 197570
4 
2 
2 
2 
4 
3 
2 
3 
2 
1 90547
4 
3 
4 
3 
4 
3 
3 
3 
3 
3 
3 
2 
1 228915
2 
4 
2 
3 
3 
1 878874
3 
4 
4 
4 
3 
3 
1 726083
3 
1 699145
4 
1 522941
4 
3 
2 
4 
1 968810
1 823244
4 
4 
1 500529
2 
2 
3 
3 
2 
4 
1 349719
3 
2 
4 
4 
4 
4 
3 
4 
1 55075
2 
4 
1 741199
1 994392
3 
3 
2 
3 
2 
3 
3 
4 
1 84900
1 158626
4 
1 673634
4 
1 785545
4 
2 
1 559788
3 
3 
2 
3 
2 
4 
1 568946
1 843173
4 
1 697285
4 
2 
3 
1 78439
2 
3 
3 
2 
4 
2 
3 
4 
2 
2 
2 
1 584467
4 
3 
4 
3 
4 
1 465099
3 
2 
2 
1 683565
1 74406
3 
2 
4 
2 
1 927887
3 
3 
4 
3 
3 
2 
4 
1 139131
3 
3 
4 
1 89522
1 35078
2 
3 
3 
4 
1 862733
4 
1 522907
4 
3 
4 
4 
2 
3 
3 
2 
4 
4 
3 
3 
2 
2 
4 
4 
4 
2 
3 
4 
2 
2 
3 
1 214487
1 919689
4 
1 393678
3 
3 
1 833793
1 744696
1 439879
2 
3 
2 
4 
3 
4 
2 
2 
4 
4 
1 476432
1 771743
1 178641
3 
4 
2 
1 978046
3 
2 
2 
4 
2 
1 110497
3 
4 
4 
2 
4 
1 573958
4 
2 
2 
4 
1 269009
1 672907
3 
3 
4 
4 
1 708178
3 
1 501814
2 
1 996571
3 
3 
2 
1 766835
2 
4 
4 
1 428095
2 
2 
3 
4 
1 302717
1 637491
2 
3 
2 
4 
2 
1 925621
3 
2 
3 
1 833446
1 905378
4 
2 
3 
1 814275
3 
3 
2 
1 279796
4 
1 898580
1 729936
4 
2 
4 
4 
2 
2 
2 
1 534890
2 
1 113687
3 
4 
1 554095
3 
2 
3 
2 
2 
1 636306
2 
4 
3 
3 
1 727885
3 
1 409016
3 
3 
1 51665
2 
4 
2 
3 
4 
2 
3 
3 
2 
2 
1 495320
1 802507
1 726420
4 
1 848565
3 
2 
2 
4 
2 
2 
4 
3 
3 
1 155893
4 
4 
2 
3 
1 764782
3 
1 291689
3 
2 
4 
4 
1 921988
4 
1 984582
3 
4 
2 
2 
4 
3 
2 
2 
3 
4 
3 
1 907127
2 
1 139382
4 
2 
3 
1 192033
3 
4 
1 277655
3 
4 
3 
3 
1 872237
3 
4 
4 
4 
4 
4 
3 
4 
2 
1 277319
4 
1 74867
1 308188
2 
4 
3 
3 
1 160450
1 31355
2 
1 345779
3 
3 
4 
4 
4 
4 
3 
4 
2 
3 
1 145135
1 884510
3 
2 
1 53540
4 
3 
4 
