962
2 
3 
2 
1 805808164
2 
2 
2 
3 
3 
1 423623819
3 
1 270062714
1 140536586
1 657074269
3 
2 
1 879164709
3 
2 
3 
1 591389925
1 333338414
2 
2 
3 
2 
2 
2 
2 
1 595102640
3 
3 
3 
2 
1 627154992
2 
3 
2 
3 
3 
1 902883332
2 
3 
2 
1 272870677
3 
3 
1 255192108
1 699321857
1 916009689
1 136396539
1 324775338
3 
3 
2 
3 
1 79651727
2 
2 
2 
2 
3 
3 
3 
3 
2 
2 
3 
1 272194869
2 
1 489452733
3 
2 
3 
3 
1 280332359
2 
1 421384733
1 863330677
3 
2 
3 
3 
1 998094271
3 
1 502169101
3 
3 
3 
1 688923207
3 
1 224911222
2 
2 
2 
1 63466791
1 488718282
1 188943716
1 846739381
2 
3 
3 
2 
2 
2 
1 794075439
2 
3 
2 
3 
2 
1 659913404
3 
3 
3 
3 
3 
2 
1 158017134
3 
2 
2 
1 267032117
1 268637115
3 
2 
3 
1 722293651
1 745309805
2 
1 546990185
3 
2 
3 
2 
1 427586173
1 740238008
2 
3 
1 267602664
1 531958317
2 
2 
2 
2 
3 
2 
3 
3 
1 892298477
2 
1 861394447
2 
1 243504651
3 
1 489335156
2 
3 
3 
1 836232498
1 801633482
1 566646642
2 
2 
2 
1 390231137
2 
3 
2 
2 
2 
2 
1 990196265
1 249638186
2 
3 
1 31135828
3 
3 
3 
1 619977376
3 
1 742881845
1 212378575
1 447207314
1 854838261
3 
1 568147499
1 452439750
3 
3 
1 345754158
3 
2 
2 
1 851403805
3 
2 
1 288456984
1 179584968
2 
2 
1 805747256
1 595434116
1 390266597
3 
2 
2 
1 443891923
2 
1 944127212
2 
1 793337088
1 531119473
1 878906261
1 837935481
1 479222545
3 
3 
1 545668124
2 
1 163867988
3 
2 
1 473153896
2 
1 898746468
1 605903973
3 
3 
2 
1 374317019
3 
2 
1 127129956
2 
3 
2 
1 903256867
2 
3 
1 439036751
2 
2 
2 
1 450850960
2 
2 
2 
1 602889629
2 
1 449156356
1 212126977
1 741116433
3 
3 
1 350220422
1 987656678
1 502895909
1 419454557
2 
1 200807674
1 122136306
3 
2 
1 935875289
3 
3 
3 
1 561233824
3 
3 
2 
3 
3 
2 
1 843422802
1 11839585
3 
2 
2 
3 
2 
2 
2 
2 
1 148884564
3 
1 109497913
3 
3 
2 
2 
1 69965281
1 461421400
1 2873928
2 
2 
1 248204690
3 
2 
3 
3 
2 
2 
2 
2 
1 138669535
1 448975984
1 763584234
1 921925620
2 
2 
2 
3 
2 
3 
3 
2 
3 
3 
3 
3 
3 
3 
3 
1 304340353
2 
1 423819323
1 792896997
2 
3 
1 340004147
2 
2 
1 332188724
3 
3 
2 
3 
1 216762448
3 
1 151984385
2 
3 
2 
2 
3 
2 
2 
3 
2 
1 965977677
1 130203901
1 641729876
3 
1 973722163
1 284905243
2 
3 
3 
2 
2 
2 
1 457827482
3 
2 
3 
3 
3 
2 
2 
3 
3 
1 320285100
2 
2 
1 667823790
3 
2 
1 995274671
3 
1 779401647
2 
2 
3 
2 
1 689157050
2 
3 
3 
1 790649315
2 
2 
2 
2 
3 
3 
3 
3 
3 
2 
3 
3 
3 
2 
3 
2 
1 615403415
3 
2 
1 588048575
3 
1 966417767
2 
2 
2 
1 19321461
1 844983936
1 738709768
3 
1 230811069
1 365987424
3 
1 459508301
3 
2 
1 864077260
3 
3 
2 
3 
1 561946974
2 
1 208154349
1 783959389
2 
1 600772733
3 
2 
3 
3 
1 629052657
3 
1 523552715
2 
2 
3 
3 
3 
2 
2 
3 
3 
2 
2 
2 
3 
2 
3 
2 
1 664085400
3 
2 
3 
1 578999491
3 
2 
3 
1 768444450
1 583519242
3 
1 233267126
1 76031432
3 
3 
3 
3 
1 123487449
1 179908079
2 
3 
3 
3 
2 
2 
2 
3 
1 302609210
2 
3 
2 
3 
3 
2 
2 
1 804876564
2 
2 
3 
1 320936391
2 
3 
2 
2 
2 
1 898808384
1 70284817
1 967926580
3 
1 956990578
3 
2 
1 726602223
3 
2 
3 
3 
3 
1 228340902
2 
3 
2 
2 
1 324929941
2 
2 
2 
3 
1 17704761
2 
2 
2 
1 735646142
1 554900367
1 398942678
3 
3 
1 633190718
2 
1 764321353
2 
2 
1 19169749
1 389509227
3 
1 551736065
1 191850367
1 109205911
3 
2 
1 522893978
3 
3 
1 80858788
2 
3 
1 603784284
2 
2 
1 831040812
1 851356154
3 
3 
2 
3 
3 
2 
2 
1 138177554
2 
2 
3 
2 
3 
2 
3 
1 515206574
2 
1 634880081
2 
3 
3 
3 
1 286399222
3 
2 
3 
1 223886685
3 
1 543103050
2 
1 219149001
1 21582818
2 
1 480596060
1 765308030
1 587581521
3 
2 
1 612793269
1 486182827
1 962787994
2 
2 
3 
1 247931391
2 
1 157104019
3 
3 
1 277690291
3 
1 398873574
3 
3 
3 
1 286213616
2 
3 
1 705660673
2 
3 
1 677916941
2 
1 103898484
3 
3 
2 
2 
3 
1 239776754
1 14027627
1 946321405
2 
1 988112748
3 
1 580627645
1 313943483
2 
2 
2 
2 
3 
3 
1 53265308
1 927612868
3 
3 
3 
1 900244578
1 19123627
3 
3 
3 
3 
1 121962837
3 
3 
1 911607849
2 
1 137830402
3 
3 
1 562019348
1 62359361
1 93022122
3 
2 
3 
2 
2 
3 
1 405354910
3 
3 
1 566835361
1 723700318
3 
2 
2 
2 
2 
3 
1 990848470
2 
1 702152084
2 
3 
3 
3 
3 
3 
1 477209138
1 577493662
3 
2 
1 579663638
3 
2 
2 
2 
1 704280455
3 
3 
2 
3 
3 
1 15282401
1 765262355
1 304298499
3 
3 
1 805105762
3 
1 271612527
3 
2 
1 273156874
1 882687995
2 
2 
1 973689010
1 281969352
1 777661746
1 400379078
1 310075625
1 770545145
1 856274191
1 373794528
3 
3 
1 455936314
1 980496869
2 
3 
2 
3 
3 
1 212696416
3 
1 846112784
2 
1 19035324
3 
2 
1 131422953
1 882271156
2 
3 
3 
1 593496095
2 
1 314129432
1 648633526
2 
1 475555255
2 
1 241370078
2 
2 
2 
3 
2 
2 
3 
3 
3 
1 430873019
3 
1 610461069
2 
3 
3 
2 
2 
1 745316266
1 245511598
2 
2 
3 
1 145721620
1 822077313
1 868680476
3 
1 767475318
3 
2 
3 
2 
1 642046074
3 
3 
2 
1 412616416
3 
2 
2 
2 
1 314576043
3 
2 
3 
3 
3 
1 920556541
2 
3 
2 
2 
2 
3 
2 
2 
2 
3 
2 
3 
1 240803314
2 
1 476995889
2 
2 
1 93094225
2 
2 
2 
3 
3 
1 798570613
3 
3 
2 
2 
2 
2 
2 
1 452351257
3 
3 
3 
1 749914083
2 
2 
1 797424658
3 
2 
2 
2 
3 
3 
1 566801787
1 153551271
1 497889879
3 
2 
2 
2 
2 
1 464789779
2 
1 790364664
3 
1 623773912
3 
2 
2 
3 
3 
2 
1 146566079
3 
3 
3 
2 
2 
2 
3 
1 430861734
2 
1 84535665
3 
1 85435369
1 913617989
1 241130215
1 115026837
3 
2 
3 
2 
3 
2 
3 
2 
1 733252056
2 
1 63937633
3 
3 
2 
1 521225085
2 
1 279589438
1 46462471
3 
3 
2 
3 
2 
1 745230316
1 570197555
1 63082473
3 
1 695739398
3 
1 456443372
2 
2 
3 
1 292866802
2 
3 
3 
3 
2 
2 
1 986100611
1 421193044
2 
1 7412816
3 
1 237328680
1 408984222
2 
2 
1 502497254
1 930537026
3 
2 
2 
2 
3 
1 830959304
1 91704443
1 916225030
3 
1 284186079
1 984539137
3 
2 
2 
1 161890715
2 
3 
3 
1 988598439
3 
1 949457315
1 569874706
1 545147195
3 
1 374959110
