859
1 527294324
1 438776192
2 
1 91491362
2 
1 102624833
2 
2 
2 
1 413378930
2 
3 
1 694522082
1 837801633
1 819333239
1 290757248
2 
1 230480296
1 761585439
1 762653217
3 
2 
1 241797168
2 
2 
2 
2 
3 
1 968453228
1 651376658
2 
2 
1 485511707
3 
2 
3 
1 944848648
1 416417662
3 
1 569792631
2 
2 
2 
3 
1 767654727
1 820776424
2 
2 
1 905798217
2 
2 
2 
3 
3 
1 32397296
2 
3 
1 785896704
3 
2 
1 590189678
1 880636215
3 
1 668881071
3 
2 
2 
3 
1 617936199
3 
3 
2 
1 630367396
1 764542519
2 
3 
3 
3 
3 
3 
3 
3 
3 
1 589997442
1 780267954
1 373255161
2 
2 
2 
1 935860599
2 
1 189277297
3 
3 
1 640519864
1 930138976
1 927707203
1 803892236
2 
2 
2 
1 930857505
2 
1 373074523
1 825890919
3 
2 
2 
2 
3 
2 
3 
2 
1 631635437
2 
2 
2 
2 
2 
2 
2 
1 894226051
3 
2 
1 180125338
3 
1 6943285
2 
1 478811033
2 
2 
1 510965141
3 
3 
3 
3 
3 
3 
1 458727223
3 
1 93318787
2 
1 653115085
2 
3 
3 
1 754103478
2 
1 929383353
2 
1 221780944
3 
1 434578146
3 
2 
1 270454630
1 600550104
2 
3 
2 
1 499751826
1 168083931
3 
1 951137897
2 
2 
1 656432373
1 326175024
3 
3 
1 83807511
3 
3 
3 
1 313001140
2 
3 
3 
2 
2 
2 
2 
3 
3 
3 
2 
2 
3 
1 367558618
2 
2 
2 
2 
3 
2 
3 
1 423271892
2 
1 168743529
1 98879397
1 509561331
3 
3 
2 
2 
1 646065682
1 816006765
1 690825238
2 
2 
3 
3 
2 
3 
1 719577223
3 
3 
1 709248999
2 
2 
1 882571111
1 455893390
3 
2 
2 
2 
3 
2 
1 485259354
2 
3 
2 
2 
3 
1 307998991
2 
1 271443482
1 609470864
3 
1 292427676
2 
2 
3 
1 612019843
1 602935401
1 350747598
1 982210273
3 
1 793795462
1 421375639
1 679721116
3 
1 20015663
1 885573500
1 497188542
2 
1 942283002
1 518628916
1 33839211
3 
2 
1 97807627
2 
3 
1 283562639
1 699404810
1 620983631
1 821851057
3 
1 125020774
3 
1 795900715
3 
1 751967375
2 
1 781725860
1 79021054
3 
2 
1 990352633
1 7951481
3 
1 804464409
2 
2 
2 
3 
1 372158467
3 
2 
1 233213065
1 184325556
3 
3 
3 
2 
3 
2 
1 827950292
2 
3 
3 
1 75833389
3 
2 
3 
2 
3 
3 
2 
2 
2 
2 
2 
2 
1 747419537
3 
3 
1 160251788
3 
2 
1 565119962
1 486670845
1 492379112
3 
3 
3 
2 
1 510848313
3 
3 
1 814387994
2 
1 753099996
3 
3 
1 670878798
1 774516431
1 784384482
3 
1 392574599
3 
3 
2 
1 47101805
2 
3 
2 
1 860017392
3 
3 
1 139782266
2 
2 
1 433258026
3 
1 857722734
1 787486419
1 691131995
3 
3 
3 
1 340033586
2 
1 79652376
2 
3 
3 
2 
3 
2 
3 
2 
3 
1 281726104
2 
3 
2 
3 
2 
2 
1 905569042
3 
2 
1 923163686
3 
2 
2 
1 127992889
3 
2 
3 
3 
3 
3 
3 
1 924208892
1 887812557
2 
3 
3 
3 
3 
2 
2 
3 
3 
3 
2 
2 
1 258936987
1 597004554
3 
1 225989931
2 
2 
3 
1 95764218
3 
1 734206712
2 
2 
3 
2 
2 
2 
1 574515748
3 
2 
1 904480982
3 
1 936812060
2 
1 109532609
2 
2 
2 
3 
3 
1 652802325
3 
2 
2 
3 
2 
2 
1 16005854
1 203358145
2 
2 
1 395101083
2 
3 
2 
1 138701498
2 
3 
1 542603421
2 
1 583649772
1 943098867
3 
2 
3 
2 
3 
1 833124164
2 
1 274554730
2 
1 492655158
1 245908416
1 526446371
1 901423960
3 
1 797976278
3 
2 
1 645480937
1 195537258
2 
3 
2 
1 700959084
1 317943792
2 
1 386111898
3 
3 
1 433600229
1 44641256
1 385192707
1 149965990
2 
1 710258506
1 260682862
1 307403530
3 
1 638259199
1 43823071
1 535737865
2 
1 359145357
3 
1 201419346
2 
2 
1 921530459
1 929971944
1 319818190
2 
1 599084817
1 488205632
2 
2 
3 
3 
3 
2 
3 
1 31030979
3 
2 
1 453473601
1 591353033
3 
2 
3 
3 
1 329643969
1 326860059
2 
3 
3 
2 
1 840746123
2 
2 
2 
3 
1 895552479
3 
3 
3 
2 
1 59827371
1 272945267
3 
2 
1 596962929
1 62904750
3 
1 344500360
3 
1 137391299
2 
3 
3 
2 
2 
2 
1 543909592
3 
1 741094352
2 
1 99108280
2 
2 
2 
3 
1 212432347
3 
2 
2 
1 652998609
2 
2 
1 917171217
1 861040856
2 
3 
3 
2 
2 
1 741636820
3 
1 82881289
3 
1 304645842
1 380588342
2 
2 
2 
1 42943786
3 
3 
1 908757898
2 
3 
3 
3 
1 285214666
2 
1 185001808
2 
3 
1 762785821
3 
2 
2 
1 648370561
3 
2 
3 
2 
2 
1 661913699
1 534870167
3 
2 
1 17546855
2 
2 
1 665600545
1 573570633
3 
1 465271113
1 252987368
3 
1 859892867
3 
3 
1 379543318
1 72871639
3 
3 
1 900580267
1 875063820
2 
2 
1 739239351
2 
1 527725511
1 787610606
1 531111357
2 
3 
3 
3 
1 491029252
3 
1 348612630
3 
2 
3 
3 
3 
2 
1 421040164
2 
3 
3 
3 
2 
3 
2 
2 
3 
2 
2 
1 664791075
2 
3 
1 247029352
3 
1 680209424
3 
2 
1 834344578
3 
1 342722771
1 174730961
1 749030319
2 
1 621590708
3 
2 
2 
1 305354338
1 704491872
2 
3 
3 
1 799763514
2 
3 
1 921876182
1 776793894
1 500708879
3 
1 598963334
3 
2 
3 
3 
2 
3 
3 
3 
1 827010913
2 
2 
1 387817557
3 
1 555479578
2 
2 
2 
1 197086998
3 
2 
1 976243574
3 
1 747299806
1 495760912
3 
3 
1 900708283
2 
3 
1 179886884
3 
3 
1 575444623
2 
1 650392553
2 
3 
1 227092167
2 
3 
1 314839353
1 865161271
1 258557867
3 
3 
2 
2 
3 
1 692229532
1 779896544
3 
1 928649546
3 
2 
1 351283018
1 79032989
3 
3 
3 
3 
3 
1 321619049
2 
2 
1 708869131
2 
2 
3 
3 
2 
2 
1 156644872
2 
3 
3 
3 
2 
1 437977999
1 501452559
2 
2 
1 798627067
3 
3 
3 
2 
2 
3 
1 471894619
2 
2 
1 981709950
3 
3 
3 
1 991555875
2 
1 699513263
3 
1 635880459
3 
3 
3 
1 165403116
2 
3 
2 
2 
1 245730582
3 
3 
3 
2 
1 868368522
3 
2 
1 256825313
3 
2 
3 
1 417773198
3 
2 
2 
1 918210066
2 
2 
3 
1 766974135
3 
1 390468457
1 30934968
2 
2 
2 
2 
3 
3 
2 
1 653008800
1 841450165
2 
3 
2 
1 853843859
1 255097354
3 
1 60310300
1 499616525
3 
3 
3 
3 
2 
2 
2 
3 
3 
