421
1 379001442
2 
1 615570777
2 
1 786377112
1 932565227
3 
2 
1 597868461
2 
1 553770487
3 
2 
3 
2 
2 
2 
3 
3 
3 
1 350816490
3 
1 742664898
3 
1 729334663
1 69528772
3 
3 
2 
3 
2 
1 420352859
1 381998506
2 
3 
2 
3 
2 
1 730420783
3 
1 452694172
2 
1 19117830
3 
2 
1 11057575
2 
1 904489610
2 
1 901654080
2 
1 281384435
3 
1 588311175
1 363412599
3 
3 
2 
2 
1 217778037
3 
1 438761098
2 
2 
1 949911433
2 
2 
2 
2 
3 
3 
1 313144759
1 588382813
2 
1 197697322
3 
3 
1 742888819
2 
3 
2 
3 
2 
1 923704498
2 
2 
2 
1 613476151
3 
2 
2 
1 515738616
1 256934339
1 584292640
1 337686112
3 
3 
3 
3 
2 
2 
3 
2 
2 
2 
3 
3 
2 
2 
3 
3 
3 
1 986888351
1 520215906
2 
3 
3 
3 
2 
3 
3 
1 101496462
3 
1 26322481
3 
1 62882236
1 3210240
1 953693661
1 283695223
2 
1 72024858
3 
3 
2 
2 
3 
2 
3 
3 
3 
3 
3 
1 893402513
2 
3 
2 
1 431330394
2 
3 
2 
3 
1 491616852
1 236128592
2 
1 342155351
1 282614968
1 990746854
2 
2 
2 
3 
2 
3 
2 
3 
2 
2 
2 
2 
2 
2 
1 11543964
1 543341842
3 
3 
2 
1 551284727
2 
1 338001477
2 
1 242496813
3 
1 847353617
3 
1 694592774
1 373776393
2 
2 
3 
3 
2 
1 908443174
1 696914084
1 273517915
3 
3 
3 
2 
1 613511201
3 
2 
2 
2 
2 
3 
1 545345060
1 557679332
2 
1 602073635
3 
1 946187101
1 848078196
1 775828023
2 
1 848660341
3 
2 
2 
1 490554229
2 
3 
3 
1 26613012
3 
1 197902383
2 
3 
1 558858159
2 
2 
3 
2 
3 
1 405067463
2 
3 
3 
1 12674407
2 
1 943126405
3 
1 913211097
3 
2 
2 
1 862609947
3 
1 95291845
1 709669499
2 
2 
1 498996807
2 
3 
2 
2 
2 
2 
1 231213392
3 
2 
2 
1 35670967
2 
3 
1 640356462
2 
2 
2 
3 
3 
3 
3 
2 
1 699371737
1 97621788
1 187051604
1 396450423
2 
1 298127110
2 
3 
3 
1 308170302
3 
3 
3 
1 103910352
3 
3 
3 
2 
3 
1 30223160
2 
3 
1 426947500
1 578946877
1 483248631
2 
1 415914424
3 
1 67704736
1 664697423
1 650561597
1 987634889
1 612652988
2 
1 414014603
2 
2 
3 
3 
2 
1 348928366
1 210055908
2 
3 
2 
3 
2 
3 
1 792939675
1 286619185
1 166116995
2 
3 
2 
2 
3 
3 
2 
2 
1 535301025
2 
2 
3 
1 770858761
1 117263884
3 
3 
2 
1 149654867
1 664328258
2 
3 
1 573647434
2 
3 
3 
2 
2 
3 
1 904580373
3 
1 809369693
1 110729278
1 502719495
2 
1 790007167
2 
1 906211838
1 62751397
3 
1 778483818
3 
1 218019404
2 
1 275176621
2 
1 408431608
3 
2 
2 
1 500597082
3 
3 
2 
3 
3 
2 
1 586068050
2 
2 
3 
2 
2 
1 207596935
2 
1 47710570
2 
2 
3 
3 
3 
1 921467976
3 
1 221309167
3 
2 
3 
2 
3 
3 
2 
1 39400437
2 
2 
1 185578801
1 276796655
1 184359469
2 
1 23905714
2 
2 
2 
2 
1 246114561
3 
2 
2 
