627
2 
2 
3 
2 
3 
1 167747754
1 366828617
1 9531764
3 
1 968959783
1 954594025
3 
1 942188188
2 
1 965058659
2 
2 
1 969746360
1 706470415
3 
1 437260624
2 
2 
3 
1 300166507
3 
2 
1 675922038
3 
3 
3 
3 
1 764698531
2 
1 739267794
3 
1 768961878
3 
2 
3 
1 125366819
2 
3 
3 
2 
2 
1 200065247
1 623030553
2 
2 
3 
3 
3 
1 311864825
2 
1 211168424
1 515047278
1 571807931
1 903723866
1 149883534
3 
3 
2 
3 
3 
2 
3 
3 
3 
3 
1 578801734
3 
2 
3 
2 
2 
2 
3 
3 
3 
3 
3 
1 346570905
1 18076080
2 
1 362195528
3 
2 
3 
1 554156433
2 
2 
1 170722454
1 764547030
3 
1 422898898
1 454325595
1 686637725
2 
2 
1 768330395
1 820556172
1 456108350
1 695692493
1 202139279
1 468181012
1 199945138
2 
2 
2 
3 
1 231758608
2 
3 
3 
2 
3 
3 
2 
1 792373097
3 
1 300384457
3 
3 
3 
1 212848377
3 
2 
3 
3 
2 
1 795090690
1 151271067
3 
3 
1 109609938
2 
2 
2 
3 
3 
3 
2 
1 366133201
2 
2 
1 740721722
3 
1 735890378
2 
3 
1 549149350
3 
2 
1 958776886
2 
1 846580849
1 451163130
2 
3 
2 
1 713353494
3 
2 
1 616550600
2 
1 902255075
1 561632607
1 136074932
1 526397149
3 
3 
1 520744033
3 
3 
2 
1 562102234
1 456501073
3 
3 
3 
1 522551604
3 
1 714595293
3 
3 
3 
3 
2 
2 
3 
2 
1 529804394
3 
1 107299933
2 
3 
2 
3 
1 977463759
1 950260592
3 
1 361867830
2 
3 
3 
3 
2 
1 400570571
3 
1 405559786
2 
1 430296568
2 
1 99728258
1 383926265
3 
3 
2 
1 417201969
1 348385108
1 732887469
1 686939407
1 988747979
3 
3 
2 
3 
1 328935785
3 
1 919457463
3 
1 670086845
1 702649669
3 
1 159465953
1 879710191
3 
2 
3 
2 
3 
1 505758272
3 
2 
1 654011514
1 108788881
2 
1 490185174
3 
1 582116492
3 
3 
1 956225156
2 
1 155211952
3 
1 879472427
2 
3 
3 
3 
3 
3 
1 302090387
3 
3 
3 
2 
1 671398134
1 680795476
1 330743092
2 
3 
1 842109401
1 915476214
1 456288305
2 
3 
3 
2 
1 491070100
3 
2 
1 47752855
2 
2 
1 468475266
2 
1 436206521
3 
1 956181833
1 901022514
3 
3 
3 
3 
3 
2 
1 229733959
1 927959486
2 
2 
2 
3 
2 
2 
3 
1 645899462
3 
3 
2 
2 
1 589394768
2 
1 947926886
1 939089262
1 98779031
2 
2 
2 
2 
1 303843766
1 816736397
1 636178620
3 
2 
1 694811057
1 653902674
3 
2 
3 
3 
2 
1 39565620
3 
2 
1 612520523
3 
3 
1 82594165
2 
1 892675197
3 
1 248757959
2 
3 
2 
1 231020035
2 
2 
2 
3 
2 
3 
3 
2 
2 
3 
3 
3 
3 
1 810640382
1 631358356
3 
1 105091768
1 937205482
1 333711659
2 
3 
1 173498299
1 968227676
3 
2 
2 
3 
1 922092588
1 134606451
1 724026079
1 908285609
2 
1 268707147
1 325151305
1 283607477
1 864544324
2 
3 
3 
2 
1 886570970
1 562773003
1 393261357
3 
2 
2 
2 
1 476404195
1 242123376
1 523379410
1 514957554
3 
3 
3 
3 
2 
1 48096155
2 
1 16847437
2 
3 
3 
3 
3 
2 
2 
2 
2 
1 512057265
3 
1 684176049
2 
2 
3 
2 
2 
1 6664070
1 368718612
3 
2 
2 
1 486985266
3 
3 
3 
1 408785293
3 
2 
1 589283811
1 217371364
2 
2 
2 
1 845216889
2 
1 627059214
3 
3 
3 
1 351003792
3 
1 87383926
1 3436764
1 970816740
2 
2 
3 
2 
3 
3 
1 703525504
2 
1 494179294
1 680655169
3 
3 
2 
1 789643539
2 
2 
3 
3 
1 330669941
1 186038766
3 
1 485947733
1 829529361
2 
2 
2 
3 
3 
2 
3 
3 
1 996242451
2 
2 
1 588773506
1 400486988
3 
1 385988456
1 653721985
2 
3 
2 
2 
3 
3 
2 
1 542369649
3 
3 
2 
2 
1 234471269
2 
1 811166328
1 612224869
2 
2 
2 
3 
1 655199607
2 
2 
3 
1 938354945
2 
2 
2 
3 
2 
3 
1 267790547
1 855333271
2 
3 
2 
2 
2 
3 
2 
2 
1 668764117
1 785307081
3 
3 
2 
3 
1 134700049
1 897668307
3 
1 994507913
2 
3 
1 448865934
2 
1 867878145
2 
2 
3 
2 
3 
3 
1 392416720
3 
1 947711696
3 
3 
2 
1 845640002
2 
2 
3 
2 
2 
1 6479153
3 
1 333801538
2 
2 
3 
1 356549418
2 
2 
2 
3 
2 
1 218448424
2 
1 787289459
1 572705930
1 704888728
3 
1 91016905
1 269985233
1 747522842
2 
3 
2 
1 451094374
3 
3 
2 
1 373932365
1 943051106
2 
2 
2 
1 95180556
3 
1 560290976
3 
2 
2 
2 
2 
2 
3 
1 551235481
3 
2 
1 820403439
2 
2 
3 
2 
3 
3 
3 
1 270244709
1 890097691
2 
3 
2 
1 285164920
3 
