412
3 
1 211132083
3 
3 
2 
3 
2 
1 792032466
3 
2 
1 992979559
2 
3 
1 374124581
2 
2 
1 499817690
2 
3 
3 
3 
1 819641600
1 31616935
2 
1 83278569
3 
3 
3 
1 770009937
1 495462582
1 22659523
3 
2 
3 
2 
2 
3 
3 
1 208192860
1 409917699
2 
3 
2 
3 
3 
2 
1 578378469
2 
3 
1 828709321
1 168751686
1 945646143
3 
1 86515248
2 
2 
3 
1 930375501
2 
3 
1 71609324
1 771692483
2 
1 302504641
3 
1 121074848
3 
2 
3 
1 3317143
1 549183223
1 777744968
3 
1 788191792
3 
1 522475103
2 
3 
1 382301561
1 936542273
2 
1 311668019
1 20217043
3 
3 
3 
3 
3 
1 431742421
1 602127669
2 
1 701458274
3 
1 923201931
3 
3 
1 242306532
2 
2 
3 
2 
3 
1 112618076
1 886386120
2 
3 
3 
2 
1 389850340
1 347384957
1 590602756
2 
2 
1 237337002
2 
2 
3 
2 
1 241051604
3 
3 
3 
1 288707657
1 990354035
2 
3 
3 
3 
1 2373774
1 853233575
1 990427067
2 
3 
1 617968335
2 
3 
2 
2 
2 
1 542107675
1 887972997
1 766318544
3 
2 
2 
1 946733557
2 
2 
1 813640732
3 
1 189164637
3 
1 446136610
3 
2 
2 
3 
1 218440170
2 
2 
3 
1 434846223
1 445254923
2 
3 
1 15662488
2 
3 
1 219792799
3 
2 
3 
3 
1 714059752
1 156666719
2 
2 
3 
1 700437719
3 
2 
3 
3 
2 
2 
3 
1 261621069
3 
1 314964114
2 
3 
2 
2 
3 
1 794374961
2 
1 852708694
1 211343038
3 
3 
3 
2 
1 566851545
2 
1 698665876
3 
1 733703540
1 576906511
2 
1 320639119
3 
2 
3 
2 
1 821217644
2 
3 
1 895678735
2 
3 
3 
3 
3 
2 
1 768672658
3 
2 
2 
3 
2 
3 
3 
1 446993739
1 895859252
3 
3 
1 156849482
2 
2 
3 
2 
2 
2 
1 48966397
3 
2 
1 202964050
1 537251185
1 347315034
1 497306713
2 
2 
3 
2 
3 
1 93619813
1 340977116
3 
1 440705738
1 167997095
3 
1 652615617
3 
1 742458877
1 662475815
1 66138143
2 
3 
1 378669539
3 
3 
2 
2 
3 
2 
2 
2 
2 
1 985189819
3 
3 
3 
3 
1 275406580
3 
2 
2 
3 
1 920307336
3 
1 434769723
2 
3 
1 360543515
3 
3 
3 
1 163959090
3 
2 
2 
3 
3 
1 962206162
3 
1 260021785
1 603656042
3 
3 
1 282492857
1 267192971
2 
1 445854442
2 
1 725523214
2 
2 
2 
1 62798309
2 
1 601918735
3 
1 11322585
3 
1 9508367
3 
1 200180291
3 
1 533308711
1 470894814
1 120860866
2 
3 
2 
3 
3 
3 
3 
3 
2 
2 
2 
3 
3 
1 69612451
2 
3 
3 
2 
1 848934994
1 20078567
3 
1 56672102
1 194319062
3 
2 
3 
3 
1 904696696
3 
2 
1 182729648
1 690861915
1 333502826
2 
3 
3 
1 576287061
3 
2 
1 457655211
3 
3 
2 
3 
2 
1 883082966
1 961845241
1 740847569
3 
2 
1 285003018
3 
1 693740170
1 514683072
1 299941773
2 
1 734450329
3 
1 663050721
3 
3 
3 
1 25750630
2 
1 663805958
3 
2 
2 
1 397681390
3 
3 
1 58001520
3 
3 
3 
3 
1 940842470
2 
1 901986425
2 
2 
