141
3 
2 
2 
1 447544622
1 997282509
3 
1 578367350
1 350841551
1 996626611
2 
1 520463697
3 
2 
2 
1 410716709
3 
3 
1 572994967
3 
1 30915866
1 25366971
3 
1 858136978
1 547495055
2 
3 
2 
2 
1 124772798
1 956451352
2 
1 449800098
3 
1 720586318
3 
2 
1 433142158
2 
2 
2 
3 
2 
1 344784334
1 35994948
1 773664817
1 361972180
1 774715687
2 
3 
2 
2 
3 
2 
1 932567655
1 644660543
1 826202708
1 7123455
1 313760178
1 259520139
3 
3 
2 
2 
1 706387676
1 315266006
3 
2 
3 
3 
2 
2 
3 
1 82081645
3 
2 
3 
1 33151540
3 
2 
3 
3 
1 772866539
1 538770444
1 40187665
3 
2 
2 
2 
2 
3 
1 635160368
2 
1 475351415
1 329365616
1 393205465
3 
3 
2 
2 
3 
3 
3 
1 761170645
1 165910257
2 
2 
2 
1 524122685
1 868558906
1 675777139
2 
3 
2 
3 
2 
1 599561069
1 278760957
3 
2 
3 
1 655980468
2 
1 91173433
1 725210425
3 
1 536892883
1 236966158
2 
1 504622710
3 
2 
3 
1 451798599
3 
1 73031916
2 
1 341094888
2 
3 
1 607834384
1 332281371
