630
2 
1 739352499
1 254751067
1 585573312
2 
2 
3 
3 
2 
3 
2 
2 
1 698154107
2 
3 
1 159265459
2 
3 
1 437025231
1 346831674
3 
2 
2 
1 124831426
3 
2 
1 198352533
1 648848724
1 754040836
2 
1 504471452
1 295161237
3 
1 144040325
1 701659612
3 
2 
1 864761517
2 
3 
1 713567406
3 
1 127658268
3 
2 
3 
1 19995058
1 583023592
2 
1 835914160
3 
1 56623481
1 68694275
2 
2 
3 
2 
2 
3 
1 647382260
1 413701791
1 709677162
3 
2 
2 
1 781822956
2 
3 
1 874657090
2 
2 
2 
3 
2 
3 
1 889892823
3 
1 857511906
3 
1 390950775
2 
1 12898579
2 
2 
2 
1 309059756
3 
1 936333052
2 
3 
1 16170221
1 428926175
3 
1 664645747
1 194632533
2 
2 
1 25766838
2 
3 
2 
3 
3 
2 
2 
1 904637325
1 940051531
2 
2 
1 233180487
2 
2 
2 
3 
2 
1 891596341
2 
3 
3 
2 
1 346311279
3 
2 
1 771917727
1 414182409
2 
2 
3 
1 856192290
1 907853162
3 
1 655715085
3 
2 
2 
3 
1 61977367
2 
1 294344155
3 
2 
1 994494422
2 
2 
2 
3 
2 
1 86985995
3 
3 
3 
2 
2 
3 
2 
1 892015884
3 
2 
3 
3 
3 
2 
3 
3 
2 
3 
1 404340815
1 229316132
1 816073705
3 
1 589204307
2 
1 894447570
3 
3 
1 407061413
1 595798013
2 
1 112523199
3 
3 
1 631933758
2 
1 553457142
1 219438892
3 
1 172199570
1 382288953
2 
1 473284396
1 610898917
3 
3 
1 751369279
1 286857044
1 345039244
2 
1 75354705
1 318998018
3 
2 
1 672989255
3 
2 
1 404350361
2 
1 133677397
3 
1 858441005
3 
1 52835452
3 
3 
3 
3 
2 
1 102217284
1 255616121
1 247484801
1 692094951
2 
2 
1 822952077
2 
2 
3 
2 
2 
3 
3 
3 
3 
2 
2 
1 293325670
1 246158200
1 221075031
2 
3 
2 
2 
1 288184834
3 
2 
1 335151686
1 689503067
2 
3 
2 
1 470123544
2 
1 97730882
3 
2 
2 
2 
2 
3 
2 
1 574817859
3 
2 
2 
3 
2 
1 924203242
3 
3 
1 256739442
3 
2 
3 
3 
2 
2 
3 
2 
1 577140381
2 
1 76403784
2 
1 133612339
3 
2 
2 
3 
2 
1 590928598
1 91621071
3 
3 
3 
3 
2 
1 683428258
3 
2 
3 
3 
1 280907407
3 
1 294771980
1 140505579
3 
2 
3 
1 888823593
3 
2 
1 363816128
2 
3 
3 
1 394909862
2 
2 
1 498433458
2 
2 
3 
1 332026645
1 736756500
3 
1 720480844
2 
2 
3 
3 
1 802805013
1 151683059
2 
3 
3 
3 
2 
1 274815883
3 
1 561352518
2 
3 
1 381039630
2 
2 
2 
2 
1 120525322
1 473473127
3 
1 397021248
2 
3 
1 216055625
2 
1 609498177
2 
1 291657662
1 967275418
1 818618355
1 93604621
3 
1 612471685
2 
1 891189689
2 
1 398772000
2 
1 598904970
3 
1 389236153
1 304381258
1 592183984
3 
2 
3 
1 981515005
2 
1 160280185
3 
1 70400379
2 
1 778561971
2 
3 
2 
3 
2 
1 873692757
3 
1 76276417
2 
3 
3 
3 
2 
2 
2 
2 
2 
1 137413010
2 
2 
3 
1 296921234
3 
2 
2 
1 983894457
2 
1 788730195
3 
3 
2 
3 
1 316394328
3 
2 
3 
3 
2 
3 
3 
1 331546813
2 
1 861720313
1 919991169
3 
2 
1 763012618
2 
2 
3 
2 
1 263256895
2 
1 779741669
3 
3 
1 514832279
1 505746326
1 907374257
1 212593451
1 317801544
2 
1 284914310
1 168219143
2 
3 
1 891093554
1 743049780
2 
1 602768613
1 105388877
1 163576787
1 755641540
2 
1 240837452
1 291494838
3 
1 178649979
1 914025451
1 23749321
3 
2 
2 
1 940411815
2 
2 
3 
1 853178983
1 900026271
1 522055926
2 
3 
2 
1 48178783
1 56400317
1 839259794
2 
3 
3 
2 
1 178999557
1 429343921
3 
1 513077557
2 
2 
3 
3 
3 
1 837094745
3 
2 
2 
2 
3 
2 
2 
3 
2 
3 
1 441034653
1 435541494
1 960344782
1 936996466
3 
2 
1 886093354
2 
1 941850465
2 
3 
3 
2 
2 
1 161437644
3 
2 
1 606480869
1 848922363
2 
1 987317568
3 
2 
2 
3 
1 998922128
1 607801645
3 
2 
2 
3 
2 
3 
3 
1 80619368
2 
2 
3 
2 
3 
2 
1 476306424
2 
3 
1 366149770
2 
2 
2 
2 
1 355035435
2 
2 
3 
2 
3 
2 
3 
1 791606629
2 
3 
1 450119373
3 
1 244333151
1 934744203
2 
1 135391761
2 
1 966745166
1 700202045
1 398505881
1 449828139
1 160662820
2 
2 
1 898732770
2 
2 
2 
1 570931040
1 804587640
3 
3 
3 
1 129335992
3 
2 
3 
2 
2 
2 
2 
2 
2 
1 812250018
2 
2 
1 101838867
1 832216693
2 
2 
3 
1 326671375
1 131882330
3 
3 
2 
1 319010033
3 
2 
1 536113352
2 
1 114251520
1 646048606
3 
1 658842722
1 515443792
2 
1 254817928
1 372212911
2 
1 266046423
3 
1 764369915
2 
1 89023206
3 
1 668037219
1 684511877
2 
