819
3 
1 874338761
1 550059799
1 326060260
3 
1 544433929
2 
3 
1 580141456
2 
1 920060214
2 
1 245758886
2 
1 519844143
2 
1 406564225
2 
2 
1 323906887
1 301681150
1 612788029
2 
2 
3 
3 
3 
1 344257614
2 
1 312234200
1 204909118
3 
1 938835831
3 
2 
1 498987879
2 
2 
2 
3 
2 
3 
1 566377893
3 
3 
1 922254044
1 593877054
3 
1 510074465
2 
2 
1 870055105
2 
2 
3 
1 415318208
2 
1 298766859
3 
3 
1 330847254
1 477065202
2 
2 
1 388649170
2 
1 468049750
1 553080316
2 
1 935904923
1 144550109
2 
3 
2 
1 523567162
3 
1 948110935
3 
1 649932553
2 
1 967244111
3 
3 
3 
1 546122909
3 
1 699218267
1 997182719
2 
3 
3 
2 
2 
1 252449392
1 299640198
1 886573592
2 
3 
3 
2 
2 
2 
2 
1 811564799
1 893311504
2 
2 
3 
3 
2 
2 
1 189854145
1 949634088
2 
1 730647772
3 
2 
1 795998041
2 
3 
2 
3 
3 
2 
1 819574881
2 
3 
1 655931435
1 709661778
3 
2 
1 250063893
2 
1 482067787
3 
1 620411606
3 
2 
3 
1 57446342
2 
3 
1 407871210
1 651938485
1 659859717
3 
1 398385852
3 
1 519616016
3 
1 44160223
3 
1 923471396
3 
2 
1 686210061
3 
2 
1 507178476
2 
1 710496865
1 833628926
3 
2 
1 361017968
3 
3 
3 
2 
2 
1 564878119
2 
1 808882002
1 687270399
3 
1 451298941
1 654562828
1 71312154
2 
2 
3 
3 
3 
2 
3 
2 
2 
3 
3 
2 
1 182961486
1 320543891
2 
2 
1 478349455
2 
1 534903095
2 
2 
2 
2 
3 
2 
3 
2 
1 293075103
1 641304251
3 
3 
1 758128525
2 
3 
3 
2 
1 662325531
2 
3 
3 
3 
3 
3 
2 
3 
2 
3 
1 296846056
2 
2 
3 
1 971060592
2 
1 480495303
3 
1 13736878
1 337456083
2 
3 
2 
1 820159433
2 
2 
2 
2 
2 
1 300261074
3 
3 
1 558736393
3 
1 492316600
3 
3 
1 253616622
2 
2 
1 795711298
1 452337534
3 
3 
2 
1 179631218
3 
2 
1 220775355
1 693040271
1 526405468
2 
3 
1 170916507
1 149526198
2 
3 
2 
3 
3 
2 
2 
1 855425115
2 
3 
1 247577396
2 
1 596804306
1 679520711
3 
2 
2 
3 
2 
1 230324207
3 
3 
1 390106640
2 
2 
3 
2 
1 881573407
1 194116955
1 654121908
3 
2 
2 
3 
3 
1 760839244
2 
2 
2 
2 
2 
1 385072828
3 
3 
1 3081324
1 354640382
2 
3 
2 
2 
3 
1 250821178
3 
2 
1 419748252
2 
3 
1 99941051
2 
3 
3 
3 
3 
3 
3 
2 
2 
2 
2 
1 43942030
1 988118932
1 223458910
3 
2 
3 
2 
1 366571476
3 
2 
3 
3 
1 32032041
2 
2 
1 241250589
2 
1 389995421
3 
1 470176563
3 
1 30896562
3 
2 
3 
2 
2 
2 
3 
2 
2 
2 
2 
1 889104965
1 940957476
2 
1 725571833
2 
2 
3 
2 
1 421868830
2 
3 
2 
2 
3 
2 
2 
2 
1 52298858
2 
2 
3 
1 322506479
1 575725682
1 796268904
2 
1 960782370
3 
3 
2 
1 288667371
2 
3 
3 
2 
2 
3 
3 
1 340613036
3 
2 
1 176774892
1 667623115
2 
3 
2 
2 
2 
3 
3 
1 733105134
3 
2 
1 556256940
2 
1 255164313
1 286344671
2 
1 48154007
3 
3 
1 953117195
1 895384168
2 
1 73131310
1 966122392
1 649689214
3 
2 
1 751835387
3 
1 238755661
3 
3 
3 
1 796164092
1 957163601
2 
3 
1 116052182
3 
2 
1 684222981
1 738662370
3 
2 
3 
2 
2 
1 271461718
2 
1 269226907
1 142154454
3 
1 246125431
3 
3 
3 
1 183852672
2 
2 
3 
1 635810928
3 
2 
2 
1 40604855
3 
3 
3 
1 108749349
2 
3 
2 
3 
1 456360074
3 
1 847222307
3 
2 
2 
3 
1 802158784
2 
3 
3 
2 
3 
3 
3 
2 
2 
3 
3 
1 902418677
3 
3 
3 
2 
1 548402643
2 
3 
2 
1 605390179
3 
3 
3 
2 
2 
3 
3 
1 560912424
3 
1 365700535
3 
3 
1 194850111
3 
3 
2 
3 
1 491522996
1 769752084
2 
1 637763423
3 
1 676796708
3 
1 889228574
1 323169264
1 214155560
1 881086643
1 833797579
2 
2 
3 
3 
2 
1 581025577
2 
1 584332496
2 
3 
1 93044441
3 
3 
1 793718236
2 
1 306317735
2 
2 
1 70574079
2 
2 
2 
2 
3 
3 
2 
1 187723300
1 995058202
3 
3 
1 654791378
1 94347265
1 618869488
2 
3 
3 
2 
1 997701357
3 
1 255240018
3 
3 
1 786287361
2 
1 475343775
3 
3 
3 
3 
3 
3 
2 
2 
1 861019486
1 315881941
1 849511512
2 
1 463428969
3 
1 105610412
3 
1 934797115
3 
2 
2 
1 479309258
2 
3 
1 961362754
3 
3 
2 
1 984934027
1 395451677
1 738265775
3 
2 
2 
3 
2 
3 
2 
2 
1 361703497
3 
1 64948848
3 
3 
3 
1 321740190
3 
3 
3 
1 861427283
2 
3 
3 
3 
3 
1 574851582
1 387969632
2 
2 
3 
1 213281738
2 
1 98714749
1 749319993
2 
1 140079655
3 
3 
2 
3 
2 
2 
2 
1 661663011
2 
2 
3 
2 
2 
3 
3 
3 
2 
2 
1 370273892
2 
2 
3 
3 
2 
1 114873369
1 392333524
2 
3 
3 
2 
3 
2 
2 
3 
2 
2 
1 159629563
3 
3 
1 560637359
1 56447640
2 
2 
3 
3 
1 909243084
1 448694326
2 
1 229453513
1 251180791
3 
1 152583560
3 
3 
2 
3 
2 
3 
2 
1 285325018
2 
3 
1 195725320
2 
2 
1 534902391
1 303646045
3 
2 
2 
3 
1 911584429
3 
2 
3 
1 580054629
3 
2 
1 893540771
3 
3 
3 
2 
3 
3 
3 
3 
2 
1 788009924
2 
3 
3 
2 
1 267527122
1 224434712
1 538625973
2 
1 345740687
3 
2 
1 326726201
3 
3 
1 723326671
2 
1 875342129
1 578775887
3 
2 
1 162393847
3 
1 719609563
3 
2 
2 
3 
2 
1 635083422
3 
2 
2 
2 
2 
2 
2 
1 128135808
3 
1 959618880
2 
1 769381853
2 
2 
2 
1 57563016
2 
1 991751839
2 
1 408357844
3 
2 
2 
1 826653434
3 
3 
1 187103939
1 609782065
1 916143268
3 
3 
1 525018369
3 
1 186240008
1 485765126
2 
2 
3 
2 
1 555019308
2 
1 338666504
1 139181418
2 
3 
3 
1 902706571
