957
1 347406977
2 
2 
3 
2 
1 963775756
2 
1 645472797
3 
3 
2 
1 666321844
3 
1 290706173
3 
3 
1 405511954
1 111809228
2 
3 
2 
3 
2 
3 
1 195187355
3 
2 
1 223943975
1 588323595
3 
1 892925853
2 
1 882150827
2 
2 
3 
1 922111272
1 962611143
2 
2 
2 
2 
3 
2 
3 
1 212548735
1 399742145
3 
1 473480256
2 
1 690680241
1 376487400
3 
1 585438263
2 
1 229424087
2 
3 
1 500070967
2 
1 427078947
3 
3 
2 
1 221183123
3 
3 
3 
1 884669345
3 
2 
1 218610491
1 628141056
2 
3 
1 934475481
3 
2 
1 727198951
1 879344649
2 
2 
3 
2 
3 
2 
1 28906259
1 418101074
2 
3 
1 369722029
1 304892201
1 167550423
2 
1 497292564
3 
1 832396397
1 211716985
2 
1 166575817
2 
3 
3 
1 528531605
2 
2 
3 
2 
1 66522916
1 678667749
1 441320163
3 
1 24476651
3 
1 679294166
1 212082194
2 
2 
3 
3 
1 461642342
1 293412348
2 
3 
1 851138648
2 
2 
1 342723217
3 
1 209113351
1 551955557
3 
3 
3 
1 778518572
1 869202093
3 
3 
1 266719086
3 
3 
3 
3 
3 
1 479423479
2 
3 
2 
2 
2 
3 
1 856674220
2 
3 
3 
2 
2 
3 
2 
2 
3 
3 
3 
3 
2 
2 
1 625636276
1 739265144
1 334362333
2 
3 
1 587453083
2 
3 
2 
3 
1 446206830
3 
1 241751837
2 
3 
1 665017382
3 
2 
2 
3 
3 
1 863840122
1 531944938
3 
2 
1 148154048
1 333976393
2 
3 
2 
2 
1 245069540
1 476121713
2 
3 
2 
1 261749327
2 
3 
3 
3 
1 938488154
2 
2 
2 
1 493792039
1 266446310
3 
2 
3 
2 
1 983079179
3 
3 
3 
2 
1 601749337
2 
1 19388452
1 997565822
3 
3 
2 
3 
2 
3 
3 
2 
1 834575656
2 
1 5289085
2 
1 597420693
1 335998550
3 
2 
2 
3 
3 
2 
2 
3 
3 
1 382372430
3 
3 
1 37631312
2 
1 24931623
1 367364187
1 834359283
3 
2 
3 
3 
3 
2 
1 913894642
3 
1 367587507
2 
3 
1 922006655
3 
3 
3 
3 
3 
1 185195204
2 
2 
3 
3 
1 300380321
3 
1 541250285
2 
3 
3 
2 
1 690268276
2 
2 
2 
1 332169005
3 
1 790972833
3 
2 
1 153407534
3 
1 905788401
1 399754591
3 
3 
1 186387704
3 
3 
3 
1 404819562
2 
2 
1 808085909
3 
2 
1 138187927
3 
1 212042220
3 
3 
3 
3 
3 
1 753208802
3 
3 
1 239757217
3 
2 
2 
2 
1 860754090
1 466518625
1 669149172
3 
1 400442814
2 
2 
1 953476750
1 461981638
1 190776880
1 834149327
3 
1 966070685
1 438497870
2 
1 400603827
2 
2 
1 782796076
1 29643839
3 
1 123778669
1 467826265
1 990448861
3 
2 
1 459151896
2 
1 860427663
3 
1 108549719
2 
2 
1 228260880
1 903378473
2 
2 
3 
2 
3 
3 
2 
1 198414859
3 
2 
3 
1 151283110
2 
2 
2 
3 
2 
1 72911346
2 
1 260379350
1 163892178
1 650132863
3 
2 
3 
2 
2 
1 783985761
2 
3 
2 
3 
2 
1 835850718
3 
2 
3 
3 
1 621968803
2 
3 
1 558035800
2 
1 227575605
1 110144841
1 369026013
1 345646242
1 862287888
2 
3 
1 786197465
3 
3 
2 
2 
2 
3 
1 546479703
2 
1 577110697
1 251551673
3 
2 
2 
3 
1 452583782
1 44170402
3 
3 
1 435170639
2 
3 
1 523559850
2 
1 182391240
3 
3 
3 
2 
3 
1 652987958
2 
1 113841206
3 
2 
3 
2 
2 
2 
3 
1 281118217
1 880731575
2 
3 
2 
3 
3 
1 72301796
3 
1 55626555
2 
3 
3 
1 595005364
1 746552311
2 
2 
1 810661794
1 271295222
3 
3 
2 
2 
2 
1 711241755
3 
2 
1 346882607
2 
1 572320222
2 
1 997636317
3 
3 
2 
2 
1 460425935
3 
2 
1 680649258
1 334467943
2 
2 
2 
3 
1 154895474
1 304160968
2 
1 500630310
2 
1 759467768
1 994387789
1 764275804
2 
2 
3 
3 
1 943634185
2 
3 
2 
3 
1 930456669
3 
3 
2 
2 
3 
1 39502393
3 
2 
3 
2 
2 
2 
3 
1 941150624
3 
3 
1 245133307
3 
3 
2 
3 
1 202345712
3 
1 14291939
2 
2 
2 
3 
1 349922718
2 
2 
3 
2 
3 
2 
3 
1 481542984
3 
3 
3 
1 100115863
3 
1 120040413
2 
3 
3 
1 403252924
1 161230310
1 65400671
3 
2 
1 8871972
1 744512668
2 
3 
1 875742776
1 306467315
1 456260342
2 
1 726552931
3 
2 
2 
3 
1 300278157
3 
1 872315175
1 123705006
3 
3 
1 351752662
2 
3 
2 
2 
2 
2 
1 371458453
2 
3 
1 400879027
2 
1 15475650
1 641638138
1 517487132
1 331176573
3 
3 
1 725850814
1 474330418
2 
3 
1 968685733
3 
3 
1 89567609
2 
2 
3 
1 404307516
1 355021263
1 764022713
2 
1 938822396
3 
3 
2 
1 590876243
3 
2 
3 
1 204391084
3 
2 
3 
3 
3 
2 
3 
3 
2 
2 
2 
2 
1 289912544
3 
3 
1 736350036
3 
3 
3 
2 
2 
2 
2 
1 762321127
1 828325796
2 
2 
3 
3 
3 
1 429697290
3 
1 504595368
3 
2 
3 
2 
3 
1 149874013
2 
2 
3 
3 
3 
2 
1 512238996
1 477377487
2 
2 
2 
2 
1 543603118
1 530047837
3 
2 
3 
2 
1 550584096
3 
2 
2 
3 
2 
1 169310780
2 
2 
2 
3 
3 
2 
2 
2 
1 548981536
2 
2 
2 
3 
1 181612588
3 
3 
2 
1 58906959
2 
2 
2 
1 318828130
3 
1 315012623
1 628598518
1 238888339
2 
2 
3 
1 459022916
2 
1 456964550
3 
1 639889971
3 
3 
1 354256384
3 
2 
1 828673890
2 
2 
1 167870459
3 
2 
2 
3 
2 
3 
2 
3 
3 
3 
3 
1 578017196
2 
3 
2 
1 971458917
3 
1 640269547
1 320758226
3 
1 995988281
1 905842946
2 
3 
2 
2 
1 71905682
1 994009609
3 
3 
3 
3 
3 
1 259214552
2 
3 
3 
2 
1 907415264
2 
2 
1 483324300
2 
1 543069231
1 454144116
1 172403291
1 631081843
1 250346364
3 
1 202114101
3 
2 
2 
2 
3 
1 832565922
3 
1 334910660
2 
2 
3 
2 
2 
3 
2 
2 
2 
1 842753647
1 46983788
1 156158841
3 
1 253800810
1 503805365
1 260845866
3 
1 105590500
3 
1 201378392
2 
1 357613989
1 955648802
2 
1 17562617
2 
1 589384951
2 
3 
3 
1 400812103
2 
1 562846735
1 261012712
3 
3 
3 
1 32527582
2 
2 
1 582585633
3 
1 346256990
3 
2 
2 
1 838991185
3 
3 
2 
2 
3 
3 
3 
1 677920393
2 
2 
3 
3 
3 
3 
1 99830649
3 
1 772606136
3 
2 
1 143355159
2 
3 
2 
1 501265501
1 745242613
2 
1 854325361
3 
1 780937300
1 242519523
3 
3 
3 
2 
2 
3 
2 
2 
1 547121996
3 
1 377892602
3 
1 666752856
2 
1 202307927
2 
3 
1 81413617
2 
3 
1 960198430
1 182287957
1 221341891
1 221228713
3 
3 
1 882756620
1 126517113
1 863722903
3 
1 409331643
3 
3 
2 
1 798936154
1 646153261
1 662247142
1 927314978
1 84316807
3 
1 717441320
2 
3 
3 
2 
3 
2 
3 
2 
1 772144785
3 
2 
1 968163925
2 
3 
3 
1 980136902
2 
1 508564014
1 41983805
1 951216558
2 
1 379086344
1 509039848
2 
2 
2 
1 8310109
2 
3 
3 
2 
3 
1 555239490
1 935560470
1 428144940
2 
3 
2 
3 
2 
1 271171350
2 
3 
2 
3 
3 
3 
