589
2 
3 
1 233800800
3 
2 
2 
1 111490388
1 157162135
3 
3 
2 
1 144073163
2 
2 
3 
3 
3 
1 104930118
3 
3 
2 
1 397412555
2 
3 
2 
2 
2 
3 
3 
2 
3 
3 
2 
1 580866045
3 
1 779053810
1 65201737
3 
1 669759967
3 
2 
3 
1 56097864
1 56956388
3 
3 
2 
3 
1 1125871
2 
3 
3 
3 
2 
3 
2 
2 
1 71943978
2 
2 
2 
2 
2 
2 
1 149328894
3 
2 
2 
3 
1 686192321
3 
2 
1 169692909
3 
2 
1 424759522
1 742542536
1 311995086
3 
3 
2 
1 502393538
2 
3 
3 
1 242570885
1 639059627
2 
2 
3 
1 700287710
1 924979747
3 
1 888801390
1 162589465
1 129372051
1 204244826
2 
1 847789995
2 
2 
3 
3 
3 
1 334201003
1 539413746
1 99426134
3 
1 27494612
1 490069186
3 
1 960665661
3 
3 
1 884515348
1 880523777
3 
2 
2 
1 228821089
1 518913394
2 
2 
2 
2 
3 
3 
1 653039502
2 
3 
3 
1 95056148
2 
2 
3 
2 
1 845435705
1 630240947
3 
1 13682828
3 
3 
3 
2 
3 
2 
3 
2 
1 549612465
2 
2 
3 
2 
2 
3 
1 19800809
1 211546158
2 
2 
2 
2 
2 
2 
2 
3 
3 
1 217762976
2 
2 
3 
3 
3 
2 
3 
2 
3 
1 548212234
3 
1 946828871
1 8952597
1 843911968
1 405516523
3 
3 
3 
1 504696734
3 
1 276117732
2 
2 
2 
2 
3 
3 
3 
2 
2 
1 22977478
1 494163855
3 
1 695391498
2 
2 
1 880504139
3 
2 
2 
3 
2 
1 485134487
1 942733667
2 
2 
2 
1 925889410
2 
3 
3 
3 
2 
3 
2 
3 
2 
2 
1 228212524
3 
2 
2 
1 831345728
1 133951098
2 
2 
2 
2 
1 836445568
2 
1 126230461
3 
1 549706881
3 
2 
3 
1 47327739
2 
2 
2 
3 
1 95823706
1 187815438
1 240242695
2 
1 77092360
3 
2 
1 647966418
2 
3 
3 
1 689193905
3 
2 
1 443489988
3 
1 906282055
3 
1 64519197
1 468800447
3 
2 
1 166142348
1 868909313
3 
3 
1 592648125
3 
2 
2 
2 
3 
2 
2 
1 49079228
3 
1 149508666
3 
1 245394804
2 
2 
2 
1 84609981
1 336608182
3 
1 835408837
1 35567329
3 
1 306019687
3 
1 630610561
3 
3 
3 
3 
3 
3 
1 889350575
1 481947245
3 
2 
3 
3 
3 
1 915602006
1 155811259
2 
2 
2 
1 418540435
2 
2 
1 45505628
1 693796340
1 294813589
3 
3 
1 833030788
2 
2 
3 
2 
2 
1 246730494
3 
3 
2 
2 
1 198371146
3 
1 333617848
1 654404699
2 
2 
3 
3 
1 294843713
1 318791839
2 
3 
1 47260171
1 98341339
1 574030887
2 
3 
1 567342248
2 
3 
1 876407932
3 
2 
1 728682327
3 
2 
2 
3 
3 
3 
1 752455528
3 
2 
3 
1 408631735
2 
1 540754836
2 
1 385506671
3 
3 
2 
3 
2 
2 
2 
3 
1 104866388
1 881634148
1 288438037
1 957575397
2 
2 
1 490118050
1 120721264
3 
3 
1 481891008
2 
3 
1 835860037
1 628901277
1 711298162
3 
3 
3 
1 437162406
2 
3 
2 
2 
2 
3 
1 471183923
1 218640013
2 
1 521610805
1 382392268
2 
3 
1 833681120
2 
3 
1 956940329
2 
2 
1 694964962
2 
3 
3 
1 473468597
1 202557395
1 942282396
3 
3 
1 849923259
2 
3 
2 
1 53996767
1 904295629
2 
3 
2 
2 
2 
3 
2 
1 421058716
3 
1 66641336
3 
1 561242424
1 133455777
2 
3 
2 
3 
1 25540324
2 
2 
1 736584847
2 
2 
2 
1 732873882
3 
1 310867518
1 50937297
1 536193549
3 
2 
2 
2 
3 
2 
1 817462555
2 
1 987013243
2 
3 
3 
1 533575205
1 460181835
3 
2 
1 175362480
3 
3 
1 67032243
2 
1 791954682
3 
1 491773113
2 
1 399280982
3 
1 16306493
3 
1 917636394
1 691414086
3 
1 118140866
2 
3 
1 209526531
3 
1 330010803
3 
2 
3 
3 
1 951412024
3 
2 
3 
1 149709287
3 
1 645532280
3 
3 
2 
1 124086864
2 
3 
1 773551715
1 410274598
2 
2 
1 590800578
2 
1 399517283
3 
2 
1 98206680
3 
1 844936897
2 
3 
2 
2 
1 573562441
2 
1 333921701
1 764227377
1 496933449
1 969983184
3 
1 473108348
1 187874040
3 
1 151010444
1 550772157
2 
3 
3 
1 405016448
1 249873825
2 
3 
3 
3 
3 
1 152565912
2 
2 
2 
2 
3 
1 935317033
2 
1 991105864
1 84780352
3 
2 
3 
3 
1 604312669
1 680300577
3 
3 
3 
1 658265562
3 
2 
3 
2 
2 
1 204290242
2 
2 
1 186569685
1 407242148
