736
3 
1 316799951
2 
2 
2 
2 
1 752595544
3 
2 
3 
3 
2 
3 
1 502272647
3 
3 
1 77397701
3 
1 553941438
1 381391203
2 
3 
1 230232689
3 
1 795299719
3 
2 
2 
1 329113224
2 
2 
1 920622272
1 884152672
2 
3 
1 751218305
2 
3 
2 
3 
3 
3 
1 624746773
3 
1 275772116
3 
1 602194182
2 
3 
3 
2 
1 7776574
3 
3 
3 
2 
1 76943647
3 
3 
1 428512165
1 1193383
3 
3 
2 
3 
1 237728190
1 15098574
2 
3 
1 335746189
1 717531978
2 
2 
3 
1 281460212
3 
1 702813818
2 
1 800137588
3 
2 
2 
1 326398836
3 
2 
1 303203857
3 
2 
3 
3 
1 755772832
3 
3 
3 
3 
2 
2 
1 566724469
1 92750005
2 
2 
3 
1 939629617
1 807724963
2 
2 
1 248018772
1 163486104
3 
2 
2 
3 
2 
3 
2 
1 904583207
3 
1 524737738
1 120421980
3 
3 
1 604395770
3 
3 
3 
2 
2 
3 
1 339384259
2 
3 
1 939065817
3 
2 
2 
3 
3 
1 272626730
1 764351993
1 983367358
3 
3 
2 
1 997302735
2 
1 476104112
3 
2 
2 
1 79044341
1 270636654
2 
2 
3 
3 
1 241583940
2 
1 148964925
1 781158763
3 
1 313362208
3 
1 48143028
1 344053202
3 
1 635005400
2 
3 
2 
2 
2 
2 
3 
2 
3 
1 85989518
2 
1 849485599
3 
3 
3 
1 576497250
1 812187921
1 699589901
3 
3 
1 977241696
3 
3 
2 
1 505667026
1 170053354
1 555996538
2 
2 
2 
2 
3 
3 
2 
2 
2 
3 
2 
1 315217939
1 925335240
2 
3 
3 
3 
3 
2 
2 
3 
1 759581
2 
3 
1 188888841
2 
2 
3 
3 
3 
3 
3 
1 584550056
2 
2 
3 
2 
3 
3 
1 664999719
1 771850287
1 375991408
3 
3 
3 
2 
3 
1 376344980
1 701157709
3 
3 
1 261870170
3 
3 
1 173775582
2 
1 907845889
2 
1 937024929
2 
3 
2 
2 
1 103148950
1 77660936
2 
2 
3 
1 827791304
2 
3 
1 782817843
2 
2 
2 
1 701059144
3 
3 
3 
1 650023302
3 
2 
2 
3 
2 
2 
1 99712269
1 486073528
2 
3 
2 
1 790850201
1 240674119
3 
3 
3 
2 
3 
1 279707358
2 
3 
3 
3 
1 976197945
2 
2 
3 
1 723835288
1 184072732
1 608011415
2 
2 
1 33490058
1 809511473
1 879750190
2 
3 
2 
3 
2 
1 681647436
3 
3 
1 718567858
2 
1 833152665
3 
1 538619444
1 92868623
2 
1 308676356
3 
1 51950389
1 614079963
1 14418232
1 774562834
1 199386023
2 
3 
3 
1 400369599
3 
1 469898781
3 
1 328022832
2 
3 
3 
3 
1 739495349
2 
1 477413260
1 329971964
3 
3 
2 
3 
3 
3 
1 741281456
3 
1 666003838
1 372729769
3 
2 
1 469278903
3 
3 
2 
1 291125369
1 77180046
1 121126483
1 7816904
1 869593050
2 
1 720521779
2 
2 
2 
1 508739280
3 
2 
2 
1 979065953
2 
1 608371967
1 561743805
1 53278917
1 700784537
3 
1 938245854
1 747351326
3 
3 
3 
2 
1 284929889
3 
2 
3 
2 
3 
3 
3 
3 
3 
3 
1 517043456
3 
1 135744033
3 
2 
1 555191269
2 
1 232313395
2 
2 
1 755630969
3 
1 614847177
2 
1 957372480
2 
1 179441848
3 
2 
3 
3 
2 
2 
1 255649526
1 334861506
3 
1 812447842
2 
3 
3 
2 
1 442343175
3 
3 
3 
1 467942840
3 
3 
2 
2 
2 
1 873760653
1 701397332
2 
1 359289833
3 
1 543108645
3 
3 
3 
2 
1 827591037
2 
3 
1 591059869
3 
1 686551587
3 
3 
2 
3 
3 
3 
3 
1 284836386
3 
1 223669072
2 
1 415473509
1 201962124
2 
2 
3 
3 
2 
2 
2 
1 424051732
3 
2 
3 
2 
2 
1 111304963
3 
2 
1 789680151
3 
3 
1 262625177
1 988594886
2 
3 
2 
2 
1 667229517
2 
3 
2 
3 
1 414330954
1 211473051
1 306377571
1 220249083
2 
3 
3 
2 
1 14454964
2 
2 
1 988973725
1 316249043
2 
2 
3 
2 
3 
1 647729581
2 
3 
1 442425151
3 
3 
3 
2 
3 
3 
1 417610193
3 
3 
1 439674320
1 338270158
1 209734515
2 
2 
2 
1 76877516
3 
1 754993048
3 
2 
3 
3 
3 
2 
3 
1 187124137
1 542046435
2 
1 250380134
1 403654846
2 
1 773047019
2 
2 
1 451645103
2 
1 12939036
3 
2 
3 
3 
3 
3 
2 
3 
3 
2 
2 
1 892853237
1 704056532
1 304018156
1 889759539
2 
3 
3 
3 
1 198012902
3 
3 
1 834140799
2 
1 990412598
2 
3 
2 
3 
1 663055017
1 808278515
2 
1 383978200
3 
3 
2 
2 
3 
1 821645476
3 
3 
3 
1 4080107
3 
2 
2 
2 
3 
3 
2 
2 
3 
2 
3 
1 448421281
1 830326332
1 166230409
1 143227533
1 448264525
2 
1 553671880
3 
3 
2 
1 260605501
1 463354049
3 
3 
3 
1 427518618
2 
3 
2 
1 52966868
2 
2 
2 
3 
2 
3 
1 487537129
1 330006175
3 
3 
1 284375736
1 272184957
2 
3 
1 652129834
1 269396957
1 609614322
2 
1 388764259
2 
3 
3 
1 481630243
2 
2 
2 
2 
2 
2 
1 745648757
3 
1 355155135
3 
1 426291699
1 309579512
1 507992028
2 
1 395445705
1 413688523
3 
1 701634380
1 390702788
1 208412013
3 
1 387383437
1 185704313
3 
3 
2 
2 
1 396475791
1 36138267
1 306513182
2 
2 
3 
3 
3 
1 576227242
2 
1 2030850
1 618694827
2 
3 
1 471429356
3 
3 
2 
3 
3 
1 301129716
3 
2 
1 76309003
2 
1 984952889
3 
1 789674069
3 
1 398982122
2 
3 
2 
2 
1 513767306
3 
3 
3 
2 
3 
3 
1 321754590
1 201534902
2 
2 
1 94881991
1 254862403
2 
1 884905719
2 
1 614084585
1 298706964
3 
