545
3 
3 
2 
2 
3 
3 
1 47423013
3 
3 
3 
3 
1 130927862
3 
1 978262820
1 994409344
3 
1 666464050
3 
1 902159837
2 
1 730431277
1 83140296
2 
1 279447979
2 
2 
2 
1 478537867
3 
3 
2 
3 
3 
1 831442116
3 
3 
1 601776886
3 
1 250299773
1 389883784
3 
2 
1 914578021
1 218015996
3 
2 
3 
3 
1 397547174
2 
1 477017889
3 
1 381719925
2 
2 
3 
1 955885460
2 
3 
1 507414636
1 757202699
1 233463611
2 
3 
2 
1 775248998
1 230010074
3 
3 
2 
2 
3 
2 
1 302246169
2 
3 
1 740534867
3 
3 
2 
1 856137613
1 510312498
1 683192427
2 
3 
1 72562510
1 86908941
1 563271683
1 409796616
1 385453939
2 
2 
1 130907818
1 928975076
2 
2 
1 650766822
1 959025942
1 442709095
2 
3 
2 
3 
2 
1 675921845
1 542782089
3 
2 
3 
2 
1 682669412
3 
1 745529493
3 
2 
1 280451195
2 
1 236470946
3 
1 606996183
2 
3 
2 
3 
1 854149949
1 8546757
2 
3 
3 
2 
3 
3 
2 
3 
2 
1 40643553
2 
2 
2 
2 
1 161250718
1 711549947
2 
3 
1 910051913
1 854472695
2 
1 237920864
1 739116330
2 
3 
1 907539792
2 
2 
1 749396834
1 391956937
2 
3 
2 
1 101210815
1 279916559
1 767418709
1 766704425
2 
1 353875795
3 
2 
2 
3 
2 
1 147682265
1 802624736
2 
3 
1 150792429
1 991075248
3 
2 
3 
3 
3 
2 
1 463047315
3 
2 
3 
3 
2 
3 
3 
3 
3 
1 582489217
1 107098833
3 
1 701956799
2 
2 
1 453365330
3 
1 578884124
2 
1 328460164
2 
1 224752186
2 
2 
3 
3 
1 951670999
1 574435785
3 
2 
3 
2 
3 
3 
2 
1 885841072
3 
2 
1 170601716
3 
3 
1 694998271
1 574725367
1 66622493
1 346999324
2 
1 478224566
2 
2 
1 911996115
2 
2 
1 105332613
2 
1 606385175
3 
1 236352664
2 
3 
3 
1 681336254
1 148645433
3 
3 
3 
1 258786549
3 
2 
2 
2 
1 253586333
3 
2 
1 450983321
3 
1 369903019
2 
3 
2 
3 
1 89603872
1 374952956
1 656590674
1 168913336
3 
2 
2 
1 451379456
1 598936687
2 
2 
1 193473366
3 
3 
2 
2 
3 
1 746188192
1 320205567
2 
2 
1 746011421
1 822625055
3 
1 124528656
2 
3 
2 
3 
1 95585107
3 
2 
2 
1 316447724
3 
3 
3 
3 
3 
3 
1 894266516
2 
1 286899286
2 
3 
1 399575933
2 
3 
3 
1 922587239
2 
2 
1 571312508
1 32806843
2 
2 
2 
2 
1 777216397
1 357112378
3 
1 384177304
2 
1 336203659
2 
3 
2 
2 
1 92367847
3 
2 
1 308279960
2 
3 
1 293815510
1 300509844
3 
2 
3 
3 
1 499865028
3 
1 687722380
2 
1 740493249
2 
1 803892352
3 
1 687369048
3 
2 
1 493045800
1 201242743
3 
3 
2 
2 
2 
1 591550678
1 294442345
1 434851565
2 
3 
1 987222309
2 
3 
1 685292420
3 
1 94154987
2 
1 695880710
1 172151442
3 
3 
1 544431623
3 
2 
3 
1 529840623
2 
3 
1 998440207
2 
2 
3 
1 630245946
1 782376587
2 
3 
2 
2 
2 
2 
3 
2 
3 
1 558579714
3 
2 
3 
2 
1 42670075
3 
3 
2 
2 
1 274003053
3 
2 
2 
3 
1 177990689
1 969602727
1 51284100
3 
1 104198575
2 
2 
1 539658200
2 
2 
2 
2 
2 
2 
1 452986704
2 
2 
1 765392674
2 
2 
2 
1 566666815
1 186121060
3 
2 
1 538492122
2 
3 
3 
1 820463830
2 
1 79405382
2 
3 
2 
1 219183780
1 228520196
2 
2 
1 778829440
1 850073592
3 
2 
3 
1 589985857
2 
2 
2 
3 
1 31986019
2 
3 
1 900848439
2 
3 
2 
3 
1 963072129
2 
3 
3 
2 
2 
1 229509969
2 
2 
2 
2 
1 425473819
3 
1 745980692
2 
3 
1 956716803
1 263667792
2 
2 
2 
2 
1 644189806
2 
2 
2 
2 
2 
1 377885145
1 231590684
2 
2 
2 
2 
2 
2 
1 486243289
3 
2 
3 
3 
2 
2 
1 768578298
1 513542755
3 
1 666043782
1 581803859
1 387946570
3 
2 
3 
3 
2 
2 
3 
1 983980819
2 
2 
2 
1 790024749
3 
2 
3 
2 
1 479617940
2 
2 
3 
2 
2 
3 
3 
1 807191006
