649
3 
2 
3 
3 
1 800181348
3 
3 
1 971669728
3 
1 861471280
2 
2 
1 418509070
1 467712180
1 893243938
3 
3 
1 989296332
3 
2 
3 
2 
1 838179822
2 
3 
1 396843065
2 
3 
1 692489410
1 921185917
2 
3 
2 
3 
3 
2 
1 386434541
2 
3 
1 733143162
2 
3 
2 
1 297832101
1 379856019
3 
2 
2 
3 
2 
1 27612603
3 
2 
3 
2 
1 565397430
3 
3 
3 
1 5441794
3 
2 
2 
2 
2 
2 
2 
2 
3 
1 677765846
2 
1 138544971
3 
3 
1 151905949
2 
3 
3 
2 
2 
3 
3 
1 523730713
3 
1 764828607
2 
2 
3 
3 
1 954429079
2 
1 13190815
1 386750889
2 
3 
1 320627841
2 
2 
2 
1 946071964
2 
3 
1 87017628
3 
2 
3 
1 241783991
3 
1 734781349
1 120203862
3 
3 
2 
3 
3 
1 489361900
1 157629020
1 854518203
2 
2 
1 650687157
2 
1 613161572
2 
2 
1 696117804
3 
1 803825741
2 
2 
3 
2 
3 
2 
3 
2 
1 80422985
3 
1 963456931
1 511454253
3 
3 
3 
1 210396296
1 920024595
1 987114743
1 463306510
1 972577935
1 385981932
1 518944664
2 
1 290634592
1 976236539
2 
1 500942437
1 636698870
1 452906852
2 
3 
2 
2 
2 
3 
1 132469061
1 755180069
3 
2 
1 306981724
2 
1 900061962
2 
2 
1 808354187
3 
2 
3 
3 
3 
3 
3 
3 
3 
1 33599062
1 454289996
2 
3 
3 
3 
1 279140517
1 385774167
1 84457616
3 
2 
3 
3 
1 978645156
3 
3 
2 
2 
2 
2 
2 
3 
1 759876155
2 
3 
1 661903265
1 208634120
2 
1 207962739
3 
1 218090466
1 103821831
1 223325773
1 581945793
3 
1 673968112
2 
2 
1 975866535
3 
3 
2 
2 
1 386458318
3 
2 
2 
3 
2 
2 
2 
3 
1 91082383
2 
1 963770961
3 
1 415667814
2 
1 325468100
3 
1 49582014
3 
1 949184976
1 142648257
2 
1 733960803
3 
1 332879943
1 703530577
2 
2 
3 
1 85238359
1 383195634
2 
3 
1 180930542
2 
1 477926183
3 
2 
1 179609107
1 143498590
1 975051960
1 283656018
3 
2 
3 
2 
3 
1 993314245
1 862563143
1 60434067
2 
3 
2 
1 593069870
2 
2 
3 
3 
2 
1 140392920
1 20602183
3 
1 746536513
1 385500504
1 939746015
1 296519455
1 379399816
3 
1 399716464
1 103574546
1 426412068
1 612319692
1 632578237
1 497267159
2 
1 918317301
2 
3 
1 214995960
3 
1 886609868
2 
2 
2 
1 402556901
2 
1 168694827
2 
2 
1 286760832
2 
2 
2 
1 220735212
1 523087232
3 
1 93550228
2 
3 
1 423165611
2 
1 946471150
1 628440013
1 621716646
3 
3 
1 346681268
1 770056019
2 
3 
1 81269547
1 646410532
1 227741710
1 212972009
2 
3 
1 14905463
2 
1 703159465
1 610677767
3 
2 
3 
2 
3 
2 
1 726614965
3 
1 93693490
2 
3 
1 879325066
2 
3 
2 
1 725895434
1 43080317
2 
3 
2 
3 
2 
1 214864428
1 820420407
1 763935726
2 
2 
3 
1 564002702
3 
1 761338975
1 255462728
1 354674916
1 31259325
1 894031310
1 342976679
1 594071051
3 
1 636253045
2 
3 
3 
1 903342011
2 
3 
1 962277055
1 299056594
3 
2 
1 51189604
3 
2 
1 151731542
3 
3 
3 
1 514742767
2 
1 329436675
3 
1 586339827
3 
3 
1 942084828
2 
1 541348530
2 
1 12474
3 
1 355199081
2 
3 
3 
3 
1 909881914
2 
2 
2 
3 
2 
1 103534717
3 
3 
2 
3 
1 738316940
3 
3 
3 
3 
3 
1 262118821
3 
1 179274307
3 
1 580881301
3 
3 
3 
2 
2 
3 
1 599870937
3 
3 
2 
1 129806233
3 
3 
1 147418494
1 482083955
2 
1 990116149
3 
2 
2 
1 234985815
2 
1 552323911
2 
3 
1 623504874
3 
2 
3 
1 177204711
3 
2 
1 337567769
3 
2 
3 
1 361179592
2 
1 27440631
2 
1 587921766
2 
3 
3 
1 738622943
1 342502460
3 
2 
2 
1 523239091
2 
2 
3 
1 270911745
3 
2 
2 
3 
3 
2 
1 22811878
2 
1 838814602
1 622243539
2 
1 550332380
2 
2 
2 
1 865231153
3 
3 
1 25793821
1 824513974
2 
1 311564866
3 
1 74689486
3 
3 
2 
1 850761497
1 798914936
3 
2 
1 469420487
1 103112181
2 
1 593671741
3 
2 
3 
3 
1 463552778
2 
1 999667859
1 343777867
1 972304432
2 
1 155355797
2 
1 45822394
1 42510902
1 923160863
2 
2 
2 
3 
3 
3 
1 789647350
3 
3 
3 
1 911364239
1 372535459
1 189819356
2 
3 
2 
1 451559793
3 
2 
1 58810774
2 
2 
1 271931721
3 
3 
1 257558977
3 
1 461473839
2 
1 205265936
1 219133722
2 
2 
2 
1 32310510
3 
3 
2 
1 431006304
2 
1 203700331
1 538417143
2 
3 
3 
1 778783329
3 
1 907764889
3 
1 277246887
1 459248554
3 
2 
3 
3 
2 
1 192048692
3 
2 
3 
3 
2 
3 
1 630600729
3 
1 545682707
3 
2 
1 310826771
3 
3 
3 
2 
2 
3 
1 662970890
3 
3 
1 452816752
1 774009872
1 368874225
3 
2 
1 978770494
3 
3 
3 
3 
2 
3 
2 
2 
3 
2 
3 
1 952114590
1 548947610
1 777859621
1 134905501
3 
1 624800253
2 
1 75805572
1 174804051
