457
3 
2 
1 257065709
2 
3 
1 422517784
1 53878214
2 
2 
3 
1 451065158
1 783378234
1 253179462
1 234421133
2 
3 
2 
1 588399422
1 206509934
1 741100712
2 
2 
2 
3 
3 
1 257008597
1 821479902
1 204577938
1 48776205
3 
2 
2 
3 
3 
3 
1 849788063
1 338266279
1 740868260
2 
1 288930071
2 
1 423773816
1 506492178
2 
2 
1 7339716
1 184158922
1 939795725
1 942384516
3 
3 
1 564812454
1 105024473
1 998384058
1 593643847
1 58493327
2 
1 322934736
1 692334401
2 
2 
1 58434884
1 647213290
3 
1 140824405
3 
1 253279004
3 
3 
1 792199902
2 
3 
1 509131895
2 
2 
3 
3 
2 
1 456187677
2 
2 
3 
3 
1 86678485
2 
2 
2 
1 981165765
1 206462153
3 
1 117359541
1 203264944
3 
1 427534351
2 
1 184170283
2 
1 743608681
3 
2 
3 
3 
1 184826840
3 
2 
2 
3 
1 528606467
2 
3 
2 
1 929559861
2 
2 
3 
3 
2 
3 
2 
2 
1 804205483
3 
1 323687730
1 334495912
1 351691629
3 
3 
2 
2 
3 
2 
1 354047018
1 250097393
2 
3 
2 
2 
2 
1 97123128
2 
2 
3 
2 
3 
1 497658765
1 899758254
2 
2 
3 
2 
2 
2 
2 
2 
3 
2 
3 
1 738935752
2 
3 
3 
1 962558141
2 
2 
1 400484307
1 418267810
2 
1 673592130
1 32884097
2 
2 
2 
3 
2 
2 
3 
2 
1 530026128
3 
1 619137907
1 497986248
2 
2 
3 
3 
2 
3 
2 
3 
2 
3 
1 684795882
2 
3 
1 101316149
1 676223210
2 
2 
3 
1 312351330
3 
2 
1 656329076
2 
1 770708846
3 
3 
1 609433776
1 112359572
3 
1 797948162
3 
1 178517811
2 
3 
3 
2 
1 265203155
1 29419179
3 
1 967627517
1 635401894
1 349839719
1 292097747
2 
2 
2 
1 222747994
1 524142598
2 
3 
1 812128895
2 
3 
3 
3 
2 
2 
3 
1 553556722
3 
3 
2 
3 
1 312248476
1 370156726
2 
2 
2 
3 
2 
2 
3 
2 
3 
1 844375257
2 
3 
3 
1 820784330
1 665291187
1 24301877
3 
2 
1 786266075
3 
3 
2 
3 
2 
2 
1 214979422
3 
1 958839316
1 529512170
1 381525619
2 
1 47742036
1 355155223
3 
2 
1 149485016
2 
2 
1 465404088
1 553325657
3 
3 
3 
1 649523521
1 446655008
1 316458363
3 
3 
2 
3 
3 
1 871996243
2 
2 
3 
1 419744298
3 
3 
3 
1 339037075
3 
3 
2 
2 
3 
1 813684895
1 361000068
3 
2 
1 583474841
3 
1 114112202
1 35933173
1 929441374
2 
2 
1 9586481
3 
3 
1 853142782
1 989869174
2 
1 374106396
1 817800592
2 
2 
1 836123793
1 246108696
3 
1 105591720
3 
1 975669526
1 319635743
1 538112862
2 
3 
1 612766134
2 
2 
2 
2 
1 378654972
1 79953044
3 
1 685028950
2 
1 712593127
3 
2 
2 
3 
1 738820640
2 
1 639576027
3 
2 
2 
1 970855370
1 809260578
1 654597258
3 
1 52082043
2 
2 
2 
3 
2 
2 
3 
3 
2 
3 
1 569240114
2 
2 
3 
3 
3 
1 195837207
3 
3 
2 
1 981288378
3 
2 
2 
1 166401799
1 58339608
2 
3 
3 
2 
2 
1 221699018
1 222265134
2 
3 
1 506761966
3 
3 
1 584378126
2 
2 
1 280797278
3 
2 
1 619948614
2 
3 
2 
1 76380644
1 652595043
3 
2 
2 
3 
2 
3 
3 
3 
3 
2 
2 
1 324505239
3 
2 
3 
3 
1 844329850
3 
3 
2 
1 284770467
2 
1 718460089
3 
3 
2 
1 4450073
2 
3 
1 992823474
2 
1 508445794
1 889848984
1 551831540
2 
2 
1 124250604
2 
1 983389260
