454
1 408090573
1 562803701
1 520797895
1 630805029
3 
3 
2 
3 
2 
2 
2 
2 
1 215422988
1 499573579
3 
3 
1 260948953
2 
2 
2 
1 830540996
3 
3 
3 
3 
2 
2 
1 179410274
2 
1 706228554
2 
3 
1 621837087
2 
3 
3 
3 
3 
3 
1 120021905
1 605304966
2 
1 589752015
1 261979682
1 438167953
2 
2 
1 287977939
3 
2 
3 
3 
3 
3 
2 
3 
1 440073331
1 961190158
1 161516214
2 
3 
3 
2 
3 
2 
3 
2 
3 
3 
1 829382868
3 
2 
2 
2 
1 297705777
3 
1 978248668
1 608500985
1 993714614
1 809665708
3 
1 86688522
2 
1 469469480
1 884479482
2 
2 
1 478948098
2 
3 
3 
2 
3 
1 572920921
1 160519788
1 589634616
1 441342058
2 
3 
2 
1 848217413
2 
2 
1 495199134
2 
3 
2 
1 797389552
3 
3 
1 182521453
2 
1 784515043
3 
3 
1 959264333
2 
3 
2 
2 
3 
1 920465374
2 
3 
1 791196676
3 
3 
2 
3 
1 232346258
2 
2 
1 906408675
1 619020724
2 
1 549991448
3 
3 
3 
1 955016623
1 440478383
3 
1 755810317
2 
1 754124031
2 
1 583314942
3 
2 
2 
2 
2 
2 
2 
1 63931319
1 455570139
3 
3 
1 352988043
1 211073860
3 
2 
1 268690020
1 331898810
2 
1 860176655
3 
2 
2 
3 
2 
1 931332412
3 
3 
1 995205487
2 
3 
2 
3 
2 
1 34771860
1 987201128
1 372157204
2 
2 
3 
2 
2 
1 474920068
3 
2 
3 
1 926786363
1 400546684
2 
2 
3 
3 
1 137079485
1 397275854
2 
3 
2 
3 
1 2935531
2 
1 994035951
1 681860296
3 
2 
1 297362449
3 
1 92151312
1 250383409
2 
1 783138188
3 
2 
2 
1 286353199
3 
1 940390111
1 331390001
1 209009033
1 439266341
1 795432126
3 
1 572676819
2 
3 
1 177088022
3 
3 
1 995670855
3 
3 
1 999417218
2 
3 
3 
1 850057310
1 809302939
2 
3 
3 
2 
2 
2 
3 
3 
2 
1 225854
2 
1 491762813
3 
1 956372293
1 158661885
2 
2 
3 
3 
2 
3 
3 
1 455492594
3 
1 705734921
2 
1 622567918
2 
3 
2 
3 
3 
3 
2 
2 
2 
1 120988338
3 
1 961913602
2 
3 
3 
1 686533552
1 662037510
1 674876639
2 
2 
2 
2 
1 566670513
2 
3 
2 
1 839936610
1 179025622
2 
1 353508908
1 501699372
1 258831441
1 146587793
2 
3 
3 
3 
1 251806814
1 862891438
3 
3 
1 47888384
1 668951277
3 
2 
2 
1 351642043
2 
1 711477736
1 258524651
3 
1 918480119
3 
3 
1 849882944
2 
2 
2 
2 
2 
2 
1 458290524
1 313753944
2 
3 
2 
1 735632732
3 
2 
1 962743606
1 172519724
3 
1 473268181
2 
2 
3 
3 
3 
1 576490867
1 858284786
3 
3 
1 654906195
2 
1 355968160
2 
3 
2 
2 
1 582484776
2 
2 
2 
3 
3 
2 
3 
1 446041199
3 
3 
2 
1 230172905
1 780729172
2 
1 702072213
3 
2 
1 641836045
1 683011779
3 
1 268484554
2 
2 
1 68765625
3 
1 109723882
1 533718894
3 
2 
3 
1 597947648
3 
1 471845262
3 
2 
3 
2 
2 
2 
1 384356399
1 835998758
3 
2 
3 
2 
2 
2 
2 
1 275432341
2 
1 475298496
2 
3 
3 
2 
1 15139918
2 
2 
3 
3 
1 757991686
2 
2 
3 
3 
1 991822490
1 137865799
2 
2 
1 133814936
1 423731054
2 
3 
1 121603600
3 
1 780753188
3 
3 
2 
1 398040506
2 
3 
3 
3 
1 955686057
3 
2 
1 228595043
1 162323012
2 
1 303280015
2 
3 
1 401718409
3 
