514
1 13886020
3 
3 
3 
3 
3 
1 734213135
3 
2 
1 902325312
3 
3 
3 
1 415728475
2 
3 
1 913188564
2 
2 
3 
2 
3 
3 
3 
1 367150638
2 
3 
3 
1 295230522
1 238154952
3 
3 
2 
2 
3 
2 
3 
3 
3 
1 693459506
2 
3 
2 
1 806198871
3 
2 
3 
2 
3 
2 
2 
3 
2 
3 
1 586057433
1 683247781
1 238237905
2 
1 507828078
2 
3 
2 
3 
1 140745177
3 
2 
2 
1 899647845
3 
3 
2 
1 127242397
3 
3 
2 
3 
3 
2 
2 
1 649708397
2 
3 
3 
1 559657178
1 108283621
1 106983920
3 
1 649645004
1 257588188
1 208736288
3 
1 74700446
2 
1 433389505
3 
1 547044081
1 905514358
2 
2 
2 
2 
3 
1 576725779
2 
3 
2 
2 
3 
3 
2 
1 729570349
3 
2 
1 434364766
1 247889909
3 
3 
1 560651859
3 
3 
2 
3 
2 
3 
3 
2 
2 
2 
2 
3 
2 
2 
3 
1 570908404
1 573524841
1 710301445
2 
2 
1 935259285
2 
3 
3 
2 
1 321178499
1 158858481
2 
1 893371147
1 106820737
3 
3 
3 
2 
3 
1 854872154
1 852722330
2 
1 830888316
2 
1 298111870
1 447435048
2 
3 
2 
1 895795936
1 669246729
1 662035183
1 154667277
1 890720877
1 898718497
3 
3 
2 
1 360227573
1 775667019
2 
1 936825262
1 341215335
3 
1 821142227
2 
1 462063308
2 
2 
2 
3 
2 
3 
1 525225723
1 465048867
2 
3 
3 
3 
2 
2 
2 
1 684711734
1 330150756
1 972449195
2 
3 
2 
1 902016729
3 
2 
1 534102372
1 945423085
2 
3 
1 467630714
2 
3 
1 757567916
3 
1 56118618
3 
1 539677871
3 
1 496581072
2 
3 
3 
1 148773470
3 
1 443221601
2 
3 
2 
2 
3 
3 
2 
3 
1 94297429
1 662286972
2 
3 
1 402394086
1 500201908
1 49363515
2 
2 
2 
2 
3 
3 
3 
2 
2 
3 
2 
2 
1 873538285
3 
3 
3 
2 
3 
3 
2 
1 24563264
2 
2 
3 
3 
2 
3 
2 
2 
1 545243557
1 557923544
1 587765083
2 
3 
3 
1 276866230
2 
3 
2 
2 
2 
1 86609531
2 
2 
2 
2 
2 
1 722354635
1 440584163
3 
3 
3 
3 
3 
1 377321859
1 98764908
3 
1 709578551
3 
3 
2 
3 
2 
3 
1 144176658
3 
3 
3 
2 
2 
2 
1 761438661
2 
3 
2 
3 
1 592590951
1 78231782
1 89445899
1 707767068
2 
3 
2 
1 271410011
2 
1 787411589
2 
2 
1 332095210
2 
3 
2 
3 
1 864374738
2 
1 956179881
1 146311688
2 
3 
2 
2 
2 
1 866036102
1 80975825
1 30613383
1 200020063
1 688418506
1 484632815
3 
3 
2 
2 
3 
1 787695158
1 777388646
3 
2 
3 
2 
1 505247646
2 
2 
1 169479826
3 
1 868053421
1 880449434
1 192887526
3 
1 230493026
2 
3 
1 816548358
1 247090865
3 
1 554196982
1 852477312
1 98446838
2 
2 
3 
1 577287314
1 89362710
2 
3 
1 66752029
3 
1 388919135
3 
2 
3 
3 
3 
2 
3 
2 
1 466460411
2 
3 
1 336190043
3 
3 
3 
3 
3 
1 770682948
2 
1 439214195
2 
3 
1 357858835
1 75243612
2 
2 
1 4891321
2 
1 80740373
3 
1 566341380
1 224006893
2 
3 
1 730277867
2 
2 
1 896952991
3 
1 128129357
2 
2 
2 
1 613953848
1 457053553
1 675371058
1 956222765
1 643845120
2 
1 8709244
1 990432197
2 
3 
3 
1 61490794
3 
3 
2 
1 715558810
3 
1 141205831
3 
2 
1 816544676
2 
1 80606615
3 
2 
1 612841831
1 747240623
2 
3 
3 
2 
2 
2 
2 
2 
3 
2 
3 
2 
3 
1 783315647
1 371366116
1 994342799
1 756531484
2 
2 
2 
3 
1 647447772
3 
3 
1 140853606
2 
3 
1 571111398
1 752653646
3 
2 
3 
1 163811235
2 
1 37274229
3 
3 
2 
1 26482739
3 
2 
3 
1 610356015
3 
1 192562531
3 
1 449203992
2 
3 
2 
1 646230869
1 643113881
3 
2 
3 
1 494030100
1 589778178
