749
2 
1 845388829
2 
2 
2 
2 
1 619374104
2 
3 
2 
1 755295848
1 175899114
1 663056247
1 724749146
3 
2 
2 
2 
1 266721342
1 317777064
3 
3 
3 
3 
2 
2 
1 523112440
3 
1 320076889
1 642128211
2 
2 
2 
3 
3 
3 
1 207366370
2 
3 
3 
3 
3 
1 218192904
3 
3 
2 
2 
1 437421409
1 264166217
2 
3 
1 462317494
1 237354221
2 
3 
1 470764513
2 
1 759965300
1 753284779
1 229499691
3 
2 
3 
3 
3 
2 
3 
3 
1 847871544
3 
2 
2 
3 
1 997765115
3 
3 
2 
1 348203217
2 
1 692707041
2 
3 
3 
2 
2 
2 
2 
3 
3 
2 
1 309998940
1 444540308
1 45211038
3 
3 
3 
1 289794828
3 
3 
3 
1 269154906
1 495879911
1 744100530
3 
2 
1 44507563
3 
1 654450813
3 
3 
3 
1 658034126
1 115232178
3 
3 
1 276646059
1 254509418
3 
3 
1 175024626
1 790861451
3 
1 71356329
3 
2 
2 
2 
3 
1 595711063
3 
3 
1 660215772
2 
1 950074715
2 
3 
1 317736979
1 147492814
3 
1 13397644
1 75730617
3 
2 
2 
3 
3 
2 
2 
1 922596748
1 924874663
1 898064469
3 
3 
1 443192964
2 
2 
2 
1 342786584
1 868670133
2 
3 
3 
1 359336548
1 483930067
3 
1 401809864
3 
3 
1 259742709
3 
1 788761108
3 
1 993081826
2 
2 
1 47600404
3 
2 
3 
2 
1 473827404
1 74439897
2 
1 290134196
3 
3 
1 776871753
2 
3 
3 
3 
3 
2 
1 254041508
3 
2 
3 
3 
2 
3 
3 
3 
1 565402037
1 457559325
2 
3 
2 
3 
3 
1 618514098
3 
3 
1 360236739
3 
1 638865547
2 
2 
2 
1 42077476
1 812435092
3 
1 98235932
3 
3 
2 
1 583707323
3 
3 
1 622500829
1 705193417
1 880351054
1 323319206
1 857850413
3 
3 
3 
2 
2 
2 
2 
3 
1 345881398
2 
3 
2 
3 
3 
2 
3 
2 
1 327578843
3 
3 
2 
3 
2 
1 830266953
1 306317069
2 
3 
3 
3 
1 578393690
2 
1 728596822
3 
1 505762481
1 891090134
2 
3 
3 
2 
1 744696135
2 
1 766753849
1 135387206
2 
3 
3 
2 
3 
1 815830644
1 759898131
3 
2 
3 
3 
1 520057353
3 
2 
1 159727241
2 
1 301968175
2 
2 
2 
1 214490214
3 
2 
1 597494811
1 798573339
2 
1 556530033
2 
2 
3 
3 
1 149982242
1 934347215
3 
3 
3 
2 
2 
1 18912595
2 
2 
3 
2 
2 
3 
2 
3 
2 
2 
3 
1 627076379
2 
3 
1 351934116
2 
3 
1 49010193
3 
1 239897429
1 324124110
2 
3 
1 698756219
3 
2 
3 
1 863276554
1 651051707
1 172152357
1 811189339
3 
1 802565610
1 450508694
1 799372037
3 
2 
1 913633455
1 651263393
1 393144643
1 364810076
3 
3 
3 
1 747722969
3 
2 
3 
3 
3 
2 
2 
2 
1 332950137
2 
1 966706122
1 42364398
1 858008171
1 547301508
2 
2 
3 
3 
3 
2 
3 
1 771414881
1 119943848
1 963574705
2 
2 
2 
1 938854268
1 336929666
2 
1 665307448
3 
1 565571476
1 979294949
2 
1 850530846
3 
1 588173635
1 234351291
3 
3 
3 
1 465639466
1 676582500
3 
3 
1 703151849
2 
2 
3 
1 608100977
2 
1 290430724
1 949684603
1 444080184
1 193467863
1 471392809
3 
2 
1 967782055
2 
1 117589037
2 
2 
2 
3 
2 
1 512141062
1 523217593
3 
2 
1 894306899
1 999647188
3 
3 
1 992709152
3 
3 
1 685852050
2 
3 
2 
1 441624623
1 959626318
2 
1 551139933
2 
2 
2 
1 878666284
3 
2 
2 
3 
2 
3 
3 
1 360095632
1 391633679
2 
3 
1 323234473
3 
1 844994763
1 511041678
3 
3 
3 
1 137435830
3 
3 
2 
3 
3 
3 
3 
2 
2 
1 322854149
2 
2 
3 
2 
2 
1 515493957
3 
2 
1 517149927
1 309238008
2 
3 
1 408248278
1 181723585
1 155967650
1 218667403
1 269321857
1 775962229
3 
1 683037712
1 356554849
2 
2 
2 
1 498077018
1 492775935
1 601347269
1 172441155
1 739016744
2 
2 
1 481687700
3 
2 
2 
2 
1 110886539
3 
2 
2 
2 
1 384401753
3 
1 646941298
2 
2 
3 
1 631532043
1 37097213
3 
2 
2 
2 
1 728394696
1 731295706
2 
3 
1 45626514
2 
3 
1 419973528
2 
2 
1 801401945
3 
2 
3 
2 
1 535607309
3 
1 973720308
2 
1 52347246
1 854265966
1 95422308
1 347667902
2 
2 
1 231580208
3 
1 708746025
3 
3 
3 
3 
2 
1 523037468
3 
1 17785252
1 162700689
1 979254949
2 
3 
1 93018555
1 728291312
3 
3 
2 
3 
3 
1 413542200
1 678896372
2 
3 
2 
2 
1 398295667
3 
3 
2 
2 
3 
1 556160172
3 
3 
3 
2 
3 
2 
1 500527551
2 
1 330128115
1 323262914
3 
2 
2 
2 
1 930554960
2 
2 
3 
1 512045945
1 848881465
3 
3 
3 
3 
2 
1 966394374
1 508488025
3 
3 
3 
1 198258306
1 905141666
3 
2 
2 
2 
2 
3 
2 
1 273092509
1 759711026
1 273542340
3 
2 
3 
2 
1 698891434
1 327556031
1 475729450
3 
2 
2 
3 
2 
1 659073891
2 
2 
3 
2 
1 168376272
2 
3 
1 817064270
3 
2 
3 
1 172195159
1 483304889
3 
1 79030080
2 
3 
2 
1 540064212
3 
1 728762278
1 844275532
3 
1 157498011
2 
1 481662680
1 942922273
2 
2 
2 
1 888496352
1 972531720
1 959113624
3 
3 
2 
1 298714489
3 
3 
2 
1 5612557
2 
1 223658052
2 
3 
2 
3 
3 
3 
2 
1 970901001
3 
3 
3 
1 530056888
2 
3 
3 
2 
1 857851159
1 218502824
3 
2 
1 408090561
3 
2 
3 
3 
1 246058792
3 
1 339140954
2 
1 773484306
3 
1 700505249
2 
3 
2 
2 
1 389516187
3 
2 
2 
2 
2 
3 
1 277021032
2 
2 
3 
2 
3 
3 
3 
3 
3 
2 
2 
2 
3 
1 82204912
2 
