600
2 
3 
3 
2 
1 181890723
3 
2 
3 
3 
1 673597556
1 529766041
2 
1 805418754
2 
2 
2 
1 648162935
2 
1 337721601
2 
1 189908952
1 745854215
2 
3 
1 527454526
3 
1 905195228
3 
3 
1 708624369
1 253408745
1 286068438
1 657895620
2 
1 214630619
2 
3 
2 
1 126502872
2 
1 677123182
2 
2 
1 433455269
1 303595531
1 951032450
3 
3 
3 
1 267761907
2 
1 778114893
3 
2 
2 
3 
1 890103872
1 248326990
1 42782146
1 545073956
3 
3 
2 
3 
2 
2 
3 
2 
2 
3 
1 218812400
2 
1 254204332
3 
3 
2 
1 35020021
3 
2 
3 
2 
1 475843043
3 
1 691439922
1 98894644
1 947027400
2 
1 259929996
1 680002297
2 
3 
2 
2 
1 10886085
1 695419987
2 
3 
2 
2 
2 
1 353105850
1 800505946
3 
2 
1 949301637
3 
1 625247269
1 670893669
2 
1 913684050
1 980927480
1 717697949
3 
3 
2 
3 
1 658899985
2 
2 
1 131449519
1 723141499
1 649043859
2 
1 503527096
1 660094287
1 495452969
3 
1 521371259
3 
2 
3 
1 229742358
2 
2 
1 90450527
2 
2 
2 
2 
1 632012107
1 539072701
1 389484385
1 727294131
1 38942934
2 
2 
3 
2 
3 
2 
1 29439240
3 
1 522946494
3 
1 691654560
2 
2 
3 
3 
2 
3 
1 596896684
2 
2 
2 
3 
2 
3 
2 
3 
1 409388372
1 218556090
2 
2 
2 
3 
3 
2 
3 
2 
3 
1 681137020
2 
1 823221205
2 
2 
3 
1 956831141
2 
2 
2 
3 
1 181732925
1 528931956
1 208602087
3 
1 873823555
3 
1 925564929
2 
3 
1 726999285
1 15637831
2 
3 
3 
2 
3 
3 
2 
2 
2 
1 286789535
3 
2 
3 
2 
3 
1 985554290
2 
3 
3 
1 736333845
1 319366162
2 
1 623393730
1 144448291
3 
3 
1 671362976
1 799164401
3 
1 465417253
3 
2 
3 
1 244834740
1 348221621
3 
1 519602097
3 
3 
1 505848614
3 
1 692512614
2 
3 
3 
1 871192078
3 
3 
3 
1 567502815
1 318559606
2 
3 
3 
1 469004403
3 
3 
1 421316670
1 958790921
1 480764668
1 97516658
2 
1 137882884
3 
3 
2 
2 
2 
2 
2 
2 
3 
3 
2 
1 515964027
2 
3 
1 203902737
1 736647908
1 994461755
2 
2 
1 243676515
1 722334048
2 
2 
3 
3 
2 
2 
1 553346726
2 
1 90822002
3 
3 
3 
2 
1 328312051
3 
3 
3 
2 
2 
1 492990575
3 
1 518534729
3 
1 855257173
3 
1 267846446
1 812047464
2 
1 128831188
2 
2 
2 
1 489483157
3 
3 
3 
1 537412393
1 871962050
2 
1 793135927
2 
1 202955658
1 967546812
3 
1 371543125
1 827742672
3 
1 571697355
1 525178553
3 
2 
2 
2 
1 326981770
2 
2 
3 
3 
1 490555105
2 
3 
2 
1 579493269
2 
1 588627340
1 22585497
1 130708406
1 461338790
1 334871608
2 
3 
2 
1 336626878
1 247973974
2 
3 
3 
2 
3 
2 
1 326696077
3 
1 524812056
2 
2 
1 292116105
2 
2 
1 755554409
3 
2 
3 
1 380377730
1 577341509
1 963104571
2 
3 
1 61183076
3 
3 
1 563117937
3 
1 282189156
1 776680350
1 882473626
1 132476973
3 
2 
3 
2 
1 440446964
2 
3 
3 
3 
3 
2 
2 
2 
1 895582507
2 
3 
2 
3 
1 412849502
1 686891022
3 
2 
3 
3 
3 
2 
3 
1 749566541
3 
1 886969369
2 
1 553328115
1 633617003
3 
3 
1 389370007
2 
1 723077817
2 
3 
2 
2 
3 
3 
3 
1 541592966
1 748158761
2 
2 
3 
2 
3 
3 
2 
3 
1 281890730
2 
1 276388233
2 
2 
3 
1 424686348
3 
1 276410271
1 499665657
3 
1 108823891
3 
3 
3 
2 
2 
1 160203431
3 
2 
1 296900685
1 728486221
1 953922901
1 995870675
3 
1 617183824
1 529056354
1 59762724
3 
1 48500760
3 
2 
3 
1 852240713
3 
2 
2 
1 32086348
1 527768988
1 247015906
3 
3 
3 
2 
3 
2 
2 
1 235998952
3 
3 
3 
2 
1 396468675
3 
2 
3 
3 
1 304901784
2 
2 
1 197474325
3 
3 
2 
3 
2 
1 72902108
2 
3 
3 
3 
2 
3 
1 192663467
3 
3 
1 587509489
2 
2 
1 621328318
2 
1 492828531
2 
1 385450885
2 
2 
3 
1 622358280
3 
2 
1 95123324
1 7821107
2 
2 
1 440280259
1 331097162
1 545791177
3 
1 101868118
2 
2 
2 
3 
3 
1 285096230
3 
2 
2 
3 
3 
1 248945477
1 561226211
2 
2 
2 
1 910467905
1 839400435
3 
3 
3 
3 
2 
3 
2 
1 771419746
3 
1 124694952
1 526906152
1 311462401
3 
2 
2 
1 384239535
1 894950904
2 
2 
3 
1 292866112
1 232690451
3 
3 
3 
2 
1 435987926
1 225488240
1 248393721
3 
2 
2 
3 
1 995502068
1 155215722
