343
1 89256627
2 
2 
2 
1 651396383
3 
1 602649011
1 649484735
3 
3 
3 
1 844555817
3 
1 312554463
3 
3 
3 
3 
3 
1 371227783
3 
2 
2 
2 
3 
1 465696878
2 
2 
3 
3 
3 
2 
3 
3 
3 
2 
2 
3 
2 
1 747906868
2 
3 
2 
2 
2 
1 696437241
1 553999273
1 54525846
3 
1 611380459
2 
2 
2 
2 
3 
1 452593419
3 
3 
2 
2 
3 
1 302439094
1 487174125
2 
2 
1 204671008
1 828783413
2 
1 468452084
1 612629012
3 
1 815923171
3 
1 326958129
3 
2 
2 
1 337570941
3 
1 422073929
3 
2 
1 310153493
3 
3 
2 
3 
2 
3 
1 23610246
3 
1 244256468
1 339040342
2 
2 
1 814785488
2 
1 110210520
1 798166047
1 92667204
3 
2 
3 
3 
2 
3 
1 860936097
1 623399695
1 326954951
3 
1 967790188
2 
3 
3 
3 
2 
1 622996749
2 
1 55737343
1 534679629
1 387559659
1 979272990
3 
2 
1 77335600
2 
1 960801721
1 664656340
2 
2 
1 193839258
2 
1 671489662
1 506799328
2 
1 396101203
3 
1 101622853
2 
1 566932260
2 
3 
1 979926954
2 
3 
2 
2 
1 664619160
1 442186850
2 
2 
2 
1 368982763
1 668707117
1 840187936
3 
2 
1 619852766
2 
1 455339629
3 
2 
1 189671275
3 
3 
3 
3 
3 
3 
2 
3 
3 
2 
3 
2 
2 
2 
3 
3 
1 117537824
1 708315445
2 
3 
1 889934481
3 
1 341634825
1 291796914
2 
3 
1 733897418
2 
3 
1 592292903
1 584713223
1 182629446
1 867176642
1 614652199
2 
3 
3 
3 
2 
2 
2 
3 
3 
1 469225350
2 
2 
2 
3 
3 
3 
2 
3 
1 534368884
3 
1 156366357
3 
2 
1 177033027
2 
1 411548622
3 
3 
2 
3 
2 
1 294130107
2 
1 446987969
1 384015125
3 
2 
1 712615844
1 756439728
2 
2 
2 
2 
2 
3 
3 
3 
2 
2 
3 
2 
3 
2 
1 966333744
2 
3 
1 290045585
1 184057969
1 292832154
1 77643391
1 865293561
1 610605396
3 
1 511323946
2 
1 596166534
2 
3 
1 374782409
3 
3 
3 
2 
2 
1 520073325
1 700485949
3 
1 346804354
1 153836607
3 
2 
2 
1 505831014
3 
3 
2 
1 745909596
2 
2 
3 
1 643129143
3 
2 
2 
1 39234914
3 
3 
2 
3 
2 
1 856266780
1 884409532
3 
2 
1 966772022
2 
3 
2 
3 
3 
3 
1 340417884
3 
3 
3 
1 156900966
1 443862095
1 558425372
2 
1 824854730
3 
1 115703806
3 
2 
1 274765157
2 
2 
1 971406889
1 768224700
3 
2 
2 
1 89786803
1 450509749
2 
2 
3 
2 
2 
3 
1 757540971
3 
2 
3 
2 
3 
